-- Estrutura: nome,email,data_nascimento,idade,id
Max Verstappen,Kieth_Clark2321@zorer.org,2000-05-12 18:26:30,41,1
Andrea Bailey,Andrea_Bailey3082@corti.com,1887-06-15 03:10:50,29,2
Bernadette Lee,Bernadette_Lee4410@hourpy.biz,1843-09-27 07:22:03,56,3
Anthony Leigh,Anthony_Leigh1917@eirey.tech,1955-09-27 20:28:30,61,4
Chad Pierce,Chad_Pierce480@eirey.tech,2002-11-20 22:15:09,37,5
Hank Phillips,Hank_Phillips6190@eirey.tech,1928-12-21 08:21:24,79,6
Luke Martin,Luke_Martin468@muall.tech,1887-09-24 01:31:03,84,7
Ron Lewin,Ron_Lewin3299@deons.tech,1831-04-07 00:34:11,92,8
Deborah Everett,Deborah_Everett8241@nimogy.biz,1908-02-20 14:53:55,75,9
Clint Lloyd,Clint_Lloyd7713@ovock.tech,1948-10-17 01:01:22,92,10
Russel Gilbert,Russel_Gilbert3516@sheye.org,1842-12-18 12:58:31,33,11
Lily Redwood,Lily_Redwood4998@vetan.org,1927-06-26 04:33:21,36,12
Rylee Price,Rylee_Price3667@corti.com,2009-11-26 13:52:22,53,13
Elle Bennett,Elle_Bennett2912@dionrab.com,1955-04-12 19:51:02,64,14
Owen Gavin,Owen_Gavin7497@nanoff.biz,1932-10-22 08:33:09,51,15
Aiden Wilde,Aiden_Wilde1678@gembat.biz,1958-12-12 20:48:50,86,16
Selena Baker,Selena_Baker996@tonsy.org,1931-09-13 12:51:25,95,17
Anais Freeburn,Anais_Freeburn7990@bretoux.com,1830-07-31 17:49:11,93,18
Ember Garcia,Ember_Garcia9747@extex.org,1920-01-25 07:02:04,48,19
Sabrina Cooper,Sabrina_Cooper2163@famism.biz,1872-06-12 00:16:32,67,20
Chris Tailor,Chris_Tailor2181@brety.org,1844-11-03 22:50:50,30,21
Angelique Fleming,Angelique_Fleming9375@liret.org,1917-12-17 21:37:06,75,22
Caleb Fox,Caleb_Fox656@atink.com,1949-01-27 07:17:43,22,23
Rufus Coates,Rufus_Coates5941@bungar.biz,1841-03-09 20:30:14,89,24
Victoria Shaw,Victoria_Shaw9253@kideod.biz,1971-06-01 09:04:57,64,25
Lucas Khan,Lucas_Khan8513@gmail.com,1915-06-11 16:04:04,25,26
Julius Carpenter,Julius_Carpenter8005@atink.com,1901-11-23 17:01:00,29,27
Luke Evans,Luke_Evans2369@tonsy.org,1978-06-20 07:50:35,49,28
Elisabeth Phillips,Elisabeth_Phillips1778@deavo.com,1940-07-05 07:25:13,54,29
Harvey Kaur,Harvey_Kaur1509@dionrab.com,1987-01-12 07:22:45,22,30
Mina Lindsay,Mina_Lindsay8429@infotech44.tech,2006-07-17 00:54:39,65,31
Denis Ellison,Denis_Ellison6912@qater.org,1932-07-01 08:55:05,62,32
Bryon Graham,Bryon_Graham5642@brety.org,1977-11-12 22:14:10,46,33
Maggie Niles,Maggie_Niles5573@supunk.biz,1991-09-25 04:28:12,82,34
Lucas Gunn,Lucas_Gunn6510@ubusive.com,1932-03-16 08:43:17,59,35
Tania Nanton,Tania_Nanton2310@extex.org,1952-05-30 13:29:06,32,36
Courtney Oakley,Courtney_Oakley3172@sveldo.biz,1852-08-25 17:53:17,99,37
Hannah Reese,Hannah_Reese3060@infotech44.tech,1952-08-23 13:08:14,32,38
Megan Tait,Megan_Tait6691@zorer.org,1834-04-03 15:50:33,78,39
Johnathan Mcgregor,Johnathan_Mcgregor339@hourpy.biz,1980-09-26 14:26:31,31,40
Isabel Wills,Isabel_Wills2967@twace.org,1937-11-17 15:58:15,44,41
Tyson Ebden,Tyson_Ebden9356@brety.org,1963-06-27 19:05:25,21,42
Noah Henderson,Noah_Henderson5649@deavo.com,1955-07-11 11:41:28,31,43
Sage Gosling,Sage_Gosling846@gmail.com,2019-12-26 18:38:31,41,44
Johnathan Walker,Johnathan_Walker2562@muall.tech,1991-11-15 10:25:17,27,45
Benny Harris,Benny_Harris4852@nickia.com,1998-03-01 02:51:34,55,46
Stella Moreno,Stella_Moreno1016@bretoux.com,2013-01-14 18:09:33,78,47
Hank Cameron,Hank_Cameron1458@iatim.tech,1979-04-12 07:04:54,88,48
Roger Bentley,Roger_Bentley3627@tonsy.org,1910-02-18 02:07:24,57,49
Daniel Michael,Daniel_Michael811@liret.org,1909-06-14 04:28:55,73,50
Parker Jones,Parker_Jones5524@tonsy.org,1975-11-10 00:50:49,90,51
William Wilkinson,William_Wilkinson7187@liret.org,2018-03-04 12:08:53,88,52
Ron Dale,Ron_Dale733@qater.org,1821-04-11 02:27:54,33,53
Judith Herbert,Judith_Herbert2403@typill.biz,2009-06-10 04:50:10,52,54
Harmony Cann,Harmony_Cann5307@bungar.biz,1991-06-10 22:20:50,36,55
William Bailey,William_Bailey864@hourpy.biz,1896-03-12 12:47:41,33,56
Luna Walker,Luna_Walker6526@jiman.org,1965-04-16 20:42:53,41,57
Winnie Williams,Winnie_Williams4828@elnee.tech,1937-08-08 08:13:08,99,58
Enoch Uttridge,Enoch_Uttridge6943@bretoux.com,1935-08-16 05:02:23,53,59
Francesca Burge,Francesca_Burge9811@sheye.org,1999-09-19 07:37:15,34,60
Maia Hogg,Maia_Hogg5702@kideod.biz,1854-05-03 01:05:39,38,61
Emery Snell,Emery_Snell7017@atink.com,1997-07-12 21:14:20,74,62
Hayden Hunt,Hayden_Hunt4806@zorer.org,1893-10-13 12:58:42,61,63
Joseph Bishop,Joseph_Bishop9531@famism.biz,1980-08-31 07:02:14,29,64
Daphne Franks,Daphne_Franks1530@elnee.tech,1842-04-17 17:26:49,90,65
Aurelia Cattell,Aurelia_Cattell5719@brety.org,1837-11-22 21:56:41,25,66
Gil Franks,Gil_Franks1369@extex.org,1868-06-22 07:41:38,46,67
Isabella Robe,Isabella_Robe2007@nanoff.biz,1880-10-30 11:09:02,80,68
Percy Lynch,Percy_Lynch8405@grannar.com,1856-09-24 10:22:12,96,69
Sylvia Keys,Sylvia_Keys1554@womeona.net,1910-08-08 18:14:09,34,70
Gil Baxter,Gil_Baxter4945@ubusive.com,1839-06-17 01:05:23,53,71
Enoch Tutton,Enoch_Tutton9456@corti.com,1918-07-05 20:31:34,84,72
Anthony Reading,Anthony_Reading6941@irrepsy.com,1856-04-30 12:49:39,77,73
Lexi Roberts,Lexi_Roberts8472@extex.org,1927-07-06 07:39:30,55,74
Melody Collins,Melody_Collins7889@acrit.org,1840-06-23 10:23:39,21,75
Sebastian Atkinson,Sebastian_Atkinson3599@joiniaa.com,1981-02-14 13:05:01,29,76
Alan Hammond,Alan_Hammond6723@bulaffy.com,1892-10-10 17:03:56,95,77
Sebastian Chadwick,Sebastian_Chadwick1244@deavo.com,1902-08-09 22:40:19,48,78
Tony Smith,Tony_Smith6211@tonsy.org,1874-11-07 13:37:25,33,79
Wade Lakey,Wade_Lakey3706@guentu.biz,1992-09-08 21:18:51,99,80
Domenic Weatcroft,Domenic_Weatcroft7261@zorer.org,1880-04-21 05:31:38,18,81
Piper Gunn,Piper_Gunn6513@elnee.tech,1905-07-10 01:47:29,70,82
Elena Collins,Elena_Collins7596@fuliss.net,2009-07-28 13:38:13,87,83
Owen Kidd,Owen_Kidd3431@famism.biz,1886-01-11 15:26:43,90,84
Bart Mcgee,Bart_Mcgee4254@acrit.org,1827-05-15 10:58:55,56,85
Sofie Ring,Sofie_Ring2357@gembat.biz,1856-11-03 17:40:42,94,86
Keira Holt,Keira_Holt8088@womeona.net,1857-07-22 02:24:35,25,87
Danielle Power,Danielle_Power6106@mafthy.com,1966-08-06 03:12:23,97,88
Rick Vallory,Rick_Vallory7557@famism.biz,1886-03-11 18:33:07,88,89
Julia Maxwell,Julia_Maxwell8149@tonsy.org,1915-07-12 17:10:52,31,90
Angelique Martin,Angelique_Martin8490@brety.org,1854-11-22 01:12:37,57,91
Michael Palmer,Michael_Palmer7518@kideod.biz,1836-08-30 19:32:44,35,92
Caleb Nanton,Caleb_Nanton7389@womeona.net,1967-04-29 20:14:25,27,93
Wendy Hamilton,Wendy_Hamilton2339@yahoo.com,1908-12-01 05:50:01,89,94
Oliver Wooldridge,Oliver_Wooldridge6431@qater.org,1825-11-05 16:57:21,26,95
Hank Drew,Hank_Drew6787@typill.biz,1903-02-09 17:38:19,18,96
Susan Neville,Susan_Neville5267@corti.com,1826-08-23 05:02:42,18,97
Janelle Norburn,Janelle_Norburn8807@ovock.tech,1971-08-01 13:38:52,58,98
Jade Boyle,Jade_Boyle3214@cispeto.com,1980-07-23 13:38:25,68,99
Christy Leigh,Christy_Leigh206@vetan.org,1903-04-16 18:23:08,84,100
Mason Edler,Mason_Edler3672@eirey.tech,1939-12-22 15:31:42,22,101
David Osman,David_Osman8273@extex.org,1889-08-17 22:27:01,74,102
Madelyn Scott,Madelyn_Scott1003@bretoux.com,1874-01-29 11:30:16,62,103
Laila Ingham,Laila_Ingham818@nimogy.biz,1889-10-03 15:29:04,92,104
Bart Dixon,Bart_Dixon3753@naiker.biz,1937-11-16 19:41:02,39,105
Erin Martin,Erin_Martin4552@acrit.org,1866-01-12 01:08:03,98,106
Cherish Oldfield,Cherish_Oldfield1747@sveldo.biz,1946-09-21 13:39:08,70,107
Alessia Addley,Alessia_Addley1083@grannar.com,1902-05-23 15:14:17,77,108
Stephanie John,Stephanie_John187@deons.tech,1938-11-23 18:02:42,56,109
Caleb Darcy,Caleb_Darcy856@naiker.biz,2019-01-15 18:44:15,31,110
Javier Andrews,Javier_Andrews3986@mafthy.com,1820-06-30 21:16:53,95,111
Eve Hunt,Eve_Hunt3315@grannar.com,1889-04-16 15:13:04,60,112
Benny Morgan,Benny_Morgan6720@ubusive.com,1849-10-08 00:18:18,63,113
Noah Willis,Noah_Willis1349@bauros.biz,1875-02-07 04:04:25,25,114
Caleb Briggs,Caleb_Briggs7746@guentu.biz,1920-08-27 15:07:31,54,115
Scarlett Paterson,Scarlett_Paterson7443@ubusive.com,1904-09-02 04:52:03,54,116
Goldie Bishop,Goldie_Bishop3453@ubusive.com,1955-02-24 18:42:34,40,117
Trisha Salt,Trisha_Salt9928@zorer.org,1880-09-20 09:10:46,86,118
Kirsten Gonzales,Kirsten_Gonzales8700@eirey.tech,1834-02-08 05:14:46,44,119
Dani Baker,Dani_Baker9904@deons.tech,1822-10-29 13:46:26,35,120
Anthony Norburn,Anthony_Norburn2640@bretoux.com,1964-01-26 17:39:51,21,121
Bart Farrow,Bart_Farrow2254@infotech44.tech,1843-11-11 19:05:06,39,122
Ruth Preston,Ruth_Preston2695@gembat.biz,1986-04-16 13:48:53,88,123
Miriam Eddison,Miriam_Eddison5701@atink.com,1923-04-09 08:30:33,60,124
Benny Mcgregor,Benny_Mcgregor7586@ubusive.com,1822-10-05 04:46:01,97,125
Audrey Shields,Audrey_Shields1878@sheye.org,1842-06-06 00:15:02,57,126
Jolene Rehman,Jolene_Rehman84@bretoux.com,1895-02-16 07:31:04,55,127
Nate Eaton,Nate_Eaton5831@bungar.biz,1995-10-02 04:09:56,34,128
Eve Ellis,Eve_Ellis9266@deavo.com,1872-03-30 21:31:46,21,129
Dasha Ellison,Dasha_Ellison831@supunk.biz,1898-06-17 18:21:26,95,130
Caitlyn Vernon,Caitlyn_Vernon5697@gembat.biz,1982-07-11 21:06:14,91,131
Liam Richardson,Liam_Richardson8416@qater.org,1887-04-16 03:49:17,21,132
Samara Bowen,Samara_Bowen356@infotech44.tech,1955-07-29 20:26:11,62,133
Denis Graham,Denis_Graham28@cispeto.com,2016-01-11 01:13:42,91,134
Rosa Whittle,Rosa_Whittle8954@twace.org,1939-07-05 17:36:13,22,135
Melania Power,Melania_Power4141@cispeto.com,2001-10-16 20:39:34,61,136
Michelle Jefferson,Michelle_Jefferson7033@typill.biz,1831-11-29 04:18:19,89,137
Daniel Herbert,Daniel_Herbert4056@brety.org,1941-08-31 11:50:53,49,138
ara Craig,ara_Craig1384@twipet.com,1849-04-15 18:17:29,67,139
Phoebe Sherry,Phoebe_Sherry1859@infotech44.tech,1982-02-20 21:34:04,24,140
Allison Lewis,Allison_Lewis3689@typill.biz,1887-02-06 18:38:40,92,141
Tyler Hall,Tyler_Hall2083@iatim.tech,1955-05-27 06:45:24,72,142
Leslie Samuel,Leslie_Samuel7202@naiker.biz,1988-10-25 06:55:25,93,143
Daniel Forester,Daniel_Forester8201@infotech44.tech,1905-10-18 22:49:19,96,144
Tony Baker,Tony_Baker5895@tonsy.org,1823-10-04 14:24:32,41,145
Bridget Furnell,Bridget_Furnell4174@typill.biz,1927-03-04 15:33:33,97,146
Liam Jennson,Liam_Jennson7599@gembat.biz,1919-03-23 06:56:14,35,147
Alice Wills,Alice_Wills4442@ubusive.com,1847-12-17 06:13:30,81,148
Violet Evans,Violet_Evans1507@joiniaa.com,1929-07-15 17:20:00,53,149
Lara Ainsworth,Lara_Ainsworth3691@bulaffy.com,1911-04-25 21:49:22,75,150
Caydence Lowe,Caydence_Lowe3420@gompie.com,1832-04-21 16:43:04,72,151
Hazel Richardson,Hazel_Richardson7922@bauros.biz,1857-02-17 11:03:20,72,152
Iris Emmett,Iris_Emmett8159@elnee.tech,1886-06-05 04:04:31,90,153
Ivette Hobson,Ivette_Hobson8179@famism.biz,1928-09-28 15:02:33,46,154
Ronald Marshall,Ronald_Marshall3419@nanoff.biz,1889-04-03 07:28:36,78,155
Marigold Giles,Marigold_Giles7057@ovock.tech,1979-03-19 16:21:53,38,156
Mary Watson,Mary_Watson1957@kideod.biz,1984-10-22 13:13:43,35,157
Ivette Edwards,Ivette_Edwards30@hourpy.biz,1969-11-23 15:35:37,25,158
Olivia Yang,Olivia_Yang7966@bulaffy.com,1892-05-22 21:08:51,38,159
Anais Johnson,Anais_Johnson3303@irrepsy.com,1863-08-10 18:04:52,46,160
Barney Roscoe,Barney_Roscoe4093@liret.org,1927-12-13 08:29:51,34,161
Carl Clifton,Carl_Clifton8144@eirey.tech,1852-03-27 04:23:16,25,162
Jack Fields,Jack_Fields4868@supunk.biz,1854-12-11 06:09:31,67,163
Logan Sherwood,Logan_Sherwood2888@ubusive.com,2001-01-14 22:02:33,48,164
Chad Wilson,Chad_Wilson6672@twace.org,1959-06-10 13:19:04,44,165
Domenic Ellis,Domenic_Ellis7967@irrepsy.com,1887-07-31 16:14:00,23,166
Barry Morrison,Barry_Morrison2726@eirey.tech,1928-05-16 09:25:28,46,167
Lucy Lambert,Lucy_Lambert9093@sveldo.biz,1908-03-27 03:41:21,75,168
Doug Nicolas,Doug_Nicolas2083@gompie.com,1929-05-11 18:54:48,99,169
Jules Upton,Jules_Upton5005@twace.org,1975-05-15 11:58:24,66,170
Ethan Walton,Ethan_Walton7412@twace.org,2002-12-30 12:52:40,20,171
William Sheldon,William_Sheldon3193@corti.com,1877-05-06 03:44:41,76,172
Chris Cowan,Chris_Cowan5016@nanoff.biz,1909-03-08 02:20:46,44,173
Gwen Nanton,Gwen_Nanton7736@joiniaa.com,1899-03-29 02:19:04,71,174
Celia Ventura,Celia_Ventura7917@typill.biz,1849-02-25 19:41:00,87,175
Sara Whittle,Sara_Whittle6946@qater.org,1980-05-08 12:19:33,74,176
Dorothy Campbell,Dorothy_Campbell3646@dionrab.com,2019-03-01 17:06:53,26,177
Harvey Stevens,Harvey_Stevens524@brety.org,1985-11-17 06:48:40,20,178
Jasmine Yoman,Jasmine_Yoman9393@nimogy.biz,1868-01-17 20:35:54,67,179
Bryce Holmes,Bryce_Holmes3744@qater.org,1976-05-23 18:50:42,85,180
Boris Clark,Boris_Clark9070@nimogy.biz,1984-10-25 00:13:57,19,181
Madison Weston,Madison_Weston5468@sveldo.biz,1904-07-12 20:09:39,86,182
Marvin Poulton,Marvin_Poulton3013@jiman.org,1895-03-15 01:18:12,95,183
Taylor Dowson,Taylor_Dowson8562@iatim.tech,1991-07-18 13:25:15,89,184
Phillip Fleming,Phillip_Fleming9124@dionrab.com,1837-08-22 03:12:16,52,185
Phillip Hall,Phillip_Hall8918@brety.org,1872-07-02 12:29:37,43,186
Samantha Wade,Samantha_Wade281@fuliss.net,1846-08-31 14:47:54,38,187
Chad Umney,Chad_Umney7951@iatim.tech,1910-03-14 11:15:13,32,188
Alexander Nurton,Alexander_Nurton7901@yahoo.com,1892-04-02 04:12:07,47,189
Charlotte Ellis,Charlotte_Ellis9499@sveldo.biz,1917-07-15 14:35:53,95,190
Ada Whittle,Ada_Whittle283@mafthy.com,1912-10-05 17:23:15,40,191
Jayden Hale,Jayden_Hale4558@dionrab.com,2006-06-21 15:13:58,70,192
Leanne Wilde,Leanne_Wilde5651@ovock.tech,1966-09-21 15:56:40,29,193
Emma Jones,Emma_Jones2855@bauros.biz,2001-12-16 12:00:11,65,194
Harvey Strong,Harvey_Strong8629@vetan.org,1822-11-11 19:19:52,32,195
Lucas Fisher,Lucas_Fisher2636@yahoo.com,2018-11-14 15:42:04,88,196
Kurt Graham,Kurt_Graham1257@kideod.biz,1984-01-27 21:58:41,30,197
Carmella Yarlett,Carmella_Yarlett4153@yahoo.com,1840-08-14 11:47:55,94,198
Nicholas Latham,Nicholas_Latham5184@ubusive.com,1903-06-24 07:05:15,79,199
Rosa Kelly,Rosa_Kelly3354@sheye.org,1982-10-17 02:47:24,83,200
Denis Fleming,Denis_Fleming7259@naiker.biz,1848-06-18 08:11:13,93,201
Liam Gonzales,Liam_Gonzales1487@ovock.tech,1918-09-06 16:10:46,21,202
Rocco Harris,Rocco_Harris9576@bungar.biz,1929-04-21 16:41:38,36,203
Johnathan James,Johnathan_James1448@qater.org,1832-12-02 15:20:42,33,204
Sage Kerr,Sage_Kerr3385@jiman.org,1893-08-15 01:46:22,40,205
Carter Utterson,Carter_Utterson3661@bretoux.com,1871-12-14 02:39:47,38,206
Mason Khan,Mason_Khan39@bungar.biz,1978-07-13 10:37:17,91,207
Lara Partridge,Lara_Partridge5992@extex.org,1895-03-05 22:22:40,63,208
Anthony Phillips,Anthony_Phillips3734@twace.org,1832-08-31 15:01:49,66,209
Gabriel Andersson,Gabriel_Andersson4703@naiker.biz,1897-04-27 13:51:23,57,210
Tyson Emerson,Tyson_Emerson4851@irrepsy.com,1960-04-06 10:24:22,93,211
Lauren Cassidy,Lauren_Cassidy2496@sheye.org,1910-01-18 07:09:50,89,212
Victoria Slater,Victoria_Slater7117@ovock.tech,1975-02-01 19:58:47,67,213
Barney Jobson,Barney_Jobson2133@nickia.com,1832-09-03 10:49:52,54,214
ara Edley,ara_Edley9184@twipet.com,1861-09-06 01:17:41,45,215
Makena Chester,Makena_Chester5305@gmail.com,1907-12-22 14:45:31,75,216
Allison Cowan,Allison_Cowan7691@twace.org,1861-07-19 17:45:34,75,217
Vera Marshall,Vera_Marshall4235@jiman.org,1992-10-05 18:51:24,79,218
George Cann,George_Cann4686@gompie.com,1894-07-29 02:26:50,36,219
Danny Bolton,Danny_Bolton1940@mafthy.com,1846-01-10 14:52:46,24,220
Josephine Haines,Josephine_Haines33@gmail.com,1926-08-09 03:34:15,58,221
Amy Watt,Amy_Watt7888@infotech44.tech,1879-07-11 04:08:11,80,222
Dani Tyrrell,Dani_Tyrrell3540@twipet.com,1873-05-30 04:04:49,30,223
Celia Spencer,Celia_Spencer3361@twipet.com,1908-06-26 19:16:05,20,224
Clint Gilbert,Clint_Gilbert3530@mafthy.com,1950-01-07 08:30:12,41,225
Rufus Groves,Rufus_Groves137@infotech44.tech,1849-02-27 08:20:42,26,226
Gil Wallace,Gil_Wallace1082@twipet.com,1964-11-28 15:00:29,62,227
Cedrick Vaughn,Cedrick_Vaughn1679@grannar.com,1940-08-27 02:32:45,69,228
Johnathan Gibbons,Johnathan_Gibbons5440@gembat.biz,1963-12-07 05:04:21,30,229
Aiden Abbey,Aiden_Abbey9964@deavo.com,1851-07-12 17:05:04,89,230
Nate Taylor,Nate_Taylor6783@qater.org,1829-10-02 10:30:27,48,231
Logan Roman,Logan_Roman878@tonsy.org,1946-05-11 04:11:53,64,232
Rick Stanley,Rick_Stanley3435@irrepsy.com,2009-05-18 07:02:26,49,233
Ember Patel,Ember_Patel8966@nickia.com,1931-04-22 15:10:41,30,234
Mya Rossi,Mya_Rossi9960@sveldo.biz,1870-11-27 20:28:47,24,235
Ryan Shaw,Ryan_Shaw5094@supunk.biz,1890-01-28 16:39:12,92,236
Lillian Mccall,Lillian_Mccall846@womeona.net,1821-06-11 07:40:24,70,237
Lynn Young,Lynn_Young7514@bretoux.com,1972-05-29 00:38:13,35,238
Kimberly Vangness,Kimberly_Vangness3751@elnee.tech,1871-12-28 19:57:30,44,239
Ronald Mackenzie,Ronald_Mackenzie7934@kideod.biz,1989-07-27 15:30:26,27,240
Wade Wren,Wade_Wren1528@twace.org,2005-01-09 01:25:12,68,241
Alison Darcy,Alison_Darcy9901@zorer.org,1990-03-25 03:40:38,41,242
Karla Swift,Karla_Swift922@naiker.biz,2011-03-06 01:41:18,55,243
Aiden Harrison,Aiden_Harrison1101@twipet.com,1983-01-04 18:05:14,60,244
Luke Potter,Luke_Potter8930@extex.org,1979-04-21 12:58:54,66,245
Kieth Jones,Kieth_Jones1763@ovock.tech,1934-10-06 01:57:21,32,246
Tara Alldridge,Tara_Alldridge7470@womeona.net,1988-10-21 19:20:41,22,247
Gil Kaur,Gil_Kaur1300@deons.tech,1968-06-07 13:16:06,18,248
Gil Healy,Gil_Healy7118@sheye.org,1840-02-13 14:00:09,77,249
Alexander Selby,Alexander_Selby746@muall.tech,1985-05-31 06:01:21,29,250
Bristol Stevenson,Bristol_Stevenson8676@grannar.com,1942-10-04 12:43:04,35,251
Lily Gibbons,Lily_Gibbons3579@sheye.org,1981-12-16 13:24:57,53,252
Ema Driscoll,Ema_Driscoll9739@twipet.com,1862-08-11 07:21:28,40,253
George Santos,George_Santos9602@dionrab.com,1859-07-27 17:54:09,31,254
Kirsten Morris,Kirsten_Morris9390@brety.org,1821-12-10 22:22:18,86,255
Josh Mccall,Josh_Mccall9269@bungar.biz,1837-01-06 00:18:34,45,256
Crystal Lee,Crystal_Lee8140@sheye.org,1907-04-20 19:53:17,64,257
Carla Parr,Carla_Parr8044@guentu.biz,1887-10-06 21:14:14,40,258
Louise Verdon,Louise_Verdon6526@yahoo.com,1931-04-11 11:58:02,98,259
Rosalyn Russel,Rosalyn_Russel8258@guentu.biz,1887-12-08 14:07:09,42,260
Henry Coleman,Henry_Coleman7325@typill.biz,1937-06-24 14:14:01,66,261
Enoch Duvall,Enoch_Duvall3004@sveldo.biz,1885-11-28 03:35:46,35,262
Felicity Addis,Felicity_Addis3026@supunk.biz,1933-12-28 07:24:54,63,263
Kurt Price,Kurt_Price9462@sveldo.biz,1853-03-25 19:18:50,53,264
Daria Roth,Daria_Roth4447@typill.biz,1900-02-23 09:02:42,63,265
Gabriel Edwards,Gabriel_Edwards9480@gmail.com,1885-06-06 04:46:19,37,266
Alexa Turner,Alexa_Turner4761@guentu.biz,1894-10-19 15:07:11,94,267
Alexander Yates,Alexander_Yates3563@bretoux.com,1956-05-08 20:24:28,18,268
Adela Powell,Adela_Powell3610@gmail.com,1956-10-21 10:07:34,82,269
Leilani Parker,Leilani_Parker6124@nanoff.biz,1958-03-16 21:28:33,54,270
Brad Broomfield,Brad_Broomfield7888@deons.tech,1891-08-02 06:57:37,74,271
Mike Dyson,Mike_Dyson3324@famism.biz,2014-06-24 12:57:06,34,272
Benny Ryan,Benny_Ryan4035@infotech44.tech,1898-12-02 19:08:10,68,273
Molly Norris,Molly_Norris386@twipet.com,2002-05-19 10:53:15,19,274
Aiden Roberts,Aiden_Roberts8971@acrit.org,1855-06-16 17:38:32,34,275
Anthony Franks,Anthony_Franks3655@grannar.com,1849-01-15 16:26:47,75,276
Charlize Neville,Charlize_Neville241@bungar.biz,1830-03-22 21:15:02,30,277
Benjamin Weldon,Benjamin_Weldon936@naiker.biz,1900-11-26 01:38:03,83,278
Maxwell Roman,Maxwell_Roman9741@kideod.biz,1981-08-28 00:29:29,30,279
Ronald Flack,Ronald_Flack5695@cispeto.com,1875-03-20 16:27:57,42,280
Emely Uttridge,Emely_Uttridge4030@nickia.com,1928-01-11 05:16:33,29,281
Rhea Richards,Rhea_Richards85@dionrab.com,1883-12-24 12:48:33,27,282
Ivette Potter,Ivette_Potter8833@infotech44.tech,1925-10-11 12:07:34,60,283
Cameron Burnley,Cameron_Burnley7687@grannar.com,1844-01-13 13:10:17,93,284
Jenna Dallas,Jenna_Dallas3534@dionrab.com,1842-03-01 14:05:29,33,285
Cedrick Simpson,Cedrick_Simpson8502@eirey.tech,1984-02-01 16:43:25,30,286
Percy Harrison,Percy_Harrison583@kideod.biz,1914-05-11 09:36:26,96,287
Chadwick Donnelly,Chadwick_Donnelly6485@gompie.com,1881-03-06 11:24:47,88,288
Chad Lee,Chad_Lee4053@naiker.biz,1980-02-27 16:48:30,78,289
Denis Dixon,Denis_Dixon1438@bulaffy.com,1907-07-12 00:50:53,68,290
Ronald Jeffery,Ronald_Jeffery5345@kideod.biz,1893-07-10 08:14:16,96,291
Nicholas Kelly,Nicholas_Kelly5850@eirey.tech,1933-12-29 11:17:15,71,292
Ryan Corbett,Ryan_Corbett7223@gompie.com,2000-07-06 14:22:43,28,293
Phillip Nelson,Phillip_Nelson1933@atink.com,2000-08-31 18:06:56,52,294
Russel Oswald,Russel_Oswald5542@elnee.tech,1833-09-09 20:09:53,45,295
Madison Mason,Madison_Mason2551@qater.org,1846-03-23 20:53:56,62,296
Kieth Nelson,Kieth_Nelson1559@nimogy.biz,1950-06-11 18:43:25,46,297
Mina Middleton,Mina_Middleton8458@liret.org,1883-04-25 00:32:17,59,298
Russel Connell,Russel_Connell3992@nanoff.biz,1925-05-14 01:15:20,19,299
Karen Rainford,Karen_Rainford4205@nickia.com,1905-12-07 21:22:51,81,300
Ethan Harris,Ethan_Harris5572@mafthy.com,1935-09-09 09:43:01,61,301
Florence James,Florence_James4519@grannar.com,1878-07-26 11:06:57,31,302
Michael Brown,Michael_Brown4180@acrit.org,1990-08-24 05:53:10,83,303
Caitlyn Groves,Caitlyn_Groves5138@eirey.tech,1983-01-29 16:54:48,67,304
Nicholas Brooks,Nicholas_Brooks8204@bungar.biz,1948-12-09 06:40:51,49,305
Rocco Wood,Rocco_Wood7071@tonsy.org,1962-12-10 18:17:12,78,306
Clint Bryant,Clint_Bryant2332@atink.com,1907-12-01 15:05:12,78,307
Trisha Redfern,Trisha_Redfern3819@famism.biz,1873-11-20 07:33:28,75,308
Michael Nurton,Michael_Nurton7867@guentu.biz,1929-07-05 05:57:18,61,309
Jack Knight,Jack_Knight808@eirey.tech,1939-10-10 17:58:39,58,310
Hank Edwards,Hank_Edwards1268@hourpy.biz,1881-07-05 12:01:38,93,311
Alexa Tyler,Alexa_Tyler5100@nanoff.biz,1980-05-26 10:46:20,67,312
Danny Lucas,Danny_Lucas6704@deavo.com,1845-07-10 20:12:07,55,313
Johnny Rowan,Johnny_Rowan6@brety.org,1894-09-24 01:53:56,65,314
Peyton Talbot,Peyton_Talbot3959@atink.com,1981-02-12 14:11:53,55,315
Anthony Wellington,Anthony_Wellington558@bretoux.com,1873-09-08 09:48:24,75,316
Ciara Douglas,Ciara_Douglas1969@joiniaa.com,1832-11-25 07:47:45,83,317
George Sloan,George_Sloan7582@mafthy.com,2011-11-14 08:22:31,92,318
Johnathan Ellis,Johnathan_Ellis6689@ubusive.com,1933-02-10 15:49:41,56,319
Alan Young,Alan_Young2559@nanoff.biz,1960-08-24 07:07:58,24,320
Erick Lynn,Erick_Lynn1073@deavo.com,1934-01-14 02:52:27,46,321
Gabriel Squire,Gabriel_Squire5004@tonsy.org,1963-03-29 00:13:51,86,322
Peter Dwyer,Peter_Dwyer3080@hourpy.biz,1921-07-04 01:33:34,91,323
Leroy Evans,Leroy_Evans4461@elnee.tech,1961-09-21 06:11:56,80,324
Bryce Ranks,Bryce_Ranks3516@mafthy.com,2007-06-17 21:00:03,55,325
Aeris Torres,Aeris_Torres1531@nimogy.biz,1821-12-31 15:06:15,34,326
Gemma Holt,Gemma_Holt5674@brety.org,1945-05-10 14:49:04,57,327
Gladys Hale,Gladys_Hale1036@joiniaa.com,1940-02-25 02:45:42,92,328
Makenzie Moreno,Makenzie_Moreno1258@tonsy.org,1923-09-28 00:14:44,52,329
Daphne Archer,Daphne_Archer7506@eirey.tech,1995-07-20 11:48:37,96,330
Aeris Brooks,Aeris_Brooks5759@yahoo.com,1999-01-20 19:09:44,26,331
Emma Villiger,Emma_Villiger3641@muall.tech,1911-06-24 01:10:21,34,332
Domenic Flack,Domenic_Flack6518@irrepsy.com,1875-08-05 20:30:50,61,333
John Allen,John_Allen7656@vetan.org,1910-04-07 02:55:06,42,334
Holly Roberts,Holly_Roberts6520@cispeto.com,1839-12-07 17:33:05,83,335
Mark Todd,Mark_Todd4239@ubusive.com,2000-10-06 00:16:06,79,336
Nicholas Rothwell,Nicholas_Rothwell2164@infotech44.tech,1949-01-20 18:36:44,34,337
Percy Pierce,Percy_Pierce667@womeona.net,1974-09-29 20:26:08,48,338
Daron Sanchez,Daron_Sanchez567@deavo.com,1985-01-05 19:41:25,75,339
Holly Savage,Holly_Savage3601@twipet.com,1892-08-15 12:16:39,88,340
Cherish Potts,Cherish_Potts8988@irrepsy.com,1963-03-03 05:22:52,64,341
Keira Herbert,Keira_Herbert7401@eirey.tech,1965-01-11 20:14:30,30,342
Rhea Larsen,Rhea_Larsen575@sheye.org,1915-09-19 06:42:46,31,343
Martin Bell,Martin_Bell2890@famism.biz,1890-10-26 11:30:34,99,344
Chad Shaw,Chad_Shaw8633@deavo.com,1993-05-10 16:04:06,63,345
Daron Riley,Daron_Riley5201@famism.biz,1867-03-18 21:44:07,99,346
Rufus Bradley,Rufus_Bradley7329@acrit.org,1892-11-08 18:49:40,91,347
Eryn Weston,Eryn_Weston5249@grannar.com,1893-12-26 06:19:20,91,348
Rihanna Ross,Rihanna_Ross2292@deavo.com,2003-09-19 20:14:14,85,349
Mandy Martin,Mandy_Martin5971@gompie.com,1840-01-26 19:04:30,46,350
Josh Wood,Josh_Wood2274@ubusive.com,1836-10-16 14:13:57,73,351
Miriam Bentley,Miriam_Bentley2338@liret.org,1864-04-05 20:21:01,52,352
Gemma Bradley,Gemma_Bradley8566@corti.com,1919-01-07 22:03:56,55,353
Macy Kidd,Macy_Kidd45@qater.org,1994-01-16 18:21:53,68,354
Martin Skinner,Martin_Skinner5687@qater.org,1974-09-13 07:08:21,46,355
Rowan Hamilton,Rowan_Hamilton939@qater.org,1920-10-22 06:32:43,86,356
Harry Attwood,Harry_Attwood5146@nanoff.biz,1977-12-08 18:23:23,48,357
Jacqueline Thompson,Jacqueline_Thompson4082@nanoff.biz,1991-04-30 06:01:00,77,358
Felicity Mooney,Felicity_Mooney6152@jiman.org,1825-02-04 03:42:08,45,359
ara Lee,ara_Lee723@womeona.net,1955-02-26 08:45:23,23,360
Nicole Holmes,Nicole_Holmes9884@bungar.biz,1952-03-01 00:37:55,18,361
Brad Ryan,Brad_Ryan108@nickia.com,1869-10-09 20:38:14,29,362
Charlotte Vangness,Charlotte_Vangness556@naiker.biz,1852-09-01 20:22:51,57,363
Cassidy Gosling,Cassidy_Gosling9366@sheye.org,1863-09-22 01:41:40,67,364
Melinda Healy,Melinda_Healy1495@sveldo.biz,1882-08-04 16:37:23,41,365
Danny Moreno,Danny_Moreno2670@joiniaa.com,1992-06-17 15:41:11,80,366
Owen Bell,Owen_Bell4469@cispeto.com,1961-09-22 14:35:14,55,367
Hank Asher,Hank_Asher6520@atink.com,1853-05-02 07:05:55,57,368
Brad Collins,Brad_Collins5888@deavo.com,1979-02-15 00:20:31,92,369
Jacob Freeburn,Jacob_Freeburn9206@hourpy.biz,1890-08-06 16:19:37,51,370
David Richards,David_Richards9371@twace.org,1940-01-10 16:50:07,38,371
Harry Moran,Harry_Moran7132@bretoux.com,1919-03-24 14:10:43,76,372
Mark Price,Mark_Price3407@bungar.biz,1977-04-02 15:03:47,83,373
Chuck Thomas,Chuck_Thomas5307@typill.biz,1888-12-20 20:03:27,26,374
Marvin Kelly,Marvin_Kelly2790@acrit.org,2006-10-22 14:47:35,46,375
Adeline Higgs,Adeline_Higgs9306@deavo.com,1894-02-03 00:02:00,45,376
Carol Watson,Carol_Watson3264@typill.biz,1934-03-24 03:13:52,97,377
Harry Notman,Harry_Notman6330@muall.tech,1930-11-18 01:47:57,18,378
Hayden Brown,Hayden_Brown4680@deons.tech,1999-10-02 08:30:48,54,379
Paula Hamilton,Paula_Hamilton1286@nanoff.biz,1898-05-26 02:53:27,82,380
Nina Holmes,Nina_Holmes6278@brety.org,1840-12-08 19:56:16,30,381
Wade Wren,Wade_Wren10@nanoff.biz,1833-06-28 05:34:13,92,382
Rick Goodman,Rick_Goodman4448@muall.tech,1972-08-31 12:34:26,39,383
Javier Middleton,Javier_Middleton1932@gembat.biz,1977-02-20 22:48:43,99,384
Luke Nayler,Luke_Nayler6662@atink.com,1839-06-24 18:02:56,27,385
Caleb Trent,Caleb_Trent5657@vetan.org,1856-07-15 22:27:57,98,386
Mackenzie Payne,Mackenzie_Payne274@deavo.com,1849-02-26 20:51:46,49,387
Lucas Broomfield,Lucas_Broomfield2392@qater.org,1973-12-09 08:43:17,64,388
Camila Fleming,Camila_Fleming3444@deons.tech,2004-10-29 11:44:34,20,389
Aiden Hobson,Aiden_Hobson7537@elnee.tech,1983-03-04 21:12:56,18,390
Carter Torres,Carter_Torres5717@fuliss.net,1971-12-04 15:25:42,86,391
Wade Ralph,Wade_Ralph4093@fuliss.net,1832-06-13 14:09:55,82,392
Rachael Wright,Rachael_Wright7656@gompie.com,1942-08-30 12:05:47,20,393
Marilyn Fox,Marilyn_Fox2964@gmail.com,1830-11-07 05:03:20,45,394
Tyler Farmer,Tyler_Farmer7568@gembat.biz,1936-05-18 07:26:44,48,395
Joseph Morrow,Joseph_Morrow1741@acrit.org,1834-03-01 14:28:58,50,396
Logan Jeffery,Logan_Jeffery6904@infotech44.tech,1949-11-16 10:51:02,95,397
Ryan Calderwood,Ryan_Calderwood5980@grannar.com,1941-01-06 02:30:32,99,398
Livia Tobin,Livia_Tobin4277@qater.org,1841-01-02 20:36:56,41,399
Matthew Wren,Matthew_Wren9468@twace.org,1951-03-22 09:20:45,64,400
Rosalyn Warner,Rosalyn_Warner8012@grannar.com,1943-10-04 21:40:37,78,401
Lucy Emmett,Lucy_Emmett9979@sveldo.biz,1837-12-15 05:11:50,89,402
Alexander Camden,Alexander_Camden7567@grannar.com,1835-01-14 11:51:27,90,403
Matthew Baldwin,Matthew_Baldwin9734@zorer.org,1983-03-06 16:31:51,36,404
Valerie Jobson,Valerie_Jobson2080@bretoux.com,1875-04-28 18:03:49,21,405
Wade Robertson,Wade_Robertson9000@typill.biz,1880-06-18 12:37:15,57,406
Tyler Donovan,Tyler_Donovan7416@gompie.com,1867-12-21 08:57:08,42,407
Danny Hill,Danny_Hill6234@deavo.com,1933-08-14 19:41:26,40,408
Alessia Farmer,Alessia_Farmer4186@corti.com,2012-05-01 05:49:09,64,409
Roger Emmott,Roger_Emmott3918@twace.org,1844-02-16 22:14:38,24,410
Alexander Dixon,Alexander_Dixon5326@nimogy.biz,1960-08-03 20:51:11,37,411
Denis Harrison,Denis_Harrison9848@gembat.biz,1950-03-15 00:47:15,67,412
Jazmin May,Jazmin_May5740@yahoo.com,1876-02-25 09:55:29,65,413
Rick Milner,Rick_Milner3668@supunk.biz,1908-06-19 12:30:43,82,414
Denny Griffiths,Denny_Griffiths9271@sveldo.biz,1905-05-26 20:17:10,56,415
Hank Clark,Hank_Clark424@dionrab.com,1887-07-06 00:20:29,50,416
Carolyn Gray,Carolyn_Gray6118@muall.tech,1986-04-08 17:48:35,81,417
Michelle Power,Michelle_Power4794@womeona.net,1948-07-09 20:51:27,68,418
Carl Stone,Carl_Stone279@irrepsy.com,1899-10-15 14:01:17,22,419
Natalie Jacobs,Natalie_Jacobs3367@cispeto.com,1843-07-03 22:01:15,41,420
Gil Mooney,Gil_Mooney4109@acrit.org,1940-11-24 02:29:29,53,421
Marvin Underhill,Marvin_Underhill8874@fuliss.net,1851-05-19 04:20:07,39,422
Cristal Butler,Cristal_Butler5487@acrit.org,2008-04-21 11:42:57,52,423
Maria Neal,Maria_Neal1712@infotech44.tech,1883-08-14 09:20:39,89,424
Elena Rogers,Elena_Rogers8549@iatim.tech,1873-07-27 06:07:18,46,425
Adina Simpson,Adina_Simpson91@deons.tech,1998-09-18 12:08:03,51,426
Lorraine Kent,Lorraine_Kent893@sheye.org,1931-07-26 12:42:54,75,427
Holly Flynn,Holly_Flynn2564@extex.org,1830-08-17 05:40:54,25,428
Sabina Wood,Sabina_Wood6297@cispeto.com,1825-10-14 22:35:04,23,429
John Squire,John_Squire2592@sheye.org,1994-01-12 14:24:04,23,430
Benny Clifford,Benny_Clifford6187@vetan.org,1833-11-07 21:37:01,21,431
Manuel Everett,Manuel_Everett9649@sheye.org,1969-02-13 22:52:34,79,432
Tom Stanley,Tom_Stanley8546@bulaffy.com,1912-03-30 12:24:28,27,433
Elly Varley,Elly_Varley8633@gmail.com,1837-06-10 03:46:00,53,434
Ada Morgan,Ada_Morgan306@elnee.tech,2006-04-30 01:19:29,19,435
Julian Waterhouse,Julian_Waterhouse3284@corti.com,1976-12-03 21:20:41,30,436
Bob Bryson,Bob_Bryson8978@vetan.org,1985-12-14 05:21:35,73,437
Jocelyn Faulkner,Jocelyn_Faulkner1564@nickia.com,1870-01-15 08:36:25,99,438
Fiona Foxley,Fiona_Foxley4687@eirey.tech,1961-08-09 22:16:22,65,439
Rocco Gregory,Rocco_Gregory8568@bungar.biz,1926-09-18 04:40:24,66,440
Cadence Thompson,Cadence_Thompson8190@kideod.biz,1951-01-24 19:39:38,37,441
Emery Jefferson,Emery_Jefferson7120@bauros.biz,1874-07-04 14:40:38,92,442
Chuck Mcgee,Chuck_Mcgee175@cispeto.com,1970-07-30 03:01:13,30,443
Julius Norman,Julius_Norman8371@bretoux.com,1964-07-24 11:05:01,67,444
Dani Parker,Dani_Parker1436@nanoff.biz,1992-01-11 20:21:06,71,445
Camila Murray,Camila_Murray5126@bauros.biz,1960-07-17 16:41:18,75,446
Rocco Brown,Rocco_Brown5021@nanoff.biz,1967-12-15 02:04:23,20,447
Clint Newman,Clint_Newman454@famism.biz,1927-02-11 08:49:50,71,448
Beatrice Tyrrell,Beatrice_Tyrrell5735@liret.org,1934-05-02 14:40:04,67,449
Gladys Wise,Gladys_Wise3260@dionrab.com,1826-04-10 19:07:57,52,450
Alexander Cobb,Alexander_Cobb844@guentu.biz,1899-03-29 19:58:27,36,451
Liam Egerton,Liam_Egerton6505@qater.org,1972-11-14 21:51:15,67,452
Havana Windsor,Havana_Windsor7924@fuliss.net,2011-12-22 16:19:57,19,453
Sonya Gibbons,Sonya_Gibbons4292@bulaffy.com,1820-08-15 18:48:39,86,454
Caitlyn Booth,Caitlyn_Booth8643@jiman.org,1848-05-06 21:08:27,43,455
Aleksandra Cavanagh,Aleksandra_Cavanagh3763@ubusive.com,1884-12-19 19:10:04,94,456
Michelle Wade,Michelle_Wade4444@grannar.com,1843-06-05 00:25:43,88,457
Dasha Norman,Dasha_Norman4262@zorer.org,1907-12-12 04:07:31,89,458
Ryan Addis,Ryan_Addis6522@bulaffy.com,1957-12-30 08:28:05,65,459
Liliana Stone,Liliana_Stone7396@nanoff.biz,1866-08-30 14:45:18,30,460
Caleb Addley,Caleb_Addley6123@acrit.org,1824-08-26 18:25:30,91,461
Samantha Turner,Samantha_Turner1961@bungar.biz,1839-01-05 14:21:31,88,462
Amelia Middleton,Amelia_Middleton1602@deavo.com,1892-05-25 07:26:15,70,463
Jack Clarke,Jack_Clarke3827@bauros.biz,1917-04-24 04:14:18,90,464
Greta Mackenzie,Greta_Mackenzie2010@irrepsy.com,1907-03-19 22:33:47,24,465
Jessica Victor,Jessica_Victor4601@joiniaa.com,1941-04-06 04:14:53,98,466
Bryon Smith,Bryon_Smith8759@deons.tech,1957-10-07 20:15:26,54,467
Eryn Russell,Eryn_Russell6512@ovock.tech,1978-04-22 12:07:40,39,468
Stephanie Stanley,Stephanie_Stanley1802@yahoo.com,1929-08-27 04:20:57,29,469
Eduardo Keys,Eduardo_Keys3266@tonsy.org,1933-12-11 17:05:06,81,470
Danny Terry,Danny_Terry3662@nanoff.biz,1863-06-04 04:34:29,68,471
Valentina Simpson,Valentina_Simpson6425@mafthy.com,2002-08-05 15:58:49,62,472
Eden Nanton,Eden_Nanton3104@atink.com,2016-02-13 00:43:26,50,473
Alessia Bennett,Alessia_Bennett9134@bauros.biz,1959-02-19 15:16:01,85,474
Oliver Broomfield,Oliver_Broomfield3537@deons.tech,1864-02-21 08:41:43,41,475
Mike Newton,Mike_Newton5696@twipet.com,2011-11-17 09:47:12,32,476
Rosalyn Vass,Rosalyn_Vass1101@vetan.org,1940-12-19 01:37:52,91,477
Lucas Howard,Lucas_Howard144@tonsy.org,1998-05-21 16:55:13,94,478
Bryon Vallins,Bryon_Vallins1627@cispeto.com,1865-12-10 04:26:37,82,479
Hayden Glass,Hayden_Glass8367@muall.tech,1997-03-18 10:43:44,57,480
Joseph May,Joseph_May8437@famism.biz,1915-12-18 18:14:22,50,481
Elise Robinson,Elise_Robinson2723@mafthy.com,1988-09-09 10:57:35,49,482
Teagan Dann,Teagan_Dann1079@vetan.org,1895-08-20 07:07:21,43,483
Ramon Hall,Ramon_Hall7400@sheye.org,1986-12-01 12:09:06,20,484
Melania Glass,Melania_Glass2333@grannar.com,1982-08-10 06:47:14,83,485
Camila Allen,Camila_Allen3674@dionrab.com,1931-05-04 17:41:13,72,486
Ron Faulkner,Ron_Faulkner640@infotech44.tech,1872-02-03 06:49:29,80,487
Nicholas Cavanagh,Nicholas_Cavanagh5707@infotech44.tech,1914-05-04 12:45:32,83,488
Bob Hood,Bob_Hood5646@guentu.biz,2005-03-25 19:48:39,35,489
Alexander Foxley,Alexander_Foxley4500@guentu.biz,1967-12-16 01:00:15,41,490
Russel Wigley,Russel_Wigley4821@corti.com,1840-12-24 14:33:23,67,491
Elle Seymour,Elle_Seymour4331@mafthy.com,1941-10-18 18:18:10,22,492
Julianna Yard,Julianna_Yard2799@nickia.com,1915-04-27 09:23:40,36,493
Bob Rogers,Bob_Rogers2682@jiman.org,1944-12-16 05:24:04,82,494
Jayden Tate,Jayden_Tate680@gembat.biz,1840-11-19 16:28:50,40,495
Raquel Booth,Raquel_Booth2082@zorer.org,1834-05-23 06:01:47,19,496
Alan Chapman,Alan_Chapman1766@tonsy.org,1916-12-17 10:51:09,96,497
Jacob Little,Jacob_Little3793@sheye.org,1846-06-23 00:05:04,65,498
Piper Marshall,Piper_Marshall4029@jiman.org,1951-01-23 16:17:23,34,499
Barry Neal,Barry_Neal504@deons.tech,1829-06-24 09:14:51,77,500
Clarissa Hamilton,Clarissa_Hamilton9009@bulaffy.com,1936-01-02 11:26:25,79,501
Hadley Widdows,Hadley_Widdows2256@eirey.tech,1980-08-13 16:28:53,62,502
Javier Emerson,Javier_Emerson9611@iatim.tech,1850-11-18 17:11:17,77,503
Kurt Bullock,Kurt_Bullock3561@ovock.tech,2010-05-27 13:37:29,75,504
Alan Radcliffe,Alan_Radcliffe6418@nanoff.biz,1846-08-07 06:22:47,41,505
Carter Tobin,Carter_Tobin3281@bungar.biz,1915-07-04 07:21:15,80,506
Mara Redwood,Mara_Redwood7175@fuliss.net,1867-06-23 22:34:16,41,507
Makenzie Parker,Makenzie_Parker2072@supunk.biz,1929-09-12 06:49:46,59,508
Lara Ranks,Lara_Ranks159@gmail.com,1981-08-30 10:52:24,56,509
Barry Gavin,Barry_Gavin7342@guentu.biz,1986-05-10 01:08:36,94,510
Cadence Forth,Cadence_Forth5155@dionrab.com,1878-10-23 21:07:54,49,511
Vera Speed,Vera_Speed7623@guentu.biz,1905-05-15 21:08:20,35,512
Henry Yard,Henry_Yard8199@nimogy.biz,2020-01-31 15:14:19,64,513
Marvin Mullins,Marvin_Mullins8565@acrit.org,1858-04-30 06:51:56,24,514
Johnny Exton,Johnny_Exton341@twipet.com,1838-12-25 14:36:50,55,515
Helen Casey,Helen_Casey4110@atink.com,1837-07-12 12:16:48,23,516
Julius Moore,Julius_Moore3615@bungar.biz,1826-06-15 06:42:24,74,517
Moira Hall,Moira_Hall2622@acrit.org,1912-01-30 02:07:31,66,518
Leilani Gibson,Leilani_Gibson8616@nickia.com,1926-07-19 07:47:41,39,519
Matt Quinton,Matt_Quinton8879@irrepsy.com,1856-12-04 11:35:06,38,520
Jolene Harrison,Jolene_Harrison1631@ubusive.com,1988-01-27 17:31:03,75,521
Jasmine Warden,Jasmine_Warden2285@deavo.com,1927-08-11 06:56:40,50,522
Aiden Baker,Aiden_Baker1593@yahoo.com,1845-02-05 00:17:46,31,523
Aiden Moore,Aiden_Moore2787@naiker.biz,1904-02-25 20:13:31,86,524
Erick Collingwood,Erick_Collingwood63@jiman.org,1875-03-10 06:48:10,94,525
Renee Tutton,Renee_Tutton7223@gompie.com,1881-09-22 21:01:08,34,526
Chad Yates,Chad_Yates9066@bauros.biz,1916-04-23 08:27:25,42,527
Alison Fulton,Alison_Fulton8617@vetan.org,1996-05-31 17:00:51,79,528
Crystal Robertson,Crystal_Robertson8518@jiman.org,1897-09-06 13:17:41,58,529
Paula Dowson,Paula_Dowson3362@fuliss.net,1889-05-21 01:48:15,83,530
Harriet Martin,Harriet_Martin8788@twipet.com,1988-03-29 03:03:06,74,531
Bethany Hepburn,Bethany_Hepburn3883@acrit.org,1944-04-11 07:53:37,47,532
Miley Stone,Miley_Stone9368@naiker.biz,1982-07-13 22:04:50,39,533
Carter Bingham,Carter_Bingham804@qater.org,1829-11-28 18:14:33,53,534
Jacqueline Lowe,Jacqueline_Lowe170@ovock.tech,1938-01-15 15:41:58,49,535
Kenzie Cunningham,Kenzie_Cunningham8959@bulaffy.com,1984-06-10 01:26:04,56,536
Henry Clifford,Henry_Clifford8585@zorer.org,1945-06-20 03:04:31,42,537
Gil Hill,Gil_Hill2118@twace.org,1892-02-15 20:43:58,34,538
Daria Glynn,Daria_Glynn4621@liret.org,1955-07-04 16:50:10,20,539
Sabina Mcnally,Sabina_Mcnally1014@grannar.com,1853-03-15 07:18:09,43,540
Rick Varndell,Rick_Varndell6890@mafthy.com,2014-08-31 18:57:45,62,541
Janice Yang,Janice_Yang8765@acrit.org,1946-01-09 22:43:37,33,542
Daron Simpson,Daron_Simpson5063@bretoux.com,1907-10-11 20:13:39,96,543
Logan Walker,Logan_Walker6798@naiker.biz,1920-03-31 01:23:51,38,544
Beatrice Niles,Beatrice_Niles6259@sveldo.biz,1957-08-27 21:17:44,93,545
Andrea Cork,Andrea_Cork9660@elnee.tech,1843-08-16 16:39:22,30,546
Willow Hunt,Willow_Hunt8106@womeona.net,1887-07-10 16:45:05,87,547
Logan Gibbons,Logan_Gibbons3770@ubusive.com,1846-06-21 05:16:23,68,548
Oliver Griffiths,Oliver_Griffiths7443@naiker.biz,1905-07-17 20:36:14,72,549
Chelsea Jacobs,Chelsea_Jacobs7258@nanoff.biz,1871-09-07 10:15:05,81,550
Tony Larsen,Tony_Larsen8973@gmail.com,1938-04-20 16:18:37,42,551
Chad Hale,Chad_Hale7703@iatim.tech,1914-09-03 02:33:01,26,552
Aeris Kent,Aeris_Kent4298@dionrab.com,1845-11-30 13:08:11,24,553
Anthony Smith,Anthony_Smith6170@muall.tech,1897-02-12 09:34:21,33,554
Logan Grady,Logan_Grady9563@sheye.org,1886-12-11 03:14:05,76,555
Isabella Little,Isabella_Little30@ubusive.com,1991-02-15 14:45:48,38,556
Trisha Drummond,Trisha_Drummond5515@vetan.org,2006-10-04 06:38:06,37,557
Bob Clifford,Bob_Clifford8343@joiniaa.com,1990-12-02 02:33:38,78,558
Noemi Murray,Noemi_Murray4907@ovock.tech,1982-05-27 16:09:16,83,559
Owen Stone,Owen_Stone1247@tonsy.org,1838-03-31 10:25:20,87,560
Camila Campbell,Camila_Campbell8569@muall.tech,1940-07-10 15:24:35,57,561
Alison Farrow,Alison_Farrow841@jiman.org,1955-09-11 12:36:36,83,562
Aeris Gray,Aeris_Gray3124@irrepsy.com,1903-08-11 17:04:38,44,563
Cynthia Ianson,Cynthia_Ianson8076@nimogy.biz,1916-11-22 04:10:49,45,564
Emery Robinson,Emery_Robinson7946@dionrab.com,1962-02-09 12:39:50,59,565
Manuel Gordon,Manuel_Gordon5442@iatim.tech,2010-09-14 02:48:22,36,566
Cameron Kennedy,Cameron_Kennedy2738@sveldo.biz,1831-03-19 19:17:23,82,567
Nathan Gonzales,Nathan_Gonzales2708@nickia.com,2003-02-18 12:34:14,81,568
David Donovan,David_Donovan1492@naiker.biz,1924-11-25 19:39:10,77,569
Christine Pond,Christine_Pond6141@womeona.net,1926-06-10 12:17:40,19,570
Peyton Hale,Peyton_Hale725@yahoo.com,1848-05-11 01:32:51,76,571
Michael Andrews,Michael_Andrews6084@acrit.org,1962-03-14 08:35:28,65,572
Daphne Rodwell,Daphne_Rodwell6703@elnee.tech,1834-07-15 13:09:44,29,573
Alan Underhill,Alan_Underhill2328@guentu.biz,1951-04-03 19:08:06,71,574
Daron Clark,Daron_Clark4678@bretoux.com,1983-03-04 19:11:15,84,575
Tom Calderwood,Tom_Calderwood1019@typill.biz,1962-03-06 02:35:38,97,576
Lindsay Salt,Lindsay_Salt7385@acrit.org,1858-06-06 15:19:41,74,577
Sebastian Giles,Sebastian_Giles8236@atink.com,2000-02-15 08:38:21,68,578
Domenic Douglas,Domenic_Douglas9371@extex.org,1904-07-01 09:46:24,33,579
Alan Owen,Alan_Owen1444@deons.tech,1925-11-13 11:03:07,27,580
Melinda Weasley,Melinda_Weasley5738@ovock.tech,2000-09-25 10:58:56,93,581
Chad Crawley,Chad_Crawley347@brety.org,1852-12-04 00:51:43,94,582
Hayden Camden,Hayden_Camden5204@atink.com,1946-06-24 17:20:42,68,583
Daron Randall,Daron_Randall2389@kideod.biz,1970-07-26 20:18:58,25,584
Phoebe Sloan,Phoebe_Sloan5032@qater.org,1840-03-30 22:27:24,94,585
Benjamin Flett,Benjamin_Flett1902@ubusive.com,1879-05-19 13:56:25,43,586
Margot Attwood,Margot_Attwood3467@cispeto.com,1828-02-24 20:00:34,97,587
Tess Vollans,Tess_Vollans6523@ovock.tech,1894-12-19 00:24:39,21,588
Parker Kelly,Parker_Kelly7863@sveldo.biz,1976-01-05 22:20:53,30,589
Greta Underhill,Greta_Underhill6823@bungar.biz,1994-11-18 03:28:58,84,590
Kieth Lane,Kieth_Lane4469@nimogy.biz,1981-07-01 17:39:13,97,591
Daphne Cann,Daphne_Cann3848@nimogy.biz,1995-05-31 03:28:14,78,592
Benny Uttley,Benny_Uttley4251@naiker.biz,1881-01-14 18:11:42,24,593
Diane Lynn,Diane_Lynn8682@qater.org,1947-05-02 09:28:05,42,594
Johnny Blythe,Johnny_Blythe9347@guentu.biz,1823-02-08 15:29:00,22,595
Owen Little,Owen_Little2587@bauros.biz,1944-05-30 20:26:38,49,596
Renee Emmett,Renee_Emmett1482@brety.org,1961-04-06 17:24:31,21,597
Isla Brown,Isla_Brown9357@deavo.com,1964-05-11 10:09:31,82,598
Daron Cunningham,Daron_Cunningham6567@supunk.biz,1938-09-20 07:09:06,37,599
Adalie Waterhouse,Adalie_Waterhouse7190@bretoux.com,1913-05-12 08:56:12,33,600
Maia Jobson,Maia_Jobson9557@mafthy.com,1823-11-17 05:18:32,21,601
Julian Brooks,Julian_Brooks8646@bauros.biz,1959-04-06 08:17:45,29,602
Madelyn Thorpe,Madelyn_Thorpe2878@bretoux.com,1925-11-05 19:39:37,37,603
Jamie Ward,Jamie_Ward3320@cispeto.com,1899-10-02 07:13:04,47,604
Liv Hunter,Liv_Hunter709@dionrab.com,1822-04-09 00:57:57,68,605
Maddison Clifford,Maddison_Clifford714@typill.biz,1959-07-06 21:40:38,22,606
Harry Barclay,Harry_Barclay3084@deavo.com,1956-06-15 17:35:20,46,607
Sofie Ianson,Sofie_Ianson4026@typill.biz,1898-05-24 22:14:12,42,608
Josh Walter,Josh_Walter181@atink.com,1868-11-06 06:52:31,84,609
Benjamin Walker,Benjamin_Walker105@tonsy.org,1968-07-17 07:17:21,50,610
Faith Myatt,Faith_Myatt6334@liret.org,2011-08-08 20:46:15,51,611
Johnathan Connell,Johnathan_Connell3509@grannar.com,1876-12-01 20:38:09,55,612
Kirsten Rowlands,Kirsten_Rowlands5377@guentu.biz,1968-12-14 12:12:12,23,613
Mason Kerr,Mason_Kerr8257@famism.biz,1838-03-21 06:03:45,33,614
Aiden Gardner,Aiden_Gardner1199@deons.tech,1973-02-15 03:13:27,93,615
Carmella Rainford,Carmella_Rainford9088@extex.org,1891-08-22 08:04:44,58,616
Mason Russell,Mason_Russell2045@acrit.org,1833-09-27 19:38:17,55,617
Paula Chapman,Paula_Chapman9658@deons.tech,2000-05-04 06:55:26,27,618
Nicholas Davies,Nicholas_Davies2877@liret.org,1900-01-26 11:56:48,75,619
Laila Holt,Laila_Holt2818@naiker.biz,1960-01-03 20:24:45,19,620
Michelle Dobson,Michelle_Dobson9998@bulaffy.com,2019-04-17 18:10:48,26,621
Phoebe Kelly,Phoebe_Kelly6306@bulaffy.com,1837-06-14 21:17:57,95,622
Hayden Harper,Hayden_Harper5894@brety.org,1985-09-30 12:35:10,50,623
Ema Miller,Ema_Miller4321@tonsy.org,1837-06-30 08:44:22,36,624
Penny Armstrong,Penny_Armstrong7275@vetan.org,1885-06-19 12:39:22,75,625
Willow Poole,Willow_Poole8246@irrepsy.com,1833-09-16 15:20:16,24,626
Alexia Chester,Alexia_Chester4196@deons.tech,1869-09-07 05:11:26,85,627
Ethan Dallas,Ethan_Dallas7513@ubusive.com,1861-10-09 16:05:57,50,628
Hayden Bullock,Hayden_Bullock4718@vetan.org,1901-04-18 09:20:56,27,629
Gabriel John,Gabriel_John3134@sheye.org,1906-01-16 07:42:37,47,630
Chadwick Snow,Chadwick_Snow5519@extex.org,1941-02-08 15:40:28,39,631
Logan Gray,Logan_Gray8722@typill.biz,1939-01-11 22:31:47,74,632
Leslie Farrant,Leslie_Farrant3282@joiniaa.com,1957-06-11 16:35:57,92,633
Kieth Stuart,Kieth_Stuart6175@bretoux.com,1999-07-30 14:39:28,19,634
Julian Norris,Julian_Norris6956@sheye.org,1984-06-17 14:35:29,32,635
Erick Dixon,Erick_Dixon9329@womeona.net,1860-08-11 03:53:07,43,636
Henry Vallory,Henry_Vallory5831@supunk.biz,1889-05-07 02:44:33,92,637
Josephine Richardson,Josephine_Richardson7860@infotech44.tech,1841-06-18 00:31:32,66,638
Margot Campbell,Margot_Campbell7976@elnee.tech,1832-02-01 01:31:05,27,639
Boris Andersson,Boris_Andersson1660@sveldo.biz,1950-11-29 00:16:17,53,640
Cedrick Farmer,Cedrick_Farmer5900@liret.org,1856-09-03 17:08:56,52,641
Andrea Watt,Andrea_Watt5379@jiman.org,1981-06-22 22:53:08,45,642
Christy Aldridge,Christy_Aldridge4493@atink.com,1865-12-08 17:52:39,43,643
Joseph Nayler,Joseph_Nayler1229@guentu.biz,1847-10-04 01:30:34,39,644
Eduardo Purvis,Eduardo_Purvis6657@bungar.biz,1853-04-30 08:00:52,43,645
Livia Lyon,Livia_Lyon9597@atink.com,1844-06-20 05:34:25,99,646
Candace Partridge,Candace_Partridge6486@acrit.org,1903-08-23 08:13:38,29,647
Nick Turner,Nick_Turner8873@yahoo.com,1887-05-20 00:58:30,99,648
Matthew Noach,Matthew_Noach3689@iatim.tech,2013-09-11 14:16:56,81,649
Nick Nicolas,Nick_Nicolas5843@hourpy.biz,1907-05-06 10:54:19,60,650
Chester Cox,Chester_Cox7495@grannar.com,1863-05-26 18:14:54,85,651
Alan Niles,Alan_Niles4497@atink.com,1957-07-08 20:05:00,48,652
Rhea Porter,Rhea_Porter8706@liret.org,1876-12-04 08:44:03,67,653
Barney Burnley,Barney_Burnley9858@tonsy.org,1957-06-03 08:14:47,52,654
Nathan Murray,Nathan_Murray1387@nickia.com,1955-03-11 08:36:25,29,655
Jacob Waterson,Jacob_Waterson9495@brety.org,1966-05-29 20:28:30,40,656
William Shaw,William_Shaw3226@infotech44.tech,1823-07-28 12:05:15,56,657
Danielle Palmer,Danielle_Palmer5891@tonsy.org,1902-05-23 16:07:12,63,658
Shelby Plumb,Shelby_Plumb9249@yahoo.com,1917-04-14 04:42:14,54,659
Noah Upsdell,Noah_Upsdell5358@mafthy.com,1848-12-26 04:01:10,71,660
Adela Stewart,Adela_Stewart9711@qater.org,2009-02-04 02:18:44,44,661
Enoch Coates,Enoch_Coates9546@gmail.com,1831-06-10 16:15:16,57,662
Rosa Dempsey,Rosa_Dempsey8190@nickia.com,1898-03-05 20:44:58,22,663
Julius Morgan,Julius_Morgan5547@kideod.biz,1942-11-13 09:20:04,25,664
Hayden Beal,Hayden_Beal9317@kideod.biz,1823-05-18 14:45:09,62,665
Greta Davies,Greta_Davies6986@typill.biz,1877-11-22 10:31:17,55,666
Erin Turner,Erin_Turner7059@sveldo.biz,1884-05-16 19:42:30,80,667
Tania Dickson,Tania_Dickson1931@deons.tech,2014-12-16 19:53:22,72,668
David Roman,David_Roman4473@iatim.tech,1872-05-19 21:14:43,30,669
Josh Quinton,Josh_Quinton6257@yahoo.com,1828-12-13 12:15:48,28,670
Cedrick Pope,Cedrick_Pope3965@bulaffy.com,1825-11-21 17:32:36,87,671
Bob Truscott,Bob_Truscott6348@nimogy.biz,2009-08-19 17:52:04,88,672
Madelyn Powell,Madelyn_Powell3569@mafthy.com,1972-03-11 07:32:09,21,673
Harry Drake,Harry_Drake2550@irrepsy.com,1993-07-11 19:11:32,67,674
Nathan Lee,Nathan_Lee8952@brety.org,1947-02-22 16:24:55,25,675
Owen Harrison,Owen_Harrison9628@bauros.biz,1942-04-16 20:53:47,29,676
Wade Antcliff,Wade_Antcliff5654@joiniaa.com,1986-03-20 10:53:09,85,677
Benny Morley,Benny_Morley4633@gmail.com,2018-08-16 21:05:37,96,678
Helen Irving,Helen_Irving643@sheye.org,1978-12-05 09:07:30,88,679
Helen Chappell,Helen_Chappell3995@bungar.biz,1872-03-10 22:04:29,91,680
Alex Parr,Alex_Parr1094@extex.org,1963-04-18 07:43:35,79,681
Harvey Coates,Harvey_Coates8385@sveldo.biz,1970-03-24 14:19:47,67,682
Nicholas Evans,Nicholas_Evans2991@zorer.org,1854-05-19 04:55:31,27,683
Hayden Ross,Hayden_Ross7286@sheye.org,1863-01-23 15:29:04,21,684
Ron Randall,Ron_Randall7587@tonsy.org,1847-07-13 14:32:17,32,685
Phillip Vinton,Phillip_Vinton8841@irrepsy.com,1996-11-19 09:55:14,85,686
Paige Cunningham,Paige_Cunningham4840@bauros.biz,1980-02-28 05:32:04,91,687
Percy Page ,Percy_Page 7556@twace.org,1970-02-03 17:37:06,78,688
Mary Snell,Mary_Snell3646@irrepsy.com,1889-10-30 13:42:14,90,689
Boris Wilson,Boris_Wilson2580@cispeto.com,1842-08-07 11:03:00,50,690
Margot Weasley,Margot_Weasley3941@sveldo.biz,1927-05-25 09:30:44,77,691
Kurt Lambert,Kurt_Lambert5034@bretoux.com,2002-03-24 16:48:01,51,692
Emely Wigley,Emely_Wigley1826@sveldo.biz,1884-09-26 19:58:14,19,693
Julian Parker,Julian_Parker7076@typill.biz,1904-01-04 03:15:14,94,694
Gloria Wilkinson,Gloria_Wilkinson5263@sheye.org,2017-02-03 20:44:56,67,695
Mason Pickard,Mason_Pickard6050@tonsy.org,1902-05-04 18:17:16,82,696
Domenic Vinton,Domenic_Vinton7413@irrepsy.com,1897-09-11 04:08:40,90,697
Nick Bryant,Nick_Bryant895@kideod.biz,1842-06-18 12:45:23,28,698
Roger Vaughn,Roger_Vaughn6414@iatim.tech,1940-10-17 15:01:30,51,699
Paula Mackenzie,Paula_Mackenzie4596@eirey.tech,1930-12-19 18:12:03,50,700
Joseph Allington,Joseph_Allington752@hourpy.biz,2004-06-24 01:55:08,25,701
Gabriel Douglas,Gabriel_Douglas1502@gmail.com,1941-07-14 08:37:06,88,702
Cara Kelly,Cara_Kelly2736@jiman.org,2004-04-06 11:06:50,91,703
Ada Hunter,Ada_Hunter121@ubusive.com,1953-07-28 00:57:47,75,704
Madison Addis,Madison_Addis4216@grannar.com,1938-05-13 21:48:05,70,705
Celina Uttley,Celina_Uttley1995@nimogy.biz,1950-09-27 03:47:47,93,706
Chuck Flack,Chuck_Flack2514@naiker.biz,1926-01-18 07:52:48,75,707
Tania Savage,Tania_Savage4066@acrit.org,2010-12-06 06:12:42,73,708
Mason Utterson,Mason_Utterson2147@deavo.com,1840-06-01 05:30:18,72,709
Crystal Truscott,Crystal_Truscott8845@twipet.com,1929-01-06 14:36:36,19,710
Ally Mitchell,Ally_Mitchell3936@yahoo.com,1982-05-20 08:41:50,78,711
Carter Rivers,Carter_Rivers1351@ovock.tech,1971-10-05 21:51:32,75,712
Harriet Styles,Harriet_Styles1579@nanoff.biz,1899-11-21 05:55:07,83,713
Ron Bailey,Ron_Bailey7038@joiniaa.com,2001-01-25 15:36:10,91,714
Meredith Atkinson,Meredith_Atkinson5761@bretoux.com,1941-03-27 02:01:55,60,715
Mavis Rowlands,Mavis_Rowlands9287@brety.org,1913-11-26 11:49:13,70,716
Hazel Purvis,Hazel_Purvis484@elnee.tech,1957-12-13 08:22:43,21,717
Johnny Mooney,Johnny_Mooney6559@infotech44.tech,1972-09-25 03:58:50,64,718
Dorothy Dann,Dorothy_Dann6022@gembat.biz,1926-07-25 13:38:57,94,719
Alexander Bentley,Alexander_Bentley5420@bretoux.com,1881-05-12 22:36:08,68,720
Angelina Stevenson,Angelina_Stevenson8895@kideod.biz,1873-10-20 01:24:56,96,721
Clint Grady,Clint_Grady6626@gmail.com,1894-05-07 09:57:49,92,722
Johnathan Ashwell,Johnathan_Ashwell7981@muall.tech,1869-10-08 21:09:20,72,723
Meredith Egerton,Meredith_Egerton2289@bretoux.com,1926-01-02 21:06:09,95,724
Hadley Phillips,Hadley_Phillips187@vetan.org,1998-09-11 19:43:10,95,725
Kieth Stone,Kieth_Stone2274@grannar.com,1931-12-16 08:28:14,33,726
Daniel Latham,Daniel_Latham3064@nanoff.biz,1977-05-27 15:44:20,86,727
Daron Salt,Daron_Salt8902@kideod.biz,1997-02-07 00:22:10,79,728
Alexia Clark,Alexia_Clark3981@sheye.org,1979-07-11 17:36:40,79,729
Mona Ulyatt,Mona_Ulyatt9671@vetan.org,1929-09-11 02:22:50,85,730
Gloria Penn,Gloria_Penn3446@corti.com,1934-09-04 04:52:45,71,731
Chuck Mills,Chuck_Mills4947@naiker.biz,1852-01-26 21:39:31,48,732
William Duvall,William_Duvall6047@muall.tech,1824-05-20 10:49:17,92,733
Goldie Thomson,Goldie_Thomson3558@cispeto.com,1882-09-12 18:37:53,34,734
Liam Harvey,Liam_Harvey317@gembat.biz,1860-08-26 02:22:10,54,735
Julianna Hobson,Julianna_Hobson4810@typill.biz,1860-08-13 00:45:40,56,736
Denny Higgs,Denny_Higgs8751@bulaffy.com,2002-12-14 10:56:57,57,737
Adalind Bell,Adalind_Bell3219@sheye.org,1849-10-09 04:02:23,55,738
Valentina Aldridge,Valentina_Aldridge8445@twipet.com,1879-11-29 17:02:32,44,739
Lynn Miller,Lynn_Miller4288@dionrab.com,1869-07-30 06:57:07,41,740
Gwen Gibson,Gwen_Gibson6890@deons.tech,1882-08-22 15:31:41,71,741
Ellen Gray,Ellen_Gray2291@gompie.com,1832-09-22 15:44:34,67,742
Phoebe Addley,Phoebe_Addley6591@tonsy.org,1887-02-14 08:19:14,60,743
Barry Waterson,Barry_Waterson1087@deavo.com,1965-01-31 15:57:44,98,744
Leroy Henderson,Leroy_Henderson8926@bretoux.com,1883-12-04 14:42:50,19,745
Maya Villiger,Maya_Villiger5260@nanoff.biz,1889-02-20 17:43:29,79,746
Karla Palmer,Karla_Palmer1881@naiker.biz,1981-03-13 01:15:30,88,747
Olivia Roberts,Olivia_Roberts6044@extex.org,1995-11-21 01:29:21,89,748
Martin Whitehouse,Martin_Whitehouse2300@infotech44.tech,1887-09-22 18:22:55,47,749
Eduardo Connell,Eduardo_Connell42@yahoo.com,1871-03-16 22:08:05,58,750
Jacob Norman,Jacob_Norman9956@iatim.tech,1989-01-12 12:46:31,41,751
Brad Franks,Brad_Franks6296@dionrab.com,1885-03-08 19:03:13,55,752
Georgia Jackson,Georgia_Jackson1600@bulaffy.com,1911-09-30 05:58:34,78,753
Eduardo Woodley,Eduardo_Woodley8613@iatim.tech,1883-03-15 10:29:35,28,754
Bart Cavanagh,Bart_Cavanagh6639@deons.tech,1957-01-02 12:49:55,75,755
Daniel Ward,Daniel_Ward6450@cispeto.com,1933-07-08 01:02:05,31,756
Michael Patel,Michael_Patel7854@gmail.com,1887-11-07 19:30:00,79,757
Jacob Brown,Jacob_Brown964@muall.tech,2008-03-12 19:38:03,36,758
Domenic Hamilton,Domenic_Hamilton8852@acrit.org,2018-11-11 00:44:20,22,759
Lucas Bentley,Lucas_Bentley4371@cispeto.com,1871-05-31 19:04:17,80,760
William Coll,William_Coll1892@typill.biz,1823-06-29 10:48:58,65,761
Molly Cobb,Molly_Cobb8687@jiman.org,1863-08-19 11:18:25,49,762
Barney Dickson,Barney_Dickson9531@corti.com,1916-12-17 22:00:34,50,763
Lily Shepherd,Lily_Shepherd3090@supunk.biz,1993-09-19 12:50:04,45,764
Hank Potter,Hank_Potter7658@bretoux.com,1993-09-19 09:31:10,42,765
Amelia Lee,Amelia_Lee9049@elnee.tech,1964-12-17 19:52:41,45,766
Russel Vangness,Russel_Vangness5911@irrepsy.com,2015-06-14 00:38:27,50,767
Martin Rees,Martin_Rees921@qater.org,1849-12-11 07:24:37,69,768
Isabel Thomson,Isabel_Thomson2768@muall.tech,1935-03-28 02:27:51,73,769
Mason Morris,Mason_Morris7437@twipet.com,1834-04-14 21:10:16,46,770
Enoch Hewitt,Enoch_Hewitt7726@iatim.tech,1845-03-14 06:32:02,40,771
Alessia Reynolds,Alessia_Reynolds771@jiman.org,1940-12-03 14:57:56,92,772
Renee Lucas,Renee_Lucas7924@supunk.biz,2019-07-21 10:29:46,82,773
Cherish Alldridge,Cherish_Alldridge2894@naiker.biz,1876-02-01 08:03:37,60,774
Ruth Sanchez,Ruth_Sanchez6010@twipet.com,1930-07-04 09:04:27,74,775
Cassandra Plant,Cassandra_Plant3813@corti.com,1876-10-09 22:15:22,70,776
Mike Bingham,Mike_Bingham2581@dionrab.com,1869-02-16 07:56:17,18,777
Michael Pratt,Michael_Pratt4345@vetan.org,1875-08-15 03:10:30,87,778
Jasmine Pickard,Jasmine_Pickard1028@ubusive.com,1871-01-04 21:43:47,58,779
David Shields,David_Shields9963@zorer.org,1921-11-25 19:09:31,21,780
Alice Whinter,Alice_Whinter4636@irrepsy.com,2001-05-08 14:46:45,35,781
Norah Gunn,Norah_Gunn5343@dionrab.com,1872-05-02 17:38:54,84,782
Harry Ralph,Harry_Ralph7970@deavo.com,1843-12-18 19:19:33,26,783
Ramon Griffiths,Ramon_Griffiths4697@iatim.tech,1844-12-20 13:33:37,53,784
Carl Asher,Carl_Asher5821@acrit.org,1915-01-29 07:09:55,67,785
Natalie Taylor,Natalie_Taylor7231@deavo.com,1945-07-25 06:58:44,46,786
Mark Bullock,Mark_Bullock6616@sheye.org,1851-12-28 03:17:53,95,787
Natalie Raven,Natalie_Raven4922@tonsy.org,1859-03-15 14:34:25,37,788
Mayleen York,Mayleen_York9612@acrit.org,1874-05-10 17:54:44,18,789
Liliana Locke,Liliana_Locke2838@supunk.biz,1886-09-22 20:18:48,34,790
Tyler Parr,Tyler_Parr9919@ovock.tech,1935-11-14 03:43:31,60,791
Fred James,Fred_James5084@gompie.com,1888-04-24 20:15:18,58,792
Mackenzie Oswald,Mackenzie_Oswald9083@sveldo.biz,1829-06-15 08:43:06,88,793
Dani Matthews,Dani_Matthews2368@bungar.biz,1963-09-27 10:24:00,81,794
Kieth Ranks,Kieth_Ranks2286@extex.org,1844-05-26 01:18:41,21,795
Martin Noach,Martin_Noach3196@naiker.biz,1831-01-23 11:19:52,92,796
Lana Lee,Lana_Lee6783@liret.org,1959-10-19 21:18:33,88,797
Peter Hudson,Peter_Hudson5413@supunk.biz,1903-01-16 19:18:53,99,798
Bart Stevens,Bart_Stevens606@joiniaa.com,1951-02-02 07:26:26,90,799
Carl Eaton,Carl_Eaton1075@grannar.com,1953-06-01 08:41:58,42,800
Dakota Wallace,Dakota_Wallace8425@nanoff.biz,2013-05-05 08:26:54,48,801
Elijah Overson,Elijah_Overson8917@bulaffy.com,1854-10-05 09:34:15,65,802
Aiden Addis,Aiden_Addis6865@nickia.com,1972-02-13 21:08:58,77,803
Cara Hunt,Cara_Hunt6173@typill.biz,1868-12-05 07:10:52,54,804
Manuel Donnelly,Manuel_Donnelly738@nimogy.biz,2019-07-07 16:37:11,49,805
Samara Wills,Samara_Wills4181@bulaffy.com,1955-06-04 20:03:10,51,806
Lexi Ebbs,Lexi_Ebbs1978@ubusive.com,1826-05-16 20:47:04,73,807
Alan Wright,Alan_Wright8147@bretoux.com,1926-08-24 22:46:58,72,808
Nicholas Wilkinson,Nicholas_Wilkinson6068@irrepsy.com,1873-12-01 16:52:41,29,809
Sebastian Walsh,Sebastian_Walsh4875@elnee.tech,1825-10-03 08:18:44,72,810
Cedrick Mcneill,Cedrick_Mcneill5134@cispeto.com,1824-02-25 02:37:06,49,811
Aurelia Mcguire,Aurelia_Mcguire5154@acrit.org,1961-08-03 06:50:42,22,812
Rosalee Steer,Rosalee_Steer9359@bretoux.com,1943-11-04 05:11:22,41,813
Phillip Vaughn,Phillip_Vaughn3243@gompie.com,1853-11-22 17:26:05,55,814
Roger Irwin,Roger_Irwin3261@kideod.biz,1877-02-24 04:28:08,77,815
Caleb Rossi,Caleb_Rossi6946@acrit.org,1842-02-04 18:36:12,91,816
Noah Parr,Noah_Parr8230@liret.org,1827-10-24 00:43:56,32,817
Felicity Whitmore,Felicity_Whitmore2621@guentu.biz,1865-07-07 04:45:28,20,818
Angelina Mccall,Angelina_Mccall6547@grannar.com,1944-05-04 01:20:57,55,819
Britney Victor,Britney_Victor1953@nickia.com,1872-08-09 19:56:05,51,820
Chad Leigh,Chad_Leigh9606@sheye.org,2000-03-04 17:20:47,28,821
Matt Allen,Matt_Allen1788@irrepsy.com,1828-03-03 19:34:16,68,822
Johnathan Forester,Johnathan_Forester5004@typill.biz,1986-12-23 13:33:34,69,823
Sebastian Wright,Sebastian_Wright828@naiker.biz,2017-10-25 04:05:52,70,824
Fred Ryan,Fred_Ryan8452@grannar.com,1891-06-16 22:03:43,69,825
Daria Phillips,Daria_Phillips4753@elnee.tech,1930-12-07 15:01:09,94,826
Macy Bingham,Macy_Bingham1773@bauros.biz,1952-05-09 07:03:23,57,827
Joseph Haines,Joseph_Haines6370@bauros.biz,1872-11-29 03:54:55,54,828
Michael Dempsey,Michael_Dempsey9568@gembat.biz,1846-10-04 12:12:38,36,829
Alexia Sawyer,Alexia_Sawyer9468@acrit.org,1956-07-10 22:21:05,91,830
Iris Newman,Iris_Newman2520@typill.biz,1951-04-01 12:02:42,31,831
Joseph Niles,Joseph_Niles7056@deons.tech,1970-02-05 07:46:56,68,832
Carl Gibson,Carl_Gibson1686@nanoff.biz,1947-08-29 18:44:16,23,833
Samara Locke,Samara_Locke566@elnee.tech,2001-07-16 20:34:08,64,834
Rufus Woodcock,Rufus_Woodcock4894@hourpy.biz,1931-09-15 02:13:50,67,835
Ethan Robinson,Ethan_Robinson4898@naiker.biz,1998-04-19 12:29:04,32,836
Samara Riley,Samara_Riley6516@zorer.org,1944-08-20 21:01:16,33,837
Matthew Stanley,Matthew_Stanley3962@yahoo.com,1939-03-02 14:53:20,68,838
Christy Holmes,Christy_Holmes6864@brety.org,1843-11-24 08:19:15,62,839
Domenic King,Domenic_King9713@brety.org,1980-11-06 17:49:36,34,840
Henry Ward,Henry_Ward6646@brety.org,1939-01-23 12:00:27,34,841
Martin Burge,Martin_Burge4729@muall.tech,1870-10-29 20:04:54,79,842
Oliver Oakley,Oliver_Oakley7328@hourpy.biz,1915-04-03 05:39:39,36,843
Harvey Squire,Harvey_Squire1405@extex.org,1911-02-09 14:14:56,29,844
Chadwick Addis,Chadwick_Addis720@twipet.com,1966-08-29 05:02:19,56,845
Ron Tyrrell,Ron_Tyrrell8640@ovock.tech,1824-12-10 07:13:49,39,846
Marigold White,Marigold_White2427@acrit.org,1906-09-23 07:00:28,33,847
Martin King,Martin_King7843@nanoff.biz,1995-09-25 16:40:25,25,848
Bristol Devonport,Bristol_Devonport1948@twipet.com,1854-05-01 20:25:10,97,849
Alma Bentley,Alma_Bentley6880@naiker.biz,1966-09-05 00:36:42,88,850
Alan West,Alan_West1401@qater.org,1878-01-01 12:07:41,24,851
Martin Neville,Martin_Neville7488@yahoo.com,1849-08-21 11:08:55,32,852
Daniel Ring,Daniel_Ring5208@famism.biz,1865-06-08 05:25:00,53,853
Percy Horton,Percy_Horton5699@deavo.com,1820-07-25 15:12:20,18,854
Stephanie Garcia,Stephanie_Garcia983@nickia.com,1920-02-09 14:38:38,70,855
Josh Sylvester,Josh_Sylvester5406@ubusive.com,1913-12-24 09:01:04,69,856
Livia Campbell,Livia_Campbell2619@liret.org,1855-09-04 15:12:02,20,857
Daron Gallacher,Daron_Gallacher9338@gompie.com,1971-04-26 04:43:49,63,858
Christy Gonzales,Christy_Gonzales3618@gembat.biz,2013-12-16 09:25:13,37,859
Adina Alldridge,Adina_Alldridge7225@ovock.tech,1920-09-24 14:27:51,59,860
Domenic Cadman,Domenic_Cadman6309@atink.com,2003-10-20 01:43:57,65,861
Carol Butler,Carol_Butler5267@fuliss.net,1914-06-01 07:45:02,39,862
Sebastian Parker,Sebastian_Parker8062@elnee.tech,1992-02-25 04:04:57,23,863
Julian Reid,Julian_Reid3434@brety.org,1865-01-06 22:08:12,42,864
Julius Todd,Julius_Todd6528@infotech44.tech,2004-09-12 10:35:42,57,865
Josh Sanchez,Josh_Sanchez5995@bauros.biz,1937-01-06 09:47:11,41,866
Marie Whitmore,Marie_Whitmore9163@irrepsy.com,1930-08-11 18:49:47,82,867
Camden James,Camden_James7506@supunk.biz,1831-11-25 18:19:49,59,868
Maribel Avery,Maribel_Avery4891@guentu.biz,1864-09-19 07:15:34,29,869
Doris Morgan,Doris_Morgan9210@gompie.com,1996-05-08 21:31:10,51,870
Blake Rigg,Blake_Rigg9269@extex.org,2013-10-21 07:39:12,75,871
Henry Wilkinson,Henry_Wilkinson6888@zorer.org,1849-08-05 14:16:00,38,872
Michael Hudson,Michael_Hudson6524@infotech44.tech,1885-01-27 05:37:11,59,873
Alessandra Saunders,Alessandra_Saunders4357@supunk.biz,1981-11-24 18:25:29,94,874
Martin Watson,Martin_Watson8882@gmail.com,1969-05-29 04:15:02,52,875
Margaret Rogers,Margaret_Rogers9233@nanoff.biz,1933-08-01 08:08:56,72,876
Tess Emerson,Tess_Emerson7190@grannar.com,1923-04-09 21:30:17,23,877
Rihanna Dubois,Rihanna_Dubois842@gmail.com,1941-02-18 11:21:17,36,878
Kieth Roman,Kieth_Roman7706@jiman.org,1920-08-29 17:13:15,86,879
Selena Griffiths,Selena_Griffiths8290@gembat.biz,1858-04-29 03:19:19,87,880
Johnathan Exton,Johnathan_Exton9723@dionrab.com,1826-10-08 19:25:33,64,881
Ramon Egerton,Ramon_Egerton7347@gompie.com,1965-11-10 02:41:26,22,882
Georgia Edler,Georgia_Edler4565@vetan.org,1961-11-22 16:56:51,32,883
Ethan Murray,Ethan_Murray4430@supunk.biz,1902-12-23 00:36:41,36,884
Johnny Bristow,Johnny_Bristow7071@sheye.org,1914-02-01 18:43:15,57,885
Alessia Ballard,Alessia_Ballard2711@deons.tech,1848-12-22 10:30:21,47,886
Noah Pearson,Noah_Pearson3850@sveldo.biz,1999-01-09 21:24:20,30,887
Aiden Walsh,Aiden_Walsh2254@joiniaa.com,1906-07-25 00:32:40,30,888
Aleksandra Phillips,Aleksandra_Phillips3833@deons.tech,2018-10-16 06:45:20,38,889
Clint Page ,Clint_Page 3532@bungar.biz,1968-11-19 17:16:34,89,890
Nina York,Nina_York1206@naiker.biz,1936-09-09 10:38:50,72,891
Emmanuelle Calderwood,Emmanuelle_Calderwood2105@kideod.biz,1884-04-29 05:10:17,28,892
Alexia Lindsay,Alexia_Lindsay863@nanoff.biz,1858-07-19 05:38:17,72,893
Julian Wilkinson,Julian_Wilkinson8156@iatim.tech,1926-09-04 13:33:35,60,894
Phillip Cartwright,Phillip_Cartwright6949@twace.org,1834-05-09 15:02:53,67,895
Harry Robe,Harry_Robe4608@twipet.com,1886-08-18 07:18:55,66,896
Erick Devonport,Erick_Devonport1881@extex.org,1901-07-29 21:00:34,92,897
Caitlyn Robinson,Caitlyn_Robinson7728@mafthy.com,2006-10-24 06:21:56,26,898
Celina Thorne,Celina_Thorne6913@atink.com,1834-04-10 16:29:31,42,899
Brad Scott,Brad_Scott76@nanoff.biz,1968-01-20 07:42:41,76,900
Julius Stuart,Julius_Stuart27@zorer.org,1994-06-20 00:13:51,46,901
Cassandra Gilmore,Cassandra_Gilmore8332@deons.tech,1851-04-07 01:38:02,94,902
Chad John,Chad_John2828@deavo.com,1915-09-17 00:33:35,87,903
Benny Wilde,Benny_Wilde2476@extex.org,1983-02-15 16:43:48,40,904
Camila Reid,Camila_Reid1803@eirey.tech,1868-11-06 20:46:53,19,905
Esmeralda Flynn,Esmeralda_Flynn7716@yahoo.com,1956-01-12 04:10:17,50,906
Victoria Fleming,Victoria_Fleming273@brety.org,1918-05-31 06:06:50,40,907
Noemi Abbot,Noemi_Abbot7663@zorer.org,1856-10-26 19:17:02,55,908
Sebastian Funnell,Sebastian_Funnell5841@nanoff.biz,2013-01-06 20:52:12,42,909
Bob Poole,Bob_Poole4320@elnee.tech,1940-10-27 20:34:26,80,910
Erick Strong,Erick_Strong6346@mafthy.com,1887-06-20 18:53:52,88,911
Lindsay Jordan,Lindsay_Jordan8371@hourpy.biz,1939-06-16 18:02:50,81,912
Lucas Clayton,Lucas_Clayton5464@nickia.com,1999-01-30 20:23:19,40,913
Alan Lambert,Alan_Lambert2791@cispeto.com,1973-05-19 07:01:58,87,914
Ellen Mitchell,Ellen_Mitchell3581@kideod.biz,1957-01-14 08:35:35,87,915
Alexander Warden,Alexander_Warden6803@atink.com,1927-03-16 20:23:56,74,916
Hazel Cooper,Hazel_Cooper6234@grannar.com,1943-07-08 01:51:18,22,917
Courtney Vaughn,Courtney_Vaughn83@iatim.tech,1946-05-21 09:31:05,99,918
Daron Ellis,Daron_Ellis4870@irrepsy.com,1915-09-13 11:09:07,98,919
Celia Hewitt,Celia_Hewitt3067@joiniaa.com,1962-07-30 09:21:47,86,920
Caleb Morrow,Caleb_Morrow5493@grannar.com,1826-02-13 18:43:02,60,921
Jacob Wigley,Jacob_Wigley9618@tonsy.org,1846-04-15 14:05:09,23,922
Noah Wallace,Noah_Wallace3324@gembat.biz,1895-08-30 16:43:35,93,923
Rosalie Maxwell,Rosalie_Maxwell2541@supunk.biz,2016-10-22 00:14:55,53,924
Joseph Rogan,Joseph_Rogan6054@zorer.org,1917-04-21 14:05:06,40,925
Adalind Mullins,Adalind_Mullins7446@deavo.com,1960-05-19 17:55:20,32,926
Alison Allen,Alison_Allen1291@twipet.com,1836-05-15 14:02:34,34,927
Domenic Lynch,Domenic_Lynch7177@supunk.biz,1893-09-17 18:08:27,76,928
Rick Gosling,Rick_Gosling3221@qater.org,2007-06-07 18:57:31,74,929
Henry Clayton,Henry_Clayton7594@twace.org,1946-11-04 14:58:18,82,930
Destiny Blackwall,Destiny_Blackwall9110@nanoff.biz,1956-10-11 03:29:21,46,931
Owen Griffiths,Owen_Griffiths6290@joiniaa.com,1960-01-05 10:47:16,46,932
Caydence Mccormick,Caydence_Mccormick8909@fuliss.net,1825-04-05 11:23:34,79,933
Erick Tindall,Erick_Tindall6835@guentu.biz,1858-09-10 02:41:08,31,934
Aisha Myatt,Aisha_Myatt1913@naiker.biz,1932-04-12 13:15:20,53,935
Norah Weldon,Norah_Weldon9680@womeona.net,1853-05-23 01:37:53,30,936
Matthew Grey,Matthew_Grey6130@vetan.org,1839-10-23 19:46:44,36,937
Boris Appleton,Boris_Appleton1215@grannar.com,2005-08-15 01:18:06,54,938
Alan Richardson,Alan_Richardson1653@grannar.com,2006-11-22 02:50:09,76,939
Russel Gallacher,Russel_Gallacher9969@infotech44.tech,1830-06-28 09:00:34,74,940
Harriet Sinclair,Harriet_Sinclair1226@hourpy.biz,1913-06-27 03:34:24,67,941
Joseph Kent,Joseph_Kent4620@brety.org,2010-05-26 15:43:03,73,942
Ellen Matthews,Ellen_Matthews294@deons.tech,1849-10-14 21:39:08,59,943
Tyler Garcia,Tyler_Garcia4280@deavo.com,1943-10-10 16:54:20,25,944
Caleb Murphy,Caleb_Murphy5489@vetan.org,1895-09-20 21:19:15,20,945
Julius Tait,Julius_Tait9143@nimogy.biz,1971-08-18 03:28:01,73,946
Camellia Murphy,Camellia_Murphy9027@sveldo.biz,1831-11-22 00:05:44,27,947
Beatrice Wilton,Beatrice_Wilton9699@guentu.biz,1913-02-27 12:05:24,76,948
Harry Gibson,Harry_Gibson1119@atink.com,1984-06-16 02:47:43,96,949
Analise Grey,Analise_Grey6703@grannar.com,1881-10-18 02:31:26,63,950
Paula Rogers,Paula_Rogers1596@naiker.biz,1941-02-16 06:57:01,36,951
Leilani Michael,Leilani_Michael3075@irrepsy.com,2008-10-29 01:19:44,41,952
Elijah Thornton,Elijah_Thornton7949@muall.tech,1822-08-28 19:42:24,65,953
Julia Wright,Julia_Wright8719@gmail.com,1893-04-04 00:14:18,62,954
Charlize Fox,Charlize_Fox5064@brety.org,1896-04-17 03:35:12,68,955
Abdul Hall,Abdul_Hall1672@vetan.org,1849-04-08 11:46:29,82,956
Renee Radley,Renee_Radley4489@qater.org,1863-06-04 09:11:55,26,957
Felicity Cooper,Felicity_Cooper2146@bauros.biz,1983-01-19 09:50:03,40,958
Harmony Donnelly,Harmony_Donnelly8045@acrit.org,1943-04-10 05:28:15,36,959
Sharon Collingwood,Sharon_Collingwood5353@naiker.biz,2014-07-12 13:19:38,60,960
Cassandra Weston,Cassandra_Weston1045@nickia.com,1896-11-17 17:33:24,82,961
Goldie Thorne,Goldie_Thorne2222@bungar.biz,1919-03-17 00:44:05,37,962
Louise Dixon,Louise_Dixon7210@liret.org,1964-12-12 02:27:24,81,963
Gloria Martin,Gloria_Martin5346@ubusive.com,1998-12-22 13:24:07,97,964
Phillip Wren,Phillip_Wren4824@cispeto.com,1868-11-27 11:30:35,42,965
Rocco Crawley,Rocco_Crawley4144@womeona.net,1820-08-16 00:55:51,96,966
Anabel Fall,Anabel_Fall6419@grannar.com,1946-08-29 10:11:52,20,967
Mary Parker,Mary_Parker1242@gmail.com,1886-11-07 20:26:12,98,968
Harry Addis,Harry_Addis1246@qater.org,1902-05-09 19:46:00,44,969
Carmella Buckley,Carmella_Buckley1768@nimogy.biz,1936-10-22 11:24:54,89,970
John Gardner,John_Gardner5714@joiniaa.com,1880-09-11 04:06:02,34,971
Harry Sherwood,Harry_Sherwood9006@deavo.com,1957-04-19 09:01:46,29,972
Phillip Norman,Phillip_Norman5685@nanoff.biz,1865-05-24 02:26:25,83,973
Audrey Rogers,Audrey_Rogers3498@nanoff.biz,2013-05-25 22:17:42,62,974
Boris Davies,Boris_Davies8045@gembat.biz,1872-11-25 21:37:27,18,975
Rufus Parker,Rufus_Parker7861@deons.tech,1850-12-13 01:03:23,32,976
Joseph Stevens,Joseph_Stevens2420@supunk.biz,1946-12-12 01:21:42,78,977
Carissa Redfern,Carissa_Redfern2455@bungar.biz,1830-11-01 20:23:20,93,978
Julianna Clark,Julianna_Clark4183@iatim.tech,1883-05-16 19:42:15,19,979
Carter Vincent,Carter_Vincent5387@ubusive.com,1910-10-28 01:29:24,65,980
Logan Holmes,Logan_Holmes7242@twipet.com,1830-07-10 04:22:50,20,981
Johnathan Mooney,Johnathan_Mooney4757@bulaffy.com,1970-04-20 17:15:36,23,982
Florence Campbell,Florence_Campbell7035@zorer.org,1978-11-12 04:44:53,57,983
Lucas Howard,Lucas_Howard7664@brety.org,1956-10-13 12:15:07,65,984
Audrey Rose,Audrey_Rose2289@sheye.org,1858-11-13 05:25:37,66,985
Stephanie Hilton,Stephanie_Hilton3514@typill.biz,1985-12-01 11:12:50,59,986
Isabel Rixon,Isabel_Rixon3671@yahoo.com,1989-04-29 16:55:43,36,987
Marjorie Burge,Marjorie_Burge398@ovock.tech,1881-04-22 10:51:54,72,988
Hayden Robertson,Hayden_Robertson3176@typill.biz,1867-02-23 11:36:56,92,989
Erin Evans,Erin_Evans6148@bauros.biz,1954-07-05 00:30:11,94,990
Josephine Cork,Josephine_Cork4024@supunk.biz,1850-11-11 14:50:23,59,991
Rick Walsh,Rick_Walsh1944@bungar.biz,1829-08-15 07:09:32,82,992
Margot Howard,Margot_Howard8332@yahoo.com,1990-06-20 03:31:17,41,993
Doug Lane,Doug_Lane9965@tonsy.org,1877-06-15 02:42:54,71,994
Mason Bullock,Mason_Bullock4612@grannar.com,1935-10-11 01:11:40,74,995
Holly Shea,Holly_Shea4107@mafthy.com,1895-04-07 07:50:21,62,996
Barney Pearce,Barney_Pearce1096@gembat.biz,1896-07-30 21:16:58,71,997
Logan Brooks,Logan_Brooks9025@tonsy.org,1954-02-19 20:30:16,55,998
Helen Tanner,Helen_Tanner6041@bungar.biz,1910-03-01 00:15:23,85,999
Mackenzie Jarvis,Mackenzie_Jarvis3852@iatim.tech,1923-07-01 02:06:15,32,1000
Kurt Martin,Kurt_Martin330@bauros.biz,1974-12-06 14:02:13,94,1001
Erick Norton,Erick_Norton9115@sheye.org,1837-07-12 05:55:10,79,1002
Julius Eyres,Julius_Eyres1779@nickia.com,1959-01-28 05:49:15,72,1003
Beatrice Reynolds,Beatrice_Reynolds989@hourpy.biz,2017-11-07 16:48:50,30,1004
Chuck London,Chuck_London4668@ubusive.com,1853-10-09 15:26:36,63,1005
Gwenyth Archer,Gwenyth_Archer5094@typill.biz,2008-06-18 20:01:20,22,1006
Mike Fowler,Mike_Fowler5571@gmail.com,1968-08-10 12:28:04,81,1007
Tyson Flack,Tyson_Flack267@bungar.biz,1898-09-30 15:24:50,59,1008
Enoch Ianson,Enoch_Ianson7171@supunk.biz,1898-03-31 18:43:16,90,1009
Anne Ellison,Anne_Ellison7946@vetan.org,1828-10-01 04:28:05,65,1010
Camden Avery,Camden_Avery8484@gembat.biz,1991-06-27 01:53:34,52,1011
Aiden Ralph,Aiden_Ralph8442@yahoo.com,1973-09-30 12:03:09,98,1012
Norah Gilbert,Norah_Gilbert1969@nimogy.biz,1946-08-07 21:17:24,90,1013
Hank Jackson,Hank_Jackson2767@guentu.biz,1985-07-25 09:21:30,62,1014
Lindsay Lynch,Lindsay_Lynch8617@vetan.org,1937-02-08 12:36:44,87,1015
Sage Plumb,Sage_Plumb1066@nickia.com,1980-05-05 00:09:08,64,1016
Amy Vaughan,Amy_Vaughan6970@liret.org,1840-09-17 03:52:55,35,1017
Camden Simpson,Camden_Simpson6257@nickia.com,2019-10-10 15:19:34,27,1018
Noemi Khan,Noemi_Khan5753@joiniaa.com,1835-06-07 20:12:36,26,1019
Leroy Ianson,Leroy_Ianson9451@iatim.tech,1928-11-01 09:27:37,59,1020
Carmella Trent,Carmella_Trent5453@corti.com,1877-01-06 13:40:25,72,1021
Mason Bryant,Mason_Bryant379@corti.com,1933-02-06 05:53:17,29,1022
Carolyn Wright,Carolyn_Wright8482@supunk.biz,1840-05-16 22:35:58,28,1023
Maxwell Walter,Maxwell_Walter908@deavo.com,1902-02-25 15:58:04,28,1024
Alexia Lucas,Alexia_Lucas9444@ovock.tech,1851-08-17 15:10:26,24,1025
Clint Smith,Clint_Smith4950@jiman.org,1912-01-25 09:48:09,50,1026
Chuck Ramsey,Chuck_Ramsey3101@sveldo.biz,2010-07-09 22:28:19,24,1027
Alan Abbot,Alan_Abbot1645@muall.tech,1829-08-05 04:19:52,36,1028
Kurt Murphy,Kurt_Murphy9122@typill.biz,1830-10-20 00:11:48,37,1029
Melanie Coll,Melanie_Coll6912@typill.biz,1924-05-15 11:27:49,18,1030
Hadley Lambert,Hadley_Lambert3664@nanoff.biz,1835-03-27 15:00:49,36,1031
Gil Wooldridge,Gil_Wooldridge9277@infotech44.tech,1922-10-19 18:46:29,21,1032
Mike Wilde,Mike_Wilde943@dionrab.com,1833-02-17 09:08:20,28,1033
Mayleen Patel,Mayleen_Patel8916@famism.biz,1865-11-17 21:46:43,78,1034
Matt Jenkin,Matt_Jenkin5941@ovock.tech,2010-07-13 20:53:42,43,1035
Tess Cassidy,Tess_Cassidy7961@dionrab.com,1899-10-10 12:44:17,27,1036
Adeline Adler,Adeline_Adler7157@nickia.com,1935-12-29 13:02:51,78,1037
Bart Hardwick,Bart_Hardwick7497@nimogy.biz,2003-03-14 09:04:07,27,1038
Rowan Simmons,Rowan_Simmons414@elnee.tech,1991-12-27 16:40:48,71,1039
Crystal Whitehouse,Crystal_Whitehouse6279@dionrab.com,1984-09-05 08:37:54,49,1040
Candace Yarlett,Candace_Yarlett9792@bauros.biz,1951-02-09 15:13:06,31,1041
Nick James,Nick_James1768@ovock.tech,1858-02-20 02:36:16,84,1042
Cedrick Boden,Cedrick_Boden2202@famism.biz,1892-01-26 12:24:40,88,1043
Kurt Fall,Kurt_Fall7538@bauros.biz,1878-02-06 10:25:17,82,1044
Rufus Bryant,Rufus_Bryant6567@nimogy.biz,1866-09-06 13:18:39,89,1045
Jules Gilmore,Jules_Gilmore1196@womeona.net,1916-09-15 14:48:54,49,1046
Alan Ryan,Alan_Ryan2553@vetan.org,1854-05-03 07:50:25,72,1047
Cadence Jackson,Cadence_Jackson4987@vetan.org,1889-08-28 07:33:31,84,1048
Lexi Dixon,Lexi_Dixon8050@nanoff.biz,1985-06-26 10:01:13,39,1049
Martin Payne,Martin_Payne9093@nimogy.biz,2014-05-25 22:18:03,60,1050
Julian Eyres,Julian_Eyres93@atink.com,1821-02-27 09:50:30,33,1051
Roger Palmer,Roger_Palmer1164@vetan.org,1992-06-05 11:43:05,81,1052
Daron Wood,Daron_Wood1624@yahoo.com,1839-09-24 04:24:48,69,1053
Kieth King,Kieth_King109@bulaffy.com,1828-12-31 08:43:39,31,1054
Rae Mccormick,Rae_Mccormick355@sveldo.biz,1932-04-14 08:22:17,85,1055
Wade Snow,Wade_Snow2814@naiker.biz,1941-09-19 02:42:58,21,1056
Kieth Quinnell,Kieth_Quinnell8812@naiker.biz,1854-01-11 13:16:12,65,1057
Joseph Webster,Joseph_Webster9262@gmail.com,1848-08-29 18:35:03,56,1058
Kurt Carpenter,Kurt_Carpenter9972@atink.com,1853-08-30 17:13:12,42,1059
Vivian Bingham,Vivian_Bingham6168@acrit.org,1903-08-06 12:36:13,94,1060
Roger Crawford,Roger_Crawford7198@bretoux.com,1965-11-21 03:17:54,71,1061
Jamie Atkinson,Jamie_Atkinson5216@bretoux.com,1825-09-20 20:02:42,69,1062
Nate Mccall,Nate_Mccall9081@vetan.org,1993-04-12 00:27:34,95,1063
Doris Rycroft,Doris_Rycroft1286@irrepsy.com,1952-02-19 14:23:40,52,1064
Nick Holt,Nick_Holt5679@corti.com,1914-02-28 22:13:18,43,1065
Vera Warren,Vera_Warren6038@womeona.net,1948-01-10 00:16:05,55,1066
Julius Clifton,Julius_Clifton9749@famism.biz,1948-02-13 02:31:02,70,1067
Camellia Wheeler,Camellia_Wheeler3021@vetan.org,2007-09-25 00:28:24,30,1068
Enoch Nobbs,Enoch_Nobbs2684@joiniaa.com,1837-02-20 06:45:35,86,1069
Nate Rothwell,Nate_Rothwell2246@deavo.com,1887-04-30 17:19:30,87,1070
Hope Driscoll,Hope_Driscoll6664@bulaffy.com,1832-10-02 03:35:58,66,1071
Luna Cavanagh,Luna_Cavanagh9505@gompie.com,2010-04-08 12:26:33,97,1072
Denny Archer,Denny_Archer2024@fuliss.net,1834-12-27 04:08:35,40,1073
Hanna Cassidy,Hanna_Cassidy5660@typill.biz,1907-11-30 13:28:21,46,1074
Cynthia Potter,Cynthia_Potter10@eirey.tech,1837-10-23 11:20:38,79,1075
Darlene Moran,Darlene_Moran5348@corti.com,2019-03-29 11:57:38,85,1076
Matt Roberts,Matt_Roberts7153@joiniaa.com,1998-01-13 13:17:08,28,1077
Moira Anderson,Moira_Anderson2236@yahoo.com,1956-10-13 13:55:56,94,1078
Rocco Emerson,Rocco_Emerson8479@corti.com,2000-01-31 21:26:04,84,1079
Oliver Ingram,Oliver_Ingram5371@irrepsy.com,2005-08-04 15:03:35,47,1080
Maxwell Clifford,Maxwell_Clifford5251@supunk.biz,1967-05-02 04:31:29,84,1081
Logan Stevens,Logan_Stevens7215@eirey.tech,1831-10-07 12:08:13,59,1082
Carl Moss,Carl_Moss3445@gembat.biz,1971-02-03 05:32:45,27,1083
Maya Russel,Maya_Russel6041@joiniaa.com,1898-03-25 14:56:26,79,1084
Lucas Emmett,Lucas_Emmett2706@supunk.biz,1888-10-30 13:06:17,51,1085
Luna Calderwood,Luna_Calderwood925@joiniaa.com,1899-07-09 22:50:18,70,1086
Mason Gonzales,Mason_Gonzales3841@typill.biz,1996-02-12 05:24:18,87,1087
Ryan Walter,Ryan_Walter4854@typill.biz,1927-06-11 04:55:55,88,1088
Britney Hudson,Britney_Hudson3601@deavo.com,1911-01-13 16:14:11,19,1089
Enoch Lee,Enoch_Lee8163@eirey.tech,1825-12-09 14:33:27,60,1090
Daphne Veale,Daphne_Veale4416@infotech44.tech,1984-10-31 19:19:16,89,1091
Robyn Holmes,Robyn_Holmes4522@irrepsy.com,1896-09-12 09:24:39,47,1092
Julia Plant,Julia_Plant3005@kideod.biz,1950-11-22 21:51:14,82,1093
Rick Weasley,Rick_Weasley4287@sheye.org,1821-12-12 07:47:22,91,1094
Jacob Morrison,Jacob_Morrison3133@naiker.biz,1891-08-22 19:10:20,88,1095
Jocelyn Hood,Jocelyn_Hood994@acrit.org,1839-03-17 21:29:58,44,1096
Chuck Flack,Chuck_Flack4887@infotech44.tech,1939-09-20 12:28:40,55,1097
Andrea London,Andrea_London7739@bauros.biz,1980-02-14 00:53:29,25,1098
Joseph Walsh,Joseph_Walsh3799@nanoff.biz,1958-05-01 16:22:04,73,1099
Susan Mitchell,Susan_Mitchell611@fuliss.net,1945-06-09 06:28:20,34,1100
Jasmine Robertson,Jasmine_Robertson8874@typill.biz,1824-06-21 04:07:20,63,1101
Payton Windsor,Payton_Windsor8963@womeona.net,1847-07-05 10:42:18,41,1102
Macy Gibson,Macy_Gibson85@supunk.biz,1864-04-28 17:57:45,28,1103
George Robinson,George_Robinson3028@bretoux.com,1899-03-02 05:37:33,30,1104
Oliver Nurton,Oliver_Nurton5308@vetan.org,1831-02-15 19:54:30,89,1105
Renee Lynch,Renee_Lynch561@ubusive.com,1942-06-01 22:29:29,66,1106
Barry Stewart,Barry_Stewart2108@yahoo.com,1920-04-15 10:40:35,29,1107
Harvey Johnson,Harvey_Johnson1702@sheye.org,1873-01-22 03:51:23,45,1108
Juliet Brown,Juliet_Brown8934@ovock.tech,2012-03-03 09:30:57,74,1109
Joseph Tailor,Joseph_Tailor9824@bulaffy.com,1879-02-22 05:48:29,27,1110
Chester Hill,Chester_Hill3764@extex.org,1892-09-12 09:58:16,23,1111
Carl Corbett,Carl_Corbett1662@gembat.biz,1897-11-11 17:27:14,23,1112
Jade Vane,Jade_Vane9010@bauros.biz,1847-02-10 15:09:15,57,1113
Nicholas Avery,Nicholas_Avery2739@brety.org,1864-09-06 12:04:53,66,1114
Francesca Nayler,Francesca_Nayler9058@liret.org,1875-05-11 14:57:45,60,1115
Kurt Saunders,Kurt_Saunders4332@fuliss.net,1957-04-18 10:25:37,87,1116
Leroy Eddison,Leroy_Eddison7950@famism.biz,1851-07-30 17:48:26,99,1117
Johnathan Cameron,Johnathan_Cameron6570@womeona.net,1957-11-11 15:47:39,56,1118
Danny Evans,Danny_Evans7434@ovock.tech,1863-04-04 16:54:15,21,1119
Barney Long,Barney_Long572@bulaffy.com,1876-07-07 15:26:50,23,1120
Alex Norburn,Alex_Norburn7790@muall.tech,1988-01-09 05:54:53,45,1121
Adina Yates,Adina_Yates1625@gmail.com,2017-05-18 19:57:49,87,1122
Rosa Bryant,Rosa_Bryant4019@gembat.biz,1973-08-03 05:29:44,38,1123
Alan Adams,Alan_Adams6084@ovock.tech,1952-04-17 03:36:05,27,1124
Skylar Hastings,Skylar_Hastings9245@famism.biz,1850-08-10 07:16:40,93,1125
Mayleen Hancock,Mayleen_Hancock48@muall.tech,1956-08-11 05:07:33,91,1126
Joseph Smith,Joseph_Smith6537@ubusive.com,1972-07-20 15:08:12,76,1127
Harmony Douglas,Harmony_Douglas7253@zorer.org,1940-11-05 18:38:21,22,1128
Chuck Salt,Chuck_Salt8239@hourpy.biz,1879-04-26 14:56:56,40,1129
Bart Farmer,Bart_Farmer1946@womeona.net,1864-05-23 14:22:35,40,1130
Elijah Nicolas,Elijah_Nicolas9780@sveldo.biz,1851-06-10 18:51:07,21,1131
Trisha Bell,Trisha_Bell5113@irrepsy.com,1942-12-28 21:20:48,20,1132
Fred Butler,Fred_Butler9293@twipet.com,1974-04-03 04:41:11,71,1133
Mona Mccall,Mona_Mccall826@gompie.com,1864-05-18 20:48:42,73,1134
Joseph Savage,Joseph_Savage9128@supunk.biz,1982-02-17 06:31:42,93,1135
Adalind Garner,Adalind_Garner5577@atink.com,1974-02-02 00:08:40,46,1136
Rita Wright,Rita_Wright4784@deons.tech,1909-09-21 12:40:55,38,1137
Carissa Noon,Carissa_Noon1346@grannar.com,1894-04-12 20:15:31,58,1138
Georgia Williams,Georgia_Williams2801@gmail.com,1951-08-26 20:29:54,84,1139
Joseph Burge,Joseph_Burge3709@bauros.biz,1895-05-01 01:20:48,96,1140
Harry Higgs,Harry_Higgs4741@gembat.biz,1852-01-08 15:24:00,82,1141
Angelina Irving,Angelina_Irving1869@qater.org,1871-04-27 03:23:05,53,1142
Regina Kennedy,Regina_Kennedy1262@famism.biz,2011-01-05 22:15:23,32,1143
Luna Brown,Luna_Brown5779@liret.org,2000-03-12 02:29:04,36,1144
Victoria Roberts,Victoria_Roberts1449@bungar.biz,1911-06-05 03:56:30,57,1145
Ron Collis,Ron_Collis3875@gmail.com,1862-10-21 19:27:25,38,1146
Lorraine Rust,Lorraine_Rust8285@corti.com,1887-12-05 06:02:56,95,1147
Martin Edwards,Martin_Edwards8806@kideod.biz,1844-11-09 12:35:11,66,1148
Ronald Wallace,Ronald_Wallace9046@bungar.biz,1945-03-20 06:03:11,19,1149
Rick Webster,Rick_Webster8237@yahoo.com,1938-01-10 09:39:38,66,1150
Cecilia Dann,Cecilia_Dann5702@ubusive.com,1942-05-31 07:21:55,39,1151
Vanessa Marshall,Vanessa_Marshall8329@kideod.biz,1857-04-29 15:07:52,88,1152
Alan Whatson,Alan_Whatson9401@guentu.biz,1929-06-21 12:29:50,88,1153
Cedrick Brock,Cedrick_Brock6068@elnee.tech,1959-07-06 00:10:34,44,1154
Jolene Harrington,Jolene_Harrington9418@gmail.com,1986-11-30 08:14:22,87,1155
Mark Whitmore,Mark_Whitmore7915@grannar.com,2004-04-07 06:03:40,81,1156
Felicity Lomax,Felicity_Lomax878@grannar.com,1971-08-25 06:39:23,79,1157
Chris Ryan,Chris_Ryan5666@mafthy.com,1842-04-06 02:52:33,22,1158
Ciara King,Ciara_King61@bungar.biz,1901-08-03 02:09:03,60,1159
Iris Roberts,Iris_Roberts8049@jiman.org,1908-01-24 09:01:22,67,1160
Georgia Broomfield,Georgia_Broomfield6301@nickia.com,1908-02-05 17:11:12,54,1161
Nina Whitehouse,Nina_Whitehouse6226@gompie.com,1968-12-19 16:29:09,30,1162
Percy Neal,Percy_Neal8795@ubusive.com,1869-12-09 22:43:17,30,1163
Dasha King,Dasha_King9676@corti.com,1923-05-05 10:29:20,58,1164
Emma Wilkinson,Emma_Wilkinson6164@deavo.com,1827-12-09 10:51:13,61,1165
Noah Ballard,Noah_Ballard2368@infotech44.tech,1909-09-05 01:57:17,51,1166
Matt Holmes,Matt_Holmes600@bauros.biz,1962-04-16 20:30:07,23,1167
Analise Ralph,Analise_Ralph6695@corti.com,1961-06-04 03:58:09,41,1168
Carl Rogers,Carl_Rogers7674@elnee.tech,1976-09-29 05:15:58,22,1169
Martha Harrison,Martha_Harrison9312@famism.biz,1948-04-28 00:52:51,18,1170
Carter Alexander,Carter_Alexander1603@eirey.tech,1919-11-29 17:11:43,40,1171
Aurelia May,Aurelia_May93@vetan.org,1882-10-14 11:08:37,97,1172
Oliver Summers,Oliver_Summers706@iatim.tech,1976-02-05 00:13:36,88,1173
Brad King,Brad_King1540@twace.org,1995-02-26 08:20:30,94,1174
Payton Norburn,Payton_Norburn7148@sheye.org,1891-10-10 15:10:18,78,1175
Isabella Porter,Isabella_Porter9001@cispeto.com,1932-03-15 09:39:31,56,1176
Clint Bailey,Clint_Bailey8844@mafthy.com,1826-05-03 22:38:51,78,1177
Marvin Parker,Marvin_Parker7060@bungar.biz,1914-07-27 01:48:18,39,1178
Denis Tutton,Denis_Tutton8833@deavo.com,1982-09-08 22:13:37,64,1179
Hanna Tindall,Hanna_Tindall440@irrepsy.com,1924-05-18 10:38:07,78,1180
Angelique Swan,Angelique_Swan5786@typill.biz,2018-05-17 05:32:57,21,1181
Ryan Rycroft,Ryan_Rycroft2671@supunk.biz,1944-06-03 13:41:09,81,1182
Jules Bennett,Jules_Bennett3111@eirey.tech,1864-04-16 07:34:14,51,1183
Mona Stevens,Mona_Stevens5748@zorer.org,1828-09-04 12:19:04,77,1184
Leanne Oldfield,Leanne_Oldfield5880@deons.tech,2000-12-14 07:32:38,86,1185
Dakota Osmond,Dakota_Osmond3553@deavo.com,1952-12-11 00:58:18,66,1186
Carol Plumb,Carol_Plumb5554@fuliss.net,1831-07-01 20:46:23,46,1187
Rosemary Scott,Rosemary_Scott4386@gembat.biz,1937-11-03 11:25:13,47,1188
Remy Ward,Remy_Ward4039@corti.com,1878-06-14 21:19:51,35,1189
Scarlett Leslie,Scarlett_Leslie4853@dionrab.com,1997-02-27 03:41:33,20,1190
Jazmin Hepburn,Jazmin_Hepburn3093@sheye.org,1950-10-09 02:02:08,27,1191
Oliver Matthews,Oliver_Matthews9614@deavo.com,1995-12-09 17:53:03,77,1192
George Preston,George_Preston1891@ubusive.com,1925-04-05 05:08:21,45,1193
Courtney Cavanagh,Courtney_Cavanagh1967@acrit.org,1885-11-15 14:36:37,87,1194
Bethany Gilbert,Bethany_Gilbert7573@yahoo.com,1902-12-17 18:03:45,33,1195
Vanessa Wood,Vanessa_Wood8474@bungar.biz,1911-12-22 14:56:57,37,1196
Ramon Spencer,Ramon_Spencer8065@nickia.com,1901-05-25 17:33:36,49,1197
Charlize Ainsworth,Charlize_Ainsworth2192@grannar.com,1859-03-04 08:09:09,93,1198
Hadley Avery,Hadley_Avery1776@tonsy.org,1865-11-27 03:00:16,90,1199
Marla Lee,Marla_Lee3985@kideod.biz,1857-12-03 05:22:05,68,1200
Barry Ellwood,Barry_Ellwood3888@ovock.tech,2019-10-12 22:24:17,77,1201
Allison Gallacher,Allison_Gallacher558@cispeto.com,1861-08-04 14:29:35,53,1202
Boris Redfern,Boris_Redfern7329@nimogy.biz,1937-11-01 11:51:45,48,1203
Ellen Mcguire,Ellen_Mcguire5459@eirey.tech,1924-08-23 17:57:13,34,1204
Fred Sherwood,Fred_Sherwood5410@naiker.biz,1866-01-20 19:34:52,37,1205
Matthew Lucas,Matthew_Lucas6628@acrit.org,2005-11-27 21:41:41,47,1206
Dasha Matthews,Dasha_Matthews9257@sheye.org,1844-05-29 09:14:47,98,1207
Owen Torres,Owen_Torres4050@nanoff.biz,1929-08-19 00:44:55,55,1208
Daniel Asher,Daniel_Asher5437@naiker.biz,1861-08-13 04:23:11,44,1209
Tyler Wright,Tyler_Wright8816@deavo.com,1856-01-19 01:46:45,72,1210
Rick Lucas,Rick_Lucas9148@naiker.biz,2005-01-20 11:22:29,84,1211
Javier Riley,Javier_Riley2415@iatim.tech,1936-12-30 02:05:07,64,1212
Ronald Russell,Ronald_Russell4757@gmail.com,1898-08-03 08:22:41,98,1213
Alan Nielson,Alan_Nielson2731@iatim.tech,1842-12-28 03:03:44,89,1214
Elly Grey,Elly_Grey3851@elnee.tech,1907-12-19 06:01:14,27,1215
Ramon Newman,Ramon_Newman1924@bauros.biz,1985-06-28 12:17:31,50,1216
Livia Trent,Livia_Trent5109@ubusive.com,1953-08-02 03:28:35,60,1217
Tyler Vince,Tyler_Vince2513@qater.org,1841-01-03 02:39:03,95,1218
Jennifer King,Jennifer_King5808@bungar.biz,1918-01-11 13:47:31,84,1219
Alexander Malone,Alexander_Malone3587@ubusive.com,1940-06-10 03:23:02,80,1220
Erick Hammond,Erick_Hammond7327@nickia.com,1820-09-06 14:24:19,70,1221
Maria Hudson,Maria_Hudson5932@bretoux.com,1862-12-19 22:05:34,87,1222
Paige Bishop,Paige_Bishop7987@ovock.tech,1943-10-20 12:58:54,38,1223
Tess Jeffery,Tess_Jeffery2943@nickia.com,1877-11-29 21:23:53,93,1224
Javier Partridge,Javier_Partridge8847@dionrab.com,1958-04-19 13:54:03,27,1225
Tyler Potts,Tyler_Potts1950@nickia.com,1999-06-24 19:36:45,22,1226
Phillip Ogilvy,Phillip_Ogilvy811@nimogy.biz,1826-04-22 05:56:54,19,1227
Trisha Logan,Trisha_Logan6604@fuliss.net,2005-06-21 20:04:42,39,1228
Teagan Uddin,Teagan_Uddin8168@muall.tech,2000-03-17 20:25:37,81,1229
Adela Irving,Adela_Irving8517@kideod.biz,1859-05-21 15:22:11,21,1230
Rick Jacobs,Rick_Jacobs434@typill.biz,1822-04-26 20:08:11,78,1231
Enoch Grey,Enoch_Grey5130@fuliss.net,1991-11-07 16:39:25,82,1232
Sienna Turner,Sienna_Turner1380@gompie.com,1822-05-14 22:19:11,84,1233
Caleb Faulkner,Caleb_Faulkner6718@typill.biz,1904-03-20 13:52:00,70,1234
Matthew Crawley,Matthew_Crawley8853@naiker.biz,1953-09-18 08:05:49,67,1235
Matt Miller,Matt_Miller4084@bulaffy.com,1947-08-13 06:51:27,83,1236
Bob Miller,Bob_Miller3878@corti.com,1912-10-18 20:13:40,67,1237
Denis Newman,Denis_Newman7978@sheye.org,1899-04-11 13:26:20,92,1238
Josh Owen,Josh_Owen5977@acrit.org,1865-05-18 13:27:44,33,1239
Sara Drew,Sara_Drew2018@vetan.org,1918-03-03 18:50:22,45,1240
Cherish Woodley,Cherish_Woodley2367@acrit.org,1944-04-08 08:08:38,60,1241
Denis Williams,Denis_Williams5609@nanoff.biz,1847-11-11 00:20:02,40,1242
Tyson Gaynor,Tyson_Gaynor5095@irrepsy.com,1928-03-18 09:27:10,40,1243
Winnie Power,Winnie_Power151@twace.org,1915-10-09 11:15:15,77,1244
Tyson Calderwood,Tyson_Calderwood2442@sveldo.biz,1877-10-18 04:50:01,57,1245
Chad May,Chad_May1116@kideod.biz,1889-09-18 15:52:45,83,1246
Cedrick Horton,Cedrick_Horton3750@bulaffy.com,1890-10-22 18:30:25,75,1247
Courtney Flack,Courtney_Flack3265@joiniaa.com,1911-07-11 13:13:23,32,1248
Logan Hobbs,Logan_Hobbs7081@hourpy.biz,1851-04-12 20:55:33,82,1249
Rosie Knight,Rosie_Knight4541@womeona.net,2014-08-17 10:26:19,80,1250
Julius Shields,Julius_Shields3266@typill.biz,1954-02-02 08:28:41,99,1251
Chad Flanders,Chad_Flanders5880@kideod.biz,1941-09-17 10:15:32,80,1252
Alexander Tait,Alexander_Tait6351@guentu.biz,1835-09-26 06:37:46,53,1253
Rylee Vincent,Rylee_Vincent6292@nickia.com,1953-02-07 03:06:52,30,1254
Jack Rees,Jack_Rees5776@famism.biz,1890-07-15 01:53:58,94,1255
Elijah Warren,Elijah_Warren5637@ubusive.com,1953-12-03 16:46:25,78,1256
Fred Cork,Fred_Cork2704@extex.org,1938-01-27 12:51:53,83,1257
Freya Rycroft,Freya_Rycroft3950@ovock.tech,1822-07-31 13:21:34,63,1258
Nina Griffiths,Nina_Griffiths8641@bungar.biz,1977-09-18 05:19:18,18,1259
Denny Groves,Denny_Groves1490@sheye.org,1838-10-24 17:57:34,55,1260
Elijah Roberts,Elijah_Roberts2026@irrepsy.com,1850-06-19 19:29:35,43,1261
Melody Watson,Melody_Watson8780@bauros.biz,2020-02-10 01:48:20,35,1262
Elijah Fox,Elijah_Fox9004@zorer.org,1839-06-07 15:12:36,89,1263
Benjamin Whinter,Benjamin_Whinter1319@bauros.biz,1979-08-27 08:25:23,81,1264
Joseph Upsdell,Joseph_Upsdell9957@bungar.biz,1931-09-26 03:47:23,81,1265
Carter Jeffery,Carter_Jeffery3675@twace.org,1939-02-17 14:05:19,49,1266
Chloe Chapman,Chloe_Chapman7364@famism.biz,1911-02-19 13:04:07,95,1267
Benjamin Kaur,Benjamin_Kaur5653@jiman.org,1934-10-23 10:33:56,43,1268
Isabella Moore,Isabella_Moore8444@qater.org,1889-06-05 22:24:00,30,1269
Mark Barrett,Mark_Barrett125@bretoux.com,1885-09-02 20:58:56,57,1270
Bernadette Lane,Bernadette_Lane4608@nanoff.biz,1899-07-29 11:03:06,63,1271
Gina Herbert,Gina_Herbert246@elnee.tech,1939-12-18 18:02:52,75,1272
Javier Michael,Javier_Michael9803@naiker.biz,1883-04-10 12:24:15,94,1273
Camellia Reid,Camellia_Reid4833@ubusive.com,1991-05-13 04:20:40,54,1274
Jade Quinn,Jade_Quinn4478@yahoo.com,1839-11-29 03:04:33,75,1275
Judith Gilmour,Judith_Gilmour2518@fuliss.net,1982-09-21 00:40:39,87,1276
Alba Graham,Alba_Graham1653@zorer.org,1948-03-09 10:38:40,65,1277
Julianna Thornton,Julianna_Thornton4446@qater.org,1927-05-18 19:36:55,74,1278
Chad Thatcher,Chad_Thatcher5547@elnee.tech,1991-08-05 08:21:27,61,1279
Cassidy Burnley,Cassidy_Burnley8263@gompie.com,1977-06-15 02:08:34,50,1280
Marjorie Warner,Marjorie_Warner9891@bretoux.com,1831-10-05 11:38:24,57,1281
Domenic Warden,Domenic_Warden9884@deavo.com,1906-08-03 05:14:43,18,1282
Henry Crawford,Henry_Crawford1631@bauros.biz,1995-04-22 18:31:51,22,1283
Adelaide London,Adelaide_London5506@yahoo.com,1945-06-23 01:50:14,47,1284
Winnie Adams,Winnie_Adams9790@grannar.com,1908-08-13 17:40:07,29,1285
Liam Hill,Liam_Hill5831@twace.org,1936-06-01 07:13:14,54,1286
Greta Neville,Greta_Neville3492@dionrab.com,1874-09-27 08:11:56,24,1287
Chadwick Cooper,Chadwick_Cooper3789@iatim.tech,1930-07-08 02:11:35,43,1288
Barney Goodman,Barney_Goodman7257@corti.com,1927-03-12 06:26:24,55,1289
Rocco James,Rocco_James7999@deons.tech,1905-05-30 21:36:53,41,1290
Christy Reese,Christy_Reese427@sheye.org,1859-02-01 19:01:56,65,1291
Tony Fleming,Tony_Fleming9377@acrit.org,1854-11-06 12:03:50,62,1292
Daniel Rehman,Daniel_Rehman5029@naiker.biz,1932-08-02 17:12:16,34,1293
Rufus Redfern,Rufus_Redfern3166@liret.org,1923-12-13 08:21:56,42,1294
Leroy Gordon,Leroy_Gordon8398@extex.org,1849-07-30 04:39:27,93,1295
Manuel Riley,Manuel_Riley3645@bretoux.com,1852-07-21 18:13:14,34,1296
Carla Warden,Carla_Warden7485@ovock.tech,2013-03-22 19:18:41,85,1297
Ethan Uttley,Ethan_Uttley5471@zorer.org,1966-01-04 09:54:30,71,1298
Henry Bowen,Henry_Bowen3648@bretoux.com,1973-10-21 17:55:00,23,1299
Marvin Carter,Marvin_Carter7612@zorer.org,1821-05-13 11:44:52,19,1300
Josh Morrison,Josh_Morrison6376@sveldo.biz,1963-02-24 17:12:28,65,1301
Liam Hunter,Liam_Hunter5994@hourpy.biz,1892-09-27 20:22:25,33,1302
Noah Clarke,Noah_Clarke6410@sveldo.biz,1952-07-24 01:20:40,89,1303
Ivy Watson,Ivy_Watson4942@acrit.org,1916-05-18 02:06:14,67,1304
Caleb Clarkson,Caleb_Clarkson4406@ubusive.com,1986-03-29 09:30:54,59,1305
Charlize Quinn,Charlize_Quinn6999@typill.biz,1899-06-22 13:19:30,55,1306
Luke Norburn,Luke_Norburn6195@gmail.com,1834-01-08 19:12:15,47,1307
Gladys Ross,Gladys_Ross8240@nanoff.biz,1958-11-21 10:50:18,41,1308
Bob Redden,Bob_Redden1795@sheye.org,1836-01-07 08:20:40,95,1309
Mike Roman,Mike_Roman7896@ovock.tech,1938-07-12 22:48:04,39,1310
Jocelyn Wilson,Jocelyn_Wilson5695@eirey.tech,1878-05-07 00:29:30,26,1311
Boris Raven,Boris_Raven2370@liret.org,1846-01-25 00:20:49,41,1312
Jamie Malone,Jamie_Malone3061@irrepsy.com,1913-06-17 04:20:51,66,1313
Anabelle Larkin,Anabelle_Larkin549@twipet.com,1823-03-13 06:49:54,58,1314
Kimberly Harper,Kimberly_Harper5856@fuliss.net,1850-05-01 17:20:33,84,1315
Owen Simpson,Owen_Simpson7984@grannar.com,1922-04-27 15:56:05,82,1316
Carla James,Carla_James9351@joiniaa.com,1877-09-22 22:56:55,35,1317
Chester Overson,Chester_Overson3534@gembat.biz,1990-09-01 15:55:16,44,1318
Violet Lucas,Violet_Lucas640@fuliss.net,1829-05-22 15:57:30,81,1319
Daron Warden,Daron_Warden1400@joiniaa.com,1902-08-31 05:52:10,78,1320
Harvey Wood,Harvey_Wood3476@ovock.tech,1906-02-08 05:37:34,74,1321
Joseph Bristow,Joseph_Bristow7832@deons.tech,1862-07-17 20:32:55,48,1322
Kieth Brown,Kieth_Brown1683@guentu.biz,1930-08-10 09:16:55,83,1323
Enoch Matthews,Enoch_Matthews5533@twace.org,1995-06-24 10:25:06,64,1324
William Ranks,William_Ranks8139@bungar.biz,1933-07-22 14:56:02,34,1325
Johnathan Brock,Johnathan_Brock8010@sveldo.biz,1859-03-08 08:13:26,51,1326
Nicole Stevens,Nicole_Stevens7932@deons.tech,1834-06-20 22:07:38,36,1327
Chad Long,Chad_Long3637@grannar.com,1939-01-03 13:37:13,44,1328
Alice Victor,Alice_Victor7374@jiman.org,2001-06-11 18:56:26,95,1329
Wade Cassidy,Wade_Cassidy7036@grannar.com,1996-03-18 07:34:42,88,1330
Cassidy Plumb,Cassidy_Plumb8247@kideod.biz,1836-03-25 05:34:14,60,1331
Boris Robe,Boris_Robe1282@corti.com,1932-02-12 16:56:30,33,1332
Gabriel Trent,Gabriel_Trent7093@deavo.com,1924-10-31 10:43:47,72,1333
Matt Tyrrell,Matt_Tyrrell3713@bauros.biz,1899-07-31 03:24:16,33,1334
Alan Vernon,Alan_Vernon9314@acrit.org,1975-01-16 05:50:12,99,1335
Molly Rowlands,Molly_Rowlands5364@vetan.org,1930-09-21 19:35:06,94,1336
Clint Healy,Clint_Healy5808@jiman.org,1934-12-09 18:37:22,25,1337
Adela Paterson,Adela_Paterson3366@womeona.net,1823-03-14 07:43:21,95,1338
Danielle Thomson,Danielle_Thomson8060@corti.com,1991-06-02 21:22:44,34,1339
Luna Bolton,Luna_Bolton3528@mafthy.com,1846-04-16 10:07:39,81,1340
Andrea Gaynor,Andrea_Gaynor1185@mafthy.com,1998-02-05 16:43:58,67,1341
David Little,David_Little1726@iatim.tech,2017-02-17 22:57:05,51,1342
Chad Vollans,Chad_Vollans1784@grannar.com,1994-10-06 22:18:44,51,1343
Ethan Webster,Ethan_Webster5776@extex.org,1959-08-08 03:23:13,67,1344
Wade Lindop,Wade_Lindop1539@ovock.tech,1909-10-31 06:07:42,67,1345
Elise Watson,Elise_Watson2551@atink.com,1921-02-15 16:17:33,76,1346
Luke Mackenzie,Luke_Mackenzie5904@yahoo.com,1832-10-19 00:39:10,95,1347
Maribel Stone,Maribel_Stone4817@twipet.com,1901-01-09 01:42:12,25,1348
Marigold Evans,Marigold_Evans1562@jiman.org,1838-08-10 03:48:24,57,1349
Manuel Abbot,Manuel_Abbot5078@deavo.com,1963-06-24 05:46:06,91,1350
Adina Emmett,Adina_Emmett7759@sheye.org,1929-09-24 16:33:57,79,1351
Marie Nicolas,Marie_Nicolas4777@twace.org,1829-05-31 18:48:18,95,1352
Elijah Collis,Elijah_Collis6987@infotech44.tech,2015-04-15 17:14:45,64,1353
Josephine Varley,Josephine_Varley3232@nickia.com,2008-08-24 20:48:23,77,1354
Destiny Harvey,Destiny_Harvey6683@famism.biz,2012-12-12 18:20:21,71,1355
Tyson Ebbs,Tyson_Ebbs1692@infotech44.tech,1862-09-18 08:14:47,82,1356
Nick Fox,Nick_Fox4057@mafthy.com,1849-12-21 09:44:47,34,1357
Aileen Shields,Aileen_Shields5905@gompie.com,1892-05-31 08:34:38,18,1358
Lorraine Lane,Lorraine_Lane1203@nickia.com,1966-06-13 18:25:20,56,1359
Marla Leslie,Marla_Leslie5985@bungar.biz,2001-08-17 18:26:04,92,1360
Estrella Hopkins,Estrella_Hopkins1692@womeona.net,2001-08-23 22:51:35,67,1361
Sienna Fenton,Sienna_Fenton7976@vetan.org,1897-10-13 13:39:43,88,1362
Eileen Ashwell,Eileen_Ashwell3341@muall.tech,1914-01-28 22:48:38,72,1363
Lindsay Flanders,Lindsay_Flanders7419@kideod.biz,1851-08-10 19:41:35,80,1364
Iris Booth,Iris_Booth7482@vetan.org,1969-02-28 01:12:58,63,1365
Carissa Graham,Carissa_Graham2073@gompie.com,1937-12-26 14:12:30,22,1366
Javier Ventura,Javier_Ventura9303@yahoo.com,2007-03-10 07:50:20,54,1367
Isabella Latham,Isabella_Latham9778@twace.org,1899-02-13 03:38:42,91,1368
Joseph Wilcox,Joseph_Wilcox1039@acrit.org,1912-01-01 04:17:09,88,1369
Adina Driscoll,Adina_Driscoll5391@hourpy.biz,1932-10-24 16:53:42,73,1370
Bristol Kerr,Bristol_Kerr5514@fuliss.net,1908-09-09 01:42:04,32,1371
Aileen Morris,Aileen_Morris6238@muall.tech,1854-03-04 07:07:34,64,1372
Janelle Shields,Janelle_Shields4870@bungar.biz,2001-12-21 15:31:08,64,1373
Vanessa Brooks,Vanessa_Brooks394@irrepsy.com,1859-09-18 20:16:05,92,1374
Chris Ventura,Chris_Ventura9898@joiniaa.com,1925-01-30 02:33:52,72,1375
Harry Hamilton,Harry_Hamilton1444@infotech44.tech,1905-11-24 11:22:36,26,1376
Joy Bailey,Joy_Bailey5010@corti.com,1865-11-29 01:27:09,55,1377
Alison Upton,Alison_Upton6756@nanoff.biz,1866-06-09 18:41:04,51,1378
Sage Wright,Sage_Wright4820@acrit.org,1837-10-06 20:46:04,20,1379
Emely Atkinson,Emely_Atkinson9871@atink.com,1998-07-18 20:42:28,32,1380
Caydence Wood,Caydence_Wood4297@supunk.biz,1854-07-01 12:38:57,77,1381
Harvey Swan,Harvey_Swan2170@ubusive.com,1945-02-09 20:05:09,51,1382
John Richards,John_Richards1245@sheye.org,1974-11-05 09:02:30,40,1383
Gil Craig,Gil_Craig9005@ovock.tech,1842-02-09 16:12:05,32,1384
Leroy Casey,Leroy_Casey3475@supunk.biz,1992-04-13 04:26:38,61,1385
Norah Andrews,Norah_Andrews783@qater.org,1856-04-22 06:16:38,68,1386
Marjorie Herbert,Marjorie_Herbert7072@joiniaa.com,1935-11-03 14:23:15,35,1387
Evelynn Walsh,Evelynn_Walsh9784@guentu.biz,1834-08-18 10:02:43,93,1388
Anthony Knott,Anthony_Knott9880@eirey.tech,1922-03-21 11:07:02,80,1389
Chad Abbey,Chad_Abbey4854@joiniaa.com,2020-05-15 02:05:55,85,1390
Erick Smith,Erick_Smith4428@iatim.tech,1891-10-25 18:34:11,82,1391
Leroy West,Leroy_West7333@famism.biz,1984-05-03 03:08:26,91,1392
Chris Murray,Chris_Murray5037@supunk.biz,1910-06-17 02:30:34,90,1393
Jacob Lewis,Jacob_Lewis9118@nickia.com,1973-07-30 18:55:20,91,1394
Piper Dobson,Piper_Dobson2630@dionrab.com,1934-02-24 20:48:26,65,1395
Aleksandra Stanley,Aleksandra_Stanley365@brety.org,1973-11-21 10:39:02,33,1396
Mark Raven,Mark_Raven2982@hourpy.biz,1885-06-28 03:37:03,40,1397
Rihanna Slater,Rihanna_Slater5511@gembat.biz,1855-04-20 12:05:26,85,1398
Alessandra Nicolas,Alessandra_Nicolas9943@yahoo.com,2012-07-22 16:03:10,92,1399
Livia Underhill,Livia_Underhill1707@iatim.tech,1900-07-28 20:37:25,78,1400
Sasha Matthews,Sasha_Matthews1629@grannar.com,1951-04-08 04:05:49,64,1401
Denny Brooks,Denny_Brooks2182@iatim.tech,2018-11-24 05:01:15,89,1402
Maddison Thompson,Maddison_Thompson1609@ovock.tech,2004-07-28 07:36:53,83,1403
Cedrick Paterson,Cedrick_Paterson7035@joiniaa.com,1877-10-15 11:53:26,48,1404
Martin Plant,Martin_Plant6133@nickia.com,2013-08-18 20:39:31,71,1405
Isabella Gray,Isabella_Gray5487@atink.com,1884-03-09 18:35:12,69,1406
Logan Butler,Logan_Butler305@twipet.com,1886-10-31 15:30:47,46,1407
Ciara Purvis,Ciara_Purvis8883@sveldo.biz,2011-07-03 19:49:28,99,1408
Margaret Allington,Margaret_Allington2650@iatim.tech,1901-05-17 11:06:32,25,1409
Cedrick Haines,Cedrick_Haines8238@yahoo.com,1856-01-12 10:11:19,46,1410
Chadwick Ballard,Chadwick_Ballard1915@atink.com,1993-06-08 07:28:25,33,1411
Nancy Carter,Nancy_Carter2115@mafthy.com,1961-04-13 11:54:23,89,1412
Carrie Alcroft,Carrie_Alcroft7081@zorer.org,1939-02-06 13:43:50,94,1413
Mason Freeburn,Mason_Freeburn1441@deavo.com,1953-08-14 17:52:06,80,1414
oe Phillips,oe_Phillips3703@muall.tech,1926-01-31 17:29:13,45,1415
Meredith Ellis,Meredith_Ellis4552@womeona.net,1962-12-06 09:09:19,64,1416
Renee Chapman,Renee_Chapman4970@nimogy.biz,1977-01-03 10:57:29,94,1417
Chloe Potts,Chloe_Potts6457@sheye.org,1977-02-26 20:35:03,45,1418
Rita Lomax,Rita_Lomax5223@jiman.org,2013-05-14 20:03:36,99,1419
Oliver Garner,Oliver_Garner5458@cispeto.com,1928-01-13 09:11:40,88,1420
Erick Mitchell,Erick_Mitchell3040@supunk.biz,1830-12-07 16:08:39,79,1421
Erick Forth,Erick_Forth9955@bauros.biz,1850-01-19 01:06:13,77,1422
Nathan Jarvis,Nathan_Jarvis4990@nickia.com,1886-05-09 01:15:08,37,1423
Johnathan Tyrrell,Johnathan_Tyrrell2046@eirey.tech,1822-07-23 02:12:07,35,1424
Sofia Penn,Sofia_Penn8701@nanoff.biz,1911-08-04 11:33:47,46,1425
Anabel Downing,Anabel_Downing9595@ovock.tech,1962-01-13 10:29:37,23,1426
Rosalyn Walsh,Rosalyn_Walsh4375@acrit.org,1847-06-03 20:52:44,78,1427
Susan Saunders,Susan_Saunders207@corti.com,1855-04-29 22:28:19,34,1428
Rufus Edmonds,Rufus_Edmonds7928@bauros.biz,1842-03-06 17:56:14,62,1429
Rick Purvis,Rick_Purvis630@liret.org,1975-05-06 16:55:30,20,1430
Tiffany Moore,Tiffany_Moore608@bretoux.com,1951-11-10 06:55:28,81,1431
Nancy Khan,Nancy_Khan4345@eirey.tech,1918-02-19 22:12:40,38,1432
Adalie Matthews,Adalie_Matthews2128@nanoff.biz,1903-06-21 06:54:47,76,1433
Tyler Mackenzie,Tyler_Mackenzie2944@muall.tech,1860-12-22 15:23:27,25,1434
Harriet Connell,Harriet_Connell4701@hourpy.biz,1942-05-18 10:07:48,78,1435
Marjorie Oldfield,Marjorie_Oldfield2683@iatim.tech,1943-01-02 22:35:52,92,1436
Paige Vass,Paige_Vass7643@ubusive.com,1952-03-10 22:51:46,21,1437
Naomi Upsdell,Naomi_Upsdell5999@elnee.tech,1938-06-26 10:10:22,64,1438
Tony Gilmour,Tony_Gilmour656@bungar.biz,2004-12-02 18:41:38,20,1439
Barney Freeburn,Barney_Freeburn5702@nimogy.biz,1908-07-30 15:42:07,31,1440
Ryan Stone ,Ryan_Stone 7764@bungar.biz,1857-04-14 18:38:49,22,1441
Erick Jenkins,Erick_Jenkins3281@bungar.biz,1872-07-21 06:04:49,51,1442
John Ianson,John_Ianson7515@typill.biz,1961-10-03 01:09:53,99,1443
Joseph Quinnell,Joseph_Quinnell2189@bungar.biz,1898-01-10 17:19:07,79,1444
Elena Ballard,Elena_Ballard6060@guentu.biz,1905-05-06 20:11:37,53,1445
Trisha Chapman,Trisha_Chapman7218@bretoux.com,1890-11-03 08:35:56,36,1446
Benjamin Dale,Benjamin_Dale8432@twace.org,1897-11-30 17:58:23,63,1447
Nicole Sawyer,Nicole_Sawyer825@jiman.org,1964-07-07 09:36:50,49,1448
Cedrick Summers,Cedrick_Summers4635@typill.biz,1884-11-05 20:18:53,65,1449
Hank Fields,Hank_Fields9028@muall.tech,1922-08-26 08:01:28,59,1450
Leslie Baxter,Leslie_Baxter813@ovock.tech,1866-10-13 15:47:26,65,1451
Matthew Collingwood,Matthew_Collingwood5730@joiniaa.com,1863-10-26 02:17:01,84,1452
Victoria Rivers,Victoria_Rivers8135@womeona.net,1878-11-09 13:02:26,80,1453
Mina Owens,Mina_Owens3572@brety.org,2008-07-12 02:26:29,66,1454
Henry Jones,Henry_Jones3287@iatim.tech,1877-01-11 10:46:29,52,1455
Charlotte Owen,Charlotte_Owen6727@extex.org,1862-02-19 18:57:33,72,1456
Danielle Thornton,Danielle_Thornton6773@eirey.tech,1934-02-03 14:22:49,55,1457
Margaret Slater,Margaret_Slater4361@atink.com,1907-07-29 13:44:10,37,1458
Mike Buckley,Mike_Buckley163@acrit.org,1867-06-30 08:27:21,60,1459
Carissa Mould,Carissa_Mould8365@bungar.biz,1828-04-16 16:11:04,23,1460
Alba Jarrett,Alba_Jarrett420@bretoux.com,1976-05-03 07:33:31,63,1461
Tyler Gallacher,Tyler_Gallacher3225@hourpy.biz,1995-03-10 02:20:19,19,1462
Kenzie Raven,Kenzie_Raven3211@ubusive.com,1820-08-18 17:56:29,26,1463
Lara Burnley,Lara_Burnley1134@gompie.com,1974-09-11 19:29:41,64,1464
Erick Wooldridge,Erick_Wooldridge8108@guentu.biz,1836-01-22 07:33:00,22,1465
Mina Wild,Mina_Wild603@zorer.org,1924-04-22 01:37:42,42,1466
Summer Hewitt,Summer_Hewitt4264@hourpy.biz,1869-05-08 08:40:44,22,1467
Harry Jeffery,Harry_Jeffery7635@deons.tech,1897-07-11 05:11:25,38,1468
Hank Strong,Hank_Strong4482@atink.com,1888-07-16 11:36:14,21,1469
Rihanna Gonzales,Rihanna_Gonzales4075@womeona.net,1932-12-25 17:29:57,71,1470
Goldie Shaw,Goldie_Shaw9582@fuliss.net,1891-03-04 17:05:57,57,1471
Marigold Clifford,Marigold_Clifford4677@iatim.tech,1990-03-22 09:36:16,58,1472
Abdul Parsons,Abdul_Parsons7078@acrit.org,1987-08-02 18:13:13,61,1473
Winnie Plant,Winnie_Plant7818@grannar.com,1830-05-17 08:57:25,83,1474
Faith Stanley,Faith_Stanley7540@bauros.biz,1991-09-14 00:18:46,74,1475
Rachael Tennant,Rachael_Tennant4760@bungar.biz,2006-05-06 04:06:36,32,1476
Marjorie Vollans,Marjorie_Vollans4389@qater.org,1937-05-19 14:24:54,64,1477
Chad Poulton,Chad_Poulton4743@bulaffy.com,1880-08-14 02:40:56,57,1478
Erica Ellwood,Erica_Ellwood5391@supunk.biz,1921-12-16 11:44:50,68,1479
Brad Wheeler,Brad_Wheeler2514@jiman.org,1834-08-25 12:12:53,31,1480
Logan Warner,Logan_Warner2145@gembat.biz,1959-07-03 21:44:33,69,1481
Aiden Armstrong,Aiden_Armstrong1342@acrit.org,1824-11-29 01:19:02,45,1482
Liam Pearson,Liam_Pearson2954@deavo.com,1863-11-16 01:54:12,86,1483
Celia Healy,Celia_Healy7970@eirey.tech,1868-11-30 02:13:19,74,1484
Mya Shaw,Mya_Shaw2348@typill.biz,1893-10-25 02:13:53,37,1485
Barry Lynch,Barry_Lynch5677@dionrab.com,1890-12-24 00:05:29,99,1486
Agnes West,Agnes_West7419@zorer.org,1999-03-09 16:20:51,26,1487
Hayden Chester,Hayden_Chester3548@naiker.biz,1895-07-05 16:19:28,46,1488
Juliet Rust,Juliet_Rust9662@qater.org,1927-09-24 17:12:43,92,1489
Lynn Oliver,Lynn_Oliver3426@deons.tech,1928-01-08 04:25:21,93,1490
Mavis Stone ,Mavis_Stone 7941@ubusive.com,1844-08-03 04:47:46,74,1491
Carina James,Carina_James1640@guentu.biz,1972-01-23 22:34:52,45,1492
Shannon Hunter,Shannon_Hunter9762@guentu.biz,1996-08-09 03:38:16,37,1493
Jessica Adams,Jessica_Adams5634@nimogy.biz,1885-12-20 11:13:36,77,1494
Anthony Richards,Anthony_Richards501@eirey.tech,1922-07-16 09:32:26,44,1495
Harry Khan,Harry_Khan294@naiker.biz,1852-07-18 03:21:53,55,1496
Diane Eaton,Diane_Eaton5426@corti.com,1899-11-14 17:02:28,64,1497
Cristal Downing,Cristal_Downing1699@fuliss.net,1857-02-21 01:33:43,49,1498
Willow Eagle,Willow_Eagle9508@nimogy.biz,1940-09-12 16:54:46,61,1499
Tony Pratt,Tony_Pratt1687@bauros.biz,1974-01-02 09:52:33,87,1500
Denny Lloyd,Denny_Lloyd8888@dionrab.com,1978-09-19 14:21:01,67,1501
Andrea Matthews,Andrea_Matthews5186@extex.org,1896-03-21 07:34:49,90,1502
Norah Vinton,Norah_Vinton9525@supunk.biz,1843-12-07 09:46:24,37,1503
Shay Robe,Shay_Robe8817@vetan.org,1843-06-25 11:18:51,92,1504
Nate Tutton,Nate_Tutton1837@elnee.tech,1934-09-08 11:48:10,48,1505
Denis Farmer,Denis_Farmer6750@nanoff.biz,2011-11-30 02:07:29,96,1506
Manuel Brock,Manuel_Brock7741@hourpy.biz,2004-03-20 13:44:53,89,1507
oe Ramsey,oe_Ramsey9420@bungar.biz,1887-03-29 20:05:30,85,1508
Oliver Varley,Oliver_Varley452@hourpy.biz,2003-02-06 03:19:42,71,1509
Domenic Harper,Domenic_Harper9266@womeona.net,1841-06-05 09:08:20,59,1510
Sofia Tyrrell,Sofia_Tyrrell3131@cispeto.com,1898-07-21 03:05:44,86,1511
Ronald Ross,Ronald_Ross6718@ubusive.com,1972-11-11 05:53:56,93,1512
John Brett,John_Brett2477@qater.org,1912-09-15 04:45:24,85,1513
Joseph Baldwin,Joseph_Baldwin133@qater.org,1998-12-03 16:17:31,53,1514
William Saunders,William_Saunders8784@mafthy.com,1825-03-19 18:08:35,81,1515
Claire Nicholls,Claire_Nicholls4199@brety.org,1960-09-14 15:39:27,22,1516
Jacob Rixon,Jacob_Rixon9271@guentu.biz,1881-03-24 06:34:48,53,1517
Doug Lindop,Doug_Lindop5183@atink.com,1969-07-19 16:09:38,85,1518
Tyler Miller,Tyler_Miller6342@infotech44.tech,1912-03-26 13:18:16,30,1519
William Mitchell,William_Mitchell4795@eirey.tech,1898-06-18 07:38:58,41,1520
Barry Hill,Barry_Hill1631@deavo.com,1998-07-13 02:39:15,98,1521
Clint Jacobs,Clint_Jacobs6510@supunk.biz,1846-07-03 04:03:56,53,1522
Melania Wigley,Melania_Wigley6758@liret.org,1826-11-21 03:52:15,81,1523
Bart Poulton,Bart_Poulton3603@famism.biz,1910-03-25 16:00:54,24,1524
Emmanuelle Power,Emmanuelle_Power3046@atink.com,1958-04-22 00:09:05,27,1525
Jayden Walter,Jayden_Walter5532@grannar.com,1984-03-21 21:38:55,73,1526
Elijah Addley,Elijah_Addley4920@mafthy.com,2011-12-19 07:38:35,95,1527
Maxwell Lyon,Maxwell_Lyon8810@deons.tech,1988-03-19 20:58:31,62,1528
Chuck Clarke,Chuck_Clarke1535@mafthy.com,1842-11-01 08:37:47,37,1529
Leilani Webster,Leilani_Webster2529@ubusive.com,1849-04-01 11:33:42,33,1530
Paige Robinson,Paige_Robinson1498@deavo.com,2019-06-18 03:47:27,76,1531
Lindsay Carter,Lindsay_Carter3953@nickia.com,1975-03-16 09:14:53,56,1532
Danny Thatcher,Danny_Thatcher3550@joiniaa.com,1886-10-04 02:51:32,94,1533
Nicholas Marshall,Nicholas_Marshall3495@tonsy.org,1948-01-14 09:38:26,66,1534
Angelica Saunders,Angelica_Saunders888@bretoux.com,1943-08-24 21:40:34,63,1535
Leroy Lewin,Leroy_Lewin2543@mafthy.com,1949-11-26 12:12:43,49,1536
Anabel Page ,Anabel_Page 5373@gmail.com,1944-08-08 14:45:12,20,1537
Madison May,Madison_May3252@cispeto.com,1830-11-13 12:44:03,82,1538
Marissa Stevenson,Marissa_Stevenson9955@tonsy.org,1838-07-27 15:01:45,62,1539
Natalie Jefferson,Natalie_Jefferson604@deavo.com,1955-02-13 06:36:42,73,1540
Hank Ripley,Hank_Ripley5620@tonsy.org,2020-03-22 10:19:43,61,1541
Mavis Khan,Mavis_Khan9555@fuliss.net,1908-10-25 22:15:20,41,1542
Martin Owen,Martin_Owen6728@bulaffy.com,1859-08-31 19:43:36,86,1543
Eduardo Vaughn,Eduardo_Vaughn3716@hourpy.biz,1858-12-25 22:42:48,33,1544
Johnny Skinner,Johnny_Skinner2345@kideod.biz,1888-11-23 00:56:03,39,1545
Gabriel Wright,Gabriel_Wright4306@deavo.com,1888-02-10 04:47:38,98,1546
Danny Vernon,Danny_Vernon8982@sheye.org,1853-02-03 16:46:07,84,1547
Rosemary Weatcroft,Rosemary_Weatcroft1505@iatim.tech,1947-04-28 08:45:13,64,1548
Liam Stevens,Liam_Stevens3528@atink.com,1967-01-07 15:36:38,57,1549
Abbey Rivers,Abbey_Rivers8306@yahoo.com,2009-06-02 14:22:27,40,1550
Jocelyn Calderwood,Jocelyn_Calderwood2473@naiker.biz,1903-09-24 13:07:46,24,1551
Luke Styles,Luke_Styles758@naiker.biz,1879-05-30 00:21:43,20,1552
Percy Johnson,Percy_Johnson6537@naiker.biz,1881-08-22 04:36:07,74,1553
Chuck Dyson,Chuck_Dyson9540@ovock.tech,2014-03-24 01:25:33,78,1554
Meredith Mitchell,Meredith_Mitchell5680@corti.com,1940-04-07 13:00:01,77,1555
ara Lakey,ara_Lakey4283@sheye.org,1920-06-28 01:09:26,57,1556
Stella Noach,Stella_Noach991@dionrab.com,1823-01-04 02:36:07,86,1557
Ryan Rigg,Ryan_Rigg9958@guentu.biz,2014-02-05 06:33:09,34,1558
Hank Walker,Hank_Walker3945@sheye.org,1973-08-28 07:51:10,55,1559
Hannah Collins,Hannah_Collins799@cispeto.com,1857-08-05 12:42:29,57,1560
Aileen Doherty,Aileen_Doherty2009@corti.com,1892-06-16 10:38:32,83,1561
Aiden Benson,Aiden_Benson2497@naiker.biz,1829-12-17 08:35:19,42,1562
Alan Richards,Alan_Richards6633@bungar.biz,1892-06-18 13:42:28,75,1563
Ruth Duvall,Ruth_Duvall6756@deavo.com,1962-03-16 06:22:53,50,1564
Julius Pratt,Julius_Pratt3760@eirey.tech,1900-03-30 20:43:17,56,1565
Eduardo Richards,Eduardo_Richards2060@typill.biz,1872-02-18 12:13:15,28,1566
Mandy Morris,Mandy_Morris8438@gmail.com,1946-05-29 09:19:31,23,1567
Kieth Harrison,Kieth_Harrison9378@extex.org,2018-12-24 20:03:24,61,1568
Alexander Sanchez,Alexander_Sanchez193@guentu.biz,1919-10-29 04:51:51,54,1569
Henry Harrington,Henry_Harrington7811@iatim.tech,1934-05-13 12:28:00,68,1570
Kaylee Patel,Kaylee_Patel2263@deavo.com,1982-04-06 05:26:12,84,1571
Vera Potts,Vera_Potts7325@iatim.tech,2008-07-29 07:08:56,89,1572
Renee Thompson,Renee_Thompson923@bungar.biz,1954-07-16 20:53:18,52,1573
Luke Verdon,Luke_Verdon7912@gompie.com,2009-11-24 14:11:17,24,1574
Angelina Turner,Angelina_Turner649@deons.tech,1947-11-25 06:22:08,73,1575
Nathan Andersson,Nathan_Andersson1254@tonsy.org,1902-10-18 01:06:17,21,1576
Carmen Campbell,Carmen_Campbell7987@acrit.org,2009-12-11 10:00:10,74,1577
Carl Coll,Carl_Coll8659@vetan.org,1958-02-22 21:23:00,41,1578
Aiden Larkin,Aiden_Larkin6371@nanoff.biz,1836-08-09 20:54:35,30,1579
Bob Hood,Bob_Hood2589@atink.com,2007-09-03 14:50:42,29,1580
Leroy Jennson,Leroy_Jennson4493@gmail.com,1844-06-18 12:39:29,58,1581
Georgia Barrett,Georgia_Barrett115@muall.tech,1907-06-12 12:28:37,39,1582
Maya Andrews,Maya_Andrews215@hourpy.biz,1974-09-04 05:34:41,73,1583
Gil Trent,Gil_Trent8588@sveldo.biz,1849-11-29 06:19:15,22,1584
Valerie Sanchez,Valerie_Sanchez1126@muall.tech,1857-05-10 09:51:36,76,1585
Tony Booth,Tony_Booth4600@dionrab.com,1950-07-30 19:11:36,67,1586
Doug Adams,Doug_Adams8266@elnee.tech,1907-03-26 00:14:53,58,1587
Vanessa Kelly,Vanessa_Kelly5794@brety.org,1995-04-25 02:17:21,70,1588
Denny Alcroft,Denny_Alcroft9925@twipet.com,2007-07-26 19:12:46,55,1589
Roger Ramsey,Roger_Ramsey6531@nanoff.biz,1933-08-09 05:34:40,35,1590
Shay Cassidy,Shay_Cassidy1181@gompie.com,1852-08-07 20:37:43,33,1591
Angelica Calderwood,Angelica_Calderwood9864@eirey.tech,1926-02-18 00:57:31,58,1592
Kurt Dillon,Kurt_Dillon4467@tonsy.org,1833-03-25 12:34:24,31,1593
Joy Hunter,Joy_Hunter1537@irrepsy.com,1854-03-16 08:49:25,28,1594
Rihanna Weasley,Rihanna_Weasley5976@bulaffy.com,1971-10-08 06:42:23,70,1595
John Power,John_Power1929@iatim.tech,1896-01-14 16:31:54,59,1596
Anais Brooks,Anais_Brooks5701@grannar.com,1824-07-23 21:39:30,25,1597
Cara Marshall,Cara_Marshall3988@kideod.biz,1897-06-29 07:50:31,53,1598
Logan Butler,Logan_Butler7770@mafthy.com,1893-01-15 10:24:31,25,1599
Denis Foxley,Denis_Foxley9259@corti.com,1962-07-27 22:53:02,91,1600
Oliver Cunningham,Oliver_Cunningham3027@corti.com,1901-06-13 16:39:43,37,1601
Hayden Walsh,Hayden_Walsh4892@deavo.com,1984-01-29 03:26:57,34,1602
Clint Fall,Clint_Fall4360@muall.tech,1880-12-04 05:36:53,79,1603
Lucas Mitchell,Lucas_Mitchell6331@vetan.org,1859-07-12 14:51:17,33,1604
Eve Stewart,Eve_Stewart2846@yahoo.com,1937-04-20 19:25:13,73,1605
Kassandra Stubbs,Kassandra_Stubbs8438@ubusive.com,1881-08-10 10:44:38,33,1606
Percy Gunn,Percy_Gunn9891@hourpy.biz,1952-04-08 01:21:51,59,1607
Jessica Lynch,Jessica_Lynch7763@gompie.com,1973-02-21 19:50:24,22,1608
Gladys James,Gladys_James2177@nanoff.biz,1996-04-28 10:57:17,43,1609
Maria Boden,Maria_Boden1070@yahoo.com,1923-08-27 00:40:26,47,1610
Peter Garner,Peter_Garner7111@corti.com,1882-09-25 08:09:16,64,1611
Cameron Tobin,Cameron_Tobin6008@brety.org,1893-05-06 16:32:48,96,1612
Valentina Latham,Valentina_Latham5669@sheye.org,1884-07-18 00:03:44,21,1613
Tony Woodley,Tony_Woodley494@cispeto.com,2015-09-23 05:40:43,88,1614
Mark Powell,Mark_Powell7274@hourpy.biz,1847-04-30 12:36:22,72,1615
Melinda Chapman,Melinda_Chapman4962@nanoff.biz,1914-11-01 09:58:55,31,1616
Jaylene Drew,Jaylene_Drew2343@qater.org,1887-06-29 04:17:04,79,1617
Rosalie Samuel,Rosalie_Samuel9495@kideod.biz,1999-10-30 08:20:43,70,1618
Luke Bristow,Luke_Bristow909@eirey.tech,1867-08-18 05:53:52,21,1619
Leroy Dixon,Leroy_Dixon5611@mafthy.com,1858-10-18 20:27:52,58,1620
Lexi Andersson,Lexi_Andersson6274@grannar.com,1971-05-07 15:54:03,40,1621
Valentina Torres,Valentina_Torres3000@gmail.com,1991-10-26 14:18:57,67,1622
Josephine Andrews,Josephine_Andrews371@tonsy.org,1992-04-06 06:14:21,38,1623
Celia Allcott,Celia_Allcott2335@nimogy.biz,1930-03-18 20:02:32,58,1624
Aisha Norris,Aisha_Norris6114@ovock.tech,1920-02-25 00:26:10,78,1625
Benny Osmond,Benny_Osmond2772@elnee.tech,1951-01-06 19:29:26,74,1626
Faith Stark,Faith_Stark7993@eirey.tech,1857-03-04 14:01:35,86,1627
Trisha Stone,Trisha_Stone4838@famism.biz,1970-08-15 09:47:05,74,1628
Holly Duvall,Holly_Duvall6268@deavo.com,1909-10-08 10:10:47,21,1629
Mina Varley,Mina_Varley8634@yahoo.com,1847-11-25 17:03:20,80,1630
Chuck Lambert,Chuck_Lambert3530@bauros.biz,2009-09-24 18:58:13,72,1631
William Fulton,William_Fulton7569@hourpy.biz,1942-04-10 08:55:05,84,1632
Jack Jenkins,Jack_Jenkins5541@sveldo.biz,1940-03-30 22:53:26,92,1633
Melody Todd,Melody_Todd3251@naiker.biz,1996-10-24 00:42:51,80,1634
Isabel Shea,Isabel_Shea1421@hourpy.biz,1957-06-08 22:49:02,53,1635
Harvey Horton,Harvey_Horton5393@fuliss.net,1912-01-04 17:17:14,30,1636
Liam West,Liam_West3200@nickia.com,1991-09-17 13:05:56,95,1637
Martin Nicolas,Martin_Nicolas3347@atink.com,1881-10-15 11:04:43,52,1638
Kenzie Vollans,Kenzie_Vollans170@twace.org,1857-04-23 09:53:18,45,1639
Anne Connell,Anne_Connell7159@typill.biz,1976-02-17 20:37:27,97,1640
Kirsten Needham,Kirsten_Needham951@hourpy.biz,1851-04-02 16:37:22,76,1641
Adelaide Garner,Adelaide_Garner8152@womeona.net,1979-09-04 00:31:11,58,1642
Cynthia Evans,Cynthia_Evans6197@hourpy.biz,1997-08-15 03:21:30,48,1643
Ema Varley,Ema_Varley7687@ubusive.com,1970-09-25 06:45:11,97,1644
Enoch Malone,Enoch_Malone6001@gmail.com,1904-08-22 03:39:11,19,1645
Summer Hobbs,Summer_Hobbs9775@cispeto.com,1903-12-07 02:15:15,95,1646
Nina Barrett,Nina_Barrett73@twipet.com,1846-03-20 02:46:28,81,1647
Wade Tobin,Wade_Tobin2280@famism.biz,1956-03-12 03:10:15,51,1648
Aiden Ralph,Aiden_Ralph5106@vetan.org,1831-03-28 09:36:15,92,1649
Ronald Moreno,Ronald_Moreno2513@infotech44.tech,1833-03-19 15:30:18,37,1650
Jacob Dickson,Jacob_Dickson4203@corti.com,1929-04-25 00:12:55,86,1651
Jade Harris,Jade_Harris8636@gembat.biz,1921-05-02 05:35:23,37,1652
Allison Norburn,Allison_Norburn5766@twace.org,1926-04-08 16:05:15,98,1653
Anabelle Jones,Anabelle_Jones262@dionrab.com,1891-02-08 07:43:01,22,1654
Dorothy Walter,Dorothy_Walter4241@muall.tech,1964-11-14 22:38:02,56,1655
Henry Farrow,Henry_Farrow657@cispeto.com,1991-12-09 19:35:17,96,1656
Eduardo Miller,Eduardo_Miller9536@hourpy.biz,1943-10-26 01:57:46,88,1657
Peter Andrews,Peter_Andrews3438@gembat.biz,1921-01-23 17:06:54,50,1658
Leilani Verdon,Leilani_Verdon7920@twace.org,2008-01-24 12:47:29,36,1659
Sara Weatcroft,Sara_Weatcroft719@liret.org,1841-03-23 06:43:35,20,1660
Matt Norris,Matt_Norris1772@twipet.com,1894-11-29 11:45:50,19,1661
Jules Bristow,Jules_Bristow8954@joiniaa.com,1970-07-26 20:09:48,90,1662
Sebastian John,Sebastian_John5658@acrit.org,1912-12-22 00:29:06,26,1663
Bart Flanders,Bart_Flanders8921@brety.org,1925-07-02 04:51:30,80,1664
Lily Emmett,Lily_Emmett4918@atink.com,1975-10-10 01:32:38,57,1665
David Camden,David_Camden7189@ovock.tech,1904-01-31 12:17:48,85,1666
Ronald Atkinson,Ronald_Atkinson7582@sheye.org,1827-08-24 05:45:09,91,1667
Liv Wright,Liv_Wright593@kideod.biz,1885-03-17 06:57:25,64,1668
Audrey Dempsey,Audrey_Dempsey6261@zorer.org,1847-05-02 02:46:55,43,1669
Carter Brett,Carter_Brett6937@joiniaa.com,1905-08-30 02:11:42,26,1670
John Chappell,John_Chappell7610@ovock.tech,1864-10-17 10:50:15,69,1671
Diane Kerr,Diane_Kerr2571@joiniaa.com,1994-07-19 03:01:52,70,1672
Leanne Whatson,Leanne_Whatson8465@bulaffy.com,1943-02-07 22:56:38,19,1673
Percy Wilson,Percy_Wilson3191@yahoo.com,1848-09-21 01:04:40,71,1674
Alessandra Freeburn,Alessandra_Freeburn3217@gembat.biz,1907-03-12 01:46:17,62,1675
Henry Mills,Henry_Mills777@tonsy.org,1840-06-26 10:32:50,45,1676
Clint Jennson,Clint_Jennson2464@joiniaa.com,2020-03-03 06:32:13,39,1677
Roger Gilmore,Roger_Gilmore2285@infotech44.tech,1948-10-12 21:30:38,56,1678
Javier Newman,Javier_Newman997@sheye.org,1850-02-24 18:11:07,93,1679
Michael Bullock,Michael_Bullock3439@supunk.biz,1852-07-11 01:15:54,34,1680
Rufus Radley,Rufus_Radley249@bauros.biz,1856-01-26 16:04:06,63,1681
Emma Warren,Emma_Warren3868@sheye.org,1839-07-01 19:06:28,38,1682
David Hammond,David_Hammond3064@grannar.com,1868-12-27 19:00:49,84,1683
Mason Shaw,Mason_Shaw4447@ubusive.com,1831-09-21 14:37:20,65,1684
Jules Pierce,Jules_Pierce5712@bauros.biz,1976-10-02 14:49:33,42,1685
Melania Fox,Melania_Fox6643@fuliss.net,1828-10-27 01:14:27,60,1686
Mayleen Taylor,Mayleen_Taylor3035@infotech44.tech,1922-05-26 07:26:03,76,1687
Barry Larkin,Barry_Larkin9011@hourpy.biz,1910-12-27 00:50:32,81,1688
Agnes Long,Agnes_Long5445@corti.com,1949-05-06 20:54:25,41,1689
Summer Varndell,Summer_Varndell8243@jiman.org,1965-04-12 11:45:35,38,1690
Camden Evans,Camden_Evans8521@typill.biz,1840-01-09 03:52:49,63,1691
Analise Mooney,Analise_Mooney6897@bulaffy.com,1880-04-15 06:40:47,44,1692
Alma Chadwick,Alma_Chadwick7773@brety.org,1845-02-19 00:55:37,26,1693
Daria Ebden,Daria_Ebden3070@ubusive.com,1901-03-14 05:34:43,50,1694
Aileen Kirby,Aileen_Kirby8699@jiman.org,1971-04-27 15:28:53,97,1695
Gladys Morrison,Gladys_Morrison2831@vetan.org,1830-11-27 03:58:06,74,1696
Alexa Collis,Alexa_Collis7430@vetan.org,1973-06-15 22:23:21,60,1697
Angel Ward,Angel_Ward4098@qater.org,1948-10-03 07:08:30,98,1698
Benny Vaughn,Benny_Vaughn6738@muall.tech,1850-10-13 06:57:41,40,1699
Maia Reading,Maia_Reading480@acrit.org,1871-06-11 17:20:15,59,1700
Brad Rogan,Brad_Rogan3909@bulaffy.com,1976-04-19 19:32:25,97,1701
Gabriel Whitehouse,Gabriel_Whitehouse1286@liret.org,1919-05-31 04:33:06,55,1702
Marie Harrison,Marie_Harrison937@twipet.com,1982-09-02 04:53:04,66,1703
Maggie Needham,Maggie_Needham92@gembat.biz,1859-02-22 10:38:45,88,1704
Julian Eaton,Julian_Eaton7277@womeona.net,1862-06-29 17:20:48,87,1705
Gwen Rees,Gwen_Rees8117@yahoo.com,1974-10-29 13:01:06,25,1706
Helen Whitehouse,Helen_Whitehouse8462@dionrab.com,1975-03-25 03:28:54,20,1707
Caleb Salt,Caleb_Salt2413@atink.com,1970-05-11 11:57:33,23,1708
Marigold Spencer,Marigold_Spencer2215@cispeto.com,1964-05-22 16:04:58,53,1709
Tyson Ryan,Tyson_Ryan6686@twipet.com,1894-10-29 05:40:38,80,1710
Katelyn Woods,Katelyn_Woods7938@naiker.biz,1930-09-13 08:00:39,40,1711
Blake aoui,Blake_aoui353@famism.biz,1964-05-14 19:15:19,47,1712
Gil Knight,Gil_Knight4919@joiniaa.com,1945-06-25 22:08:56,81,1713
Kurt Hunt,Kurt_Hunt8058@extex.org,1976-05-07 09:17:25,96,1714
Sara Andrews,Sara_Andrews7148@twace.org,1823-06-12 22:30:37,64,1715
Chuck Jenkin,Chuck_Jenkin3003@deavo.com,1823-05-08 18:54:22,32,1716
Alan Watson,Alan_Watson8908@sheye.org,1919-12-12 06:38:02,39,1717
George Hooper,George_Hooper3711@fuliss.net,1885-10-20 14:45:20,50,1718
Peter Allen,Peter_Allen3914@eirey.tech,1926-12-16 10:00:05,98,1719
Michelle Mann,Michelle_Mann2523@supunk.biz,1844-04-16 15:30:56,70,1720
Nicholas Rixon,Nicholas_Rixon3659@jiman.org,2014-03-26 03:57:17,49,1721
Ronald Norton,Ronald_Norton9897@cispeto.com,1839-08-24 16:38:37,36,1722
Katelyn Hopkins,Katelyn_Hopkins555@jiman.org,1976-10-13 14:34:57,90,1723
Tony Ring,Tony_Ring7119@nickia.com,1890-02-18 00:08:06,41,1724
Juliette Vane,Juliette_Vane7190@vetan.org,2018-06-18 21:54:43,42,1725
Lynn Thomas,Lynn_Thomas7192@mafthy.com,1909-07-15 17:24:05,58,1726
Michael Walsh,Michael_Walsh4140@brety.org,1866-05-08 04:51:18,31,1727
Madelyn Marshall,Madelyn_Marshall3598@hourpy.biz,1937-07-03 12:49:25,40,1728
Jenna Hunt,Jenna_Hunt6825@corti.com,1945-03-14 05:06:07,36,1729
Rae Vaughn,Rae_Vaughn6146@ovock.tech,1991-10-11 10:17:58,49,1730
Moira Fenton,Moira_Fenton5780@gembat.biz,1984-06-24 11:30:52,18,1731
Carter Jobson,Carter_Jobson8256@muall.tech,1939-04-13 15:18:54,26,1732
Alba Wallace,Alba_Wallace941@gompie.com,1921-09-13 12:54:23,97,1733
Jessica Broomfield,Jessica_Broomfield466@irrepsy.com,1979-04-06 02:15:28,72,1734
Boris Booth,Boris_Booth1195@acrit.org,1954-02-04 13:12:57,47,1735
Marvin Gavin,Marvin_Gavin8809@joiniaa.com,1968-05-20 07:29:00,75,1736
George Dwyer,George_Dwyer9128@guentu.biz,1945-03-11 01:55:21,87,1737
Tyson Coll,Tyson_Coll2635@infotech44.tech,1867-06-05 19:36:44,92,1738
Mara Brock,Mara_Brock374@typill.biz,2014-07-03 20:56:37,77,1739
Danielle Wilson,Danielle_Wilson7841@gmail.com,1937-01-10 14:18:13,76,1740
Carol Yarwood,Carol_Yarwood1251@guentu.biz,1968-06-16 07:06:53,32,1741
Johnathan Yates,Johnathan_Yates1031@naiker.biz,2014-04-23 13:04:05,92,1742
Rita Bolton,Rita_Bolton6382@gmail.com,1988-11-25 03:03:52,49,1743
Adeline Villiger,Adeline_Villiger354@bretoux.com,1864-12-19 10:48:08,23,1744
Stephanie Verdon,Stephanie_Verdon4498@hourpy.biz,1976-04-29 20:09:58,51,1745
Adeline Pitt,Adeline_Pitt3212@infotech44.tech,1917-01-18 08:12:44,22,1746
Leroy Bullock,Leroy_Bullock5306@gompie.com,1889-03-24 07:42:46,65,1747
Enoch Stubbs,Enoch_Stubbs299@eirey.tech,2012-09-02 01:50:47,66,1748
Rosalee Rowlands,Rosalee_Rowlands4751@joiniaa.com,1834-03-10 07:03:03,85,1749
Sebastian Webster,Sebastian_Webster832@corti.com,1900-10-01 12:30:52,58,1750
Rylee Mcgregor,Rylee_Mcgregor4118@bulaffy.com,1861-05-24 13:10:03,19,1751
Caleb Redden,Caleb_Redden1603@deons.tech,1937-07-23 04:44:07,58,1752
Sebastian Newman,Sebastian_Newman9653@brety.org,1873-04-25 16:50:31,87,1753
Meredith Cobb,Meredith_Cobb3119@twace.org,1984-02-07 14:38:33,34,1754
Javier Robe,Javier_Robe373@joiniaa.com,1885-12-08 19:54:58,92,1755
Morgan James,Morgan_James3824@corti.com,1866-05-30 11:23:40,70,1756
Matthew Chapman,Matthew_Chapman2142@vetan.org,1998-01-14 12:06:02,39,1757
Meredith Swift,Meredith_Swift9277@yahoo.com,1988-12-24 05:36:33,50,1758
Samara Rowe,Samara_Rowe6372@muall.tech,1942-06-06 03:34:48,91,1759
Wade Beal,Wade_Beal9377@nimogy.biz,1963-12-14 12:46:25,60,1760
Jenna Rose,Jenna_Rose7336@ovock.tech,1955-05-11 14:27:20,70,1761
Hayden Thomson,Hayden_Thomson2885@gembat.biz,1964-12-18 20:58:33,99,1762
Doug Walsh,Doug_Walsh1484@bungar.biz,1967-04-14 13:14:13,43,1763
Alice Larsen,Alice_Larsen498@iatim.tech,1961-12-03 20:07:40,97,1764
Ron Nayler,Ron_Nayler1836@bulaffy.com,1912-03-23 08:40:43,97,1765
Caleb Jennson,Caleb_Jennson4318@sheye.org,1983-02-04 10:42:46,35,1766
Nathan Tennant,Nathan_Tennant318@ubusive.com,1926-10-23 15:46:39,58,1767
Shelby Mills,Shelby_Mills6051@fuliss.net,1834-03-02 16:05:14,57,1768
Leslie Young,Leslie_Young2649@corti.com,1977-08-21 05:45:16,84,1769
Natalie Hill,Natalie_Hill4814@qater.org,1940-05-05 10:12:50,48,1770
Harry Raven,Harry_Raven2425@atink.com,1832-10-08 05:35:24,75,1771
Freya Ogilvy,Freya_Ogilvy3152@zorer.org,1864-05-26 20:57:32,62,1772
Noah Moreno,Noah_Moreno8592@liret.org,1947-09-22 10:48:43,51,1773
Clint Graves,Clint_Graves8748@nimogy.biz,1971-10-08 20:15:06,52,1774
Martin Keys,Martin_Keys5816@deavo.com,1999-11-28 16:00:36,70,1775
Camellia Appleton,Camellia_Appleton3154@deons.tech,1995-09-17 01:09:00,60,1776
Domenic Wild,Domenic_Wild78@dionrab.com,1935-04-29 02:35:36,26,1777
Benjamin Yarwood,Benjamin_Yarwood1166@infotech44.tech,1951-04-05 13:54:08,45,1778
Havana Watson,Havana_Watson1057@nimogy.biz,1849-06-15 19:54:46,84,1779
Samantha Lee,Samantha_Lee5928@typill.biz,1853-02-15 17:19:29,29,1780
Dasha Warner,Dasha_Warner5179@twipet.com,1838-07-14 14:32:19,53,1781
Chester Raven,Chester_Raven6649@gompie.com,1860-08-01 04:44:18,94,1782
Elijah Tyler,Elijah_Tyler8049@elnee.tech,1945-05-11 08:15:18,84,1783
Alan Lynn,Alan_Lynn9983@gompie.com,1990-06-13 00:40:47,67,1784
Daron Olson,Daron_Olson3661@cispeto.com,1923-05-03 16:34:00,67,1785
Matt Stevens,Matt_Stevens5752@joiniaa.com,1934-12-15 06:34:05,72,1786
Denny Farrant,Denny_Farrant5223@grannar.com,1836-01-29 16:00:05,77,1787
Clint Emmett,Clint_Emmett7050@joiniaa.com,1904-08-23 14:26:17,93,1788
Remy Vangness,Remy_Vangness7131@qater.org,1993-10-23 04:49:34,99,1789
Leanne Ross,Leanne_Ross1421@guentu.biz,1853-01-09 01:03:48,53,1790
Adelaide Vaughan,Adelaide_Vaughan2873@elnee.tech,1911-10-14 01:18:09,99,1791
Clarissa Stevenson,Clarissa_Stevenson1701@bauros.biz,2008-03-26 02:30:39,73,1792
Jackeline Poole,Jackeline_Poole1073@atink.com,1965-02-24 20:47:48,38,1793
Gemma Welsch,Gemma_Welsch8693@twace.org,1864-07-07 06:56:16,49,1794
Leslie Sylvester,Leslie_Sylvester5810@yahoo.com,1969-10-10 03:25:22,95,1795
Angelica Martin,Angelica_Martin1429@grannar.com,1998-02-27 06:22:07,76,1796
Brad Morris,Brad_Morris9224@muall.tech,1899-11-05 04:24:01,61,1797
Chester Nayler,Chester_Nayler2852@guentu.biz,2017-01-14 04:50:04,51,1798
Chris Redden,Chris_Redden8725@tonsy.org,1981-03-03 03:28:18,38,1799
Marina Ring,Marina_Ring5724@qater.org,1926-09-12 08:44:55,70,1800
Boris Wilton,Boris_Wilton8556@twipet.com,2000-07-28 07:05:15,65,1801
Phoebe Hunt,Phoebe_Hunt7279@atink.com,1832-08-05 19:37:43,87,1802
Fred Wright,Fred_Wright7828@gompie.com,1968-02-23 07:39:25,46,1803
Alice Dallas,Alice_Dallas4283@zorer.org,1986-05-18 02:32:33,41,1804
Alba Boden,Alba_Boden7376@gompie.com,1930-10-14 13:05:25,82,1805
Abdul Hastings,Abdul_Hastings933@joiniaa.com,1986-03-03 14:36:16,63,1806
Anabelle Adler,Anabelle_Adler9131@infotech44.tech,1864-12-21 11:52:51,43,1807
Stacy Richardson,Stacy_Richardson4370@acrit.org,1851-07-02 11:21:12,19,1808
Wade Graves,Wade_Graves6552@nickia.com,1987-04-16 09:48:00,20,1809
Audrey Walsh,Audrey_Walsh136@deavo.com,1991-01-01 09:18:44,46,1810
Fred Kelly,Fred_Kelly1198@typill.biz,1898-02-02 16:34:44,39,1811
Jessica Bentley,Jessica_Bentley2610@joiniaa.com,1890-08-23 09:00:14,29,1812
Marla Jones,Marla_Jones8360@sveldo.biz,1920-05-07 00:02:42,58,1813
Hank Cowan,Hank_Cowan8627@ovock.tech,1906-09-22 22:06:49,40,1814
Alexander Allington,Alexander_Allington7540@nimogy.biz,2008-04-13 01:00:35,47,1815
Lucas Milner,Lucas_Milner6139@grannar.com,1899-11-29 19:23:00,43,1816
Carmella Ulyatt,Carmella_Ulyatt2521@cispeto.com,1849-08-23 14:31:17,98,1817
Stacy Morris,Stacy_Morris9641@fuliss.net,2011-10-02 13:06:08,32,1818
Kieth Clarkson,Kieth_Clarkson3569@famism.biz,1888-10-14 02:58:18,64,1819
Trisha Terry,Trisha_Terry5333@bulaffy.com,1912-07-01 22:48:14,63,1820
Bob Sherwood,Bob_Sherwood6103@fuliss.net,1851-10-17 05:05:35,66,1821
Sara Torres,Sara_Torres8359@guentu.biz,1895-03-31 05:30:12,32,1822
Phillip Kelly,Phillip_Kelly7403@supunk.biz,1971-10-25 04:37:03,63,1823
Joseph Thomas,Joseph_Thomas5860@guentu.biz,1999-05-25 06:49:20,90,1824
Lynn Addley,Lynn_Addley7120@bauros.biz,1994-03-18 07:16:38,61,1825
Julianna Scott,Julianna_Scott691@womeona.net,1947-11-19 06:57:12,38,1826
Rose Vaughn,Rose_Vaughn399@vetan.org,1830-10-09 19:39:56,99,1827
Nathan Silva,Nathan_Silva3147@dionrab.com,2020-03-30 05:30:58,61,1828
Marina Clark,Marina_Clark5246@bretoux.com,1926-03-17 03:47:03,38,1829
Janice Uttridge,Janice_Uttridge986@bulaffy.com,1917-03-16 22:21:06,75,1830
Ron Anderson,Ron_Anderson6616@kideod.biz,1990-01-17 06:18:58,61,1831
Mike Willis,Mike_Willis6912@hourpy.biz,1833-05-15 14:30:42,24,1832
Andie James,Andie_James7088@supunk.biz,1975-11-23 17:03:23,66,1833
Vicky Gordon,Vicky_Gordon2920@cispeto.com,1968-11-05 13:18:04,56,1834
Rosa Moore,Rosa_Moore5272@qater.org,1981-11-03 07:54:15,87,1835
Nick Wood,Nick_Wood214@naiker.biz,2017-03-30 01:35:15,72,1836
Sonya Holmes,Sonya_Holmes4081@cispeto.com,1919-02-17 08:40:11,25,1837
Carmen Ellwood,Carmen_Ellwood2495@qater.org,1836-12-14 05:05:50,66,1838
Denis Graham,Denis_Graham5490@bauros.biz,1931-04-04 05:23:29,60,1839
Ramon Hamilton,Ramon_Hamilton4148@supunk.biz,1820-09-02 21:23:00,48,1840
Vivian Collingwood,Vivian_Collingwood1680@gmail.com,1925-06-25 00:23:10,75,1841
Eileen Riley,Eileen_Riley6764@gembat.biz,1866-06-05 09:21:39,96,1842
Chuck Butler,Chuck_Butler6712@joiniaa.com,1918-07-02 06:01:50,87,1843
Belinda Duvall,Belinda_Duvall4832@atink.com,1982-11-08 02:37:10,35,1844
Hayden Booth,Hayden_Booth8060@sheye.org,1962-10-16 05:22:11,31,1845
Eden Collingwood,Eden_Collingwood577@twace.org,1912-12-13 10:03:44,90,1846
Liv Butler,Liv_Butler3275@grannar.com,2006-09-01 20:16:30,51,1847
Kurt Mason,Kurt_Mason4499@elnee.tech,1896-07-05 17:22:53,75,1848
Cedrick Savage,Cedrick_Savage6899@jiman.org,1939-02-19 02:00:21,74,1849
Angelique Rose,Angelique_Rose2846@infotech44.tech,1924-11-22 07:52:15,86,1850
Adalie Harvey,Adalie_Harvey7930@famism.biz,1975-04-24 08:16:37,78,1851
Henry Saunders,Henry_Saunders593@vetan.org,1892-01-08 04:49:03,95,1852
Josh Dallas,Josh_Dallas8367@famism.biz,1835-10-28 21:53:28,92,1853
Kimberly Blythe,Kimberly_Blythe797@guentu.biz,1884-12-09 01:01:38,59,1854
Gladys Martin,Gladys_Martin6156@extex.org,1877-01-04 20:48:39,67,1855
Peter Thomson,Peter_Thomson3146@extex.org,2005-02-26 00:00:44,97,1856
Camellia Clark,Camellia_Clark7195@nimogy.biz,1989-08-27 22:04:10,42,1857
Cherish Clifford,Cherish_Clifford5517@brety.org,1828-06-21 11:17:50,80,1858
David Graves,David_Graves8845@gompie.com,1935-05-24 00:47:05,97,1859
Estrella Palmer,Estrella_Palmer6792@muall.tech,1968-02-24 00:39:54,28,1860
Harvey Wright,Harvey_Wright3696@twipet.com,1858-09-30 06:17:34,95,1861
Julian Saunders,Julian_Saunders9844@sheye.org,1970-07-01 05:53:09,27,1862
Javier Willis,Javier_Willis2085@fuliss.net,1875-05-04 19:30:53,99,1863
Susan Ashley,Susan_Ashley7222@kideod.biz,1895-10-23 10:51:34,48,1864
Jules Ianson,Jules_Ianson1450@grannar.com,1934-04-04 20:17:53,91,1865
Dasha Rogers,Dasha_Rogers8132@bretoux.com,1852-02-23 19:25:21,19,1866
Joseph Penn,Joseph_Penn5857@bulaffy.com,1937-12-14 08:25:32,50,1867
Paige Jackson,Paige_Jackson7787@typill.biz,1838-11-09 21:49:39,53,1868
Carrie Gosling,Carrie_Gosling93@corti.com,2009-07-18 07:33:24,41,1869
Gabriel Ingham,Gabriel_Ingham5728@famism.biz,1927-05-16 08:37:13,96,1870
Hope Stone,Hope_Stone5008@vetan.org,1845-07-30 17:43:58,35,1871
Wendy Whitmore,Wendy_Whitmore9363@iatim.tech,1972-02-01 03:22:05,97,1872
Mike Utterson,Mike_Utterson2602@qater.org,1874-04-11 20:44:43,41,1873
Nicholas Fisher,Nicholas_Fisher7141@gembat.biz,2009-12-15 18:06:23,48,1874
Rae Fox,Rae_Fox1962@dionrab.com,1932-05-29 05:33:55,41,1875
Ellen Ryan,Ellen_Ryan2688@nimogy.biz,1906-05-11 09:29:38,45,1876
Payton Dann,Payton_Dann7100@irrepsy.com,2001-02-18 08:03:42,73,1877
Gabriel Beal,Gabriel_Beal7190@naiker.biz,1956-03-22 05:48:11,41,1878
Ciara Pond,Ciara_Pond4393@guentu.biz,1973-12-20 17:19:01,82,1879
Nicholas Ebbs,Nicholas_Ebbs700@sveldo.biz,1852-01-25 13:50:42,31,1880
Valerie Walton,Valerie_Walton2727@acrit.org,1894-07-07 00:48:28,18,1881
Oliver Dyson,Oliver_Dyson3575@bretoux.com,2008-03-12 05:33:48,75,1882
Regina Hastings,Regina_Hastings9395@atink.com,1946-11-16 12:53:35,69,1883
Tara Uttley,Tara_Uttley277@sveldo.biz,1983-11-08 10:31:05,60,1884
Tom Cavanagh,Tom_Cavanagh193@gompie.com,2004-01-17 00:06:44,32,1885
Payton Quinnell,Payton_Quinnell163@yahoo.com,1846-01-23 03:53:06,76,1886
Aeris Ventura,Aeris_Ventura8513@bulaffy.com,1989-04-07 11:16:14,59,1887
Johnathan Ebbs,Johnathan_Ebbs2999@ovock.tech,1858-11-08 04:00:21,37,1888
Chad Jordan,Chad_Jordan4202@nimogy.biz,1836-03-28 07:05:58,98,1889
Ryan Goodman,Ryan_Goodman3854@deavo.com,1951-06-02 16:00:06,77,1890
Jules Kerr,Jules_Kerr2493@deavo.com,1870-03-13 12:43:04,86,1891
Daphne Buckley,Daphne_Buckley8805@deons.tech,1894-12-14 22:47:09,86,1892
Makena Walsh,Makena_Walsh2546@qater.org,1998-08-02 06:04:35,41,1893
Laila Rowan,Laila_Rowan6336@typill.biz,1997-08-15 13:53:41,54,1894
Maribel Baker,Maribel_Baker1629@famism.biz,1917-01-23 00:31:17,45,1895
Celia Hooper,Celia_Hooper2756@gembat.biz,1820-08-08 10:36:23,85,1896
Nick Fall,Nick_Fall7828@gmail.com,1969-10-24 06:53:03,34,1897
Moira Lewis,Moira_Lewis7208@bretoux.com,2006-03-23 09:06:11,48,1898
Raquel Whinter,Raquel_Whinter2652@mafthy.com,1931-10-10 07:36:24,85,1899
Anthony Mccormick,Anthony_Mccormick8817@irrepsy.com,1833-09-03 10:13:47,42,1900
Tony Ebbs,Tony_Ebbs923@womeona.net,1947-09-24 18:07:57,41,1901
Callie Fulton,Callie_Fulton214@infotech44.tech,1863-11-26 15:51:11,84,1902
Martin Emerson,Martin_Emerson2416@sheye.org,1988-03-20 12:12:14,37,1903
Ethan Flett,Ethan_Flett8985@atink.com,1962-11-12 06:41:43,96,1904
Analise Edley,Analise_Edley1369@liret.org,1837-03-25 12:28:53,38,1905
Ryan Nurton,Ryan_Nurton9923@bulaffy.com,1937-02-23 15:13:18,74,1906
Oliver Vollans,Oliver_Vollans7392@typill.biz,1905-08-25 00:30:51,39,1907
Priscilla Rainford,Priscilla_Rainford2341@dionrab.com,1855-06-02 22:20:01,74,1908
Alba Holt,Alba_Holt9935@qater.org,2002-08-13 03:19:58,64,1909
Alison Franks,Alison_Franks396@zorer.org,1848-01-07 08:53:19,83,1910
Estrella James,Estrella_James6489@bretoux.com,1902-02-10 09:47:54,77,1911
Mara Eagle,Mara_Eagle6254@joiniaa.com,1822-08-23 06:51:52,91,1912
Mayleen Sinclair,Mayleen_Sinclair3024@gembat.biz,1996-08-15 13:06:21,94,1913
Henry Cooper,Henry_Cooper2266@iatim.tech,1871-07-16 10:38:39,53,1914
Johnny Gibson,Johnny_Gibson2657@infotech44.tech,1968-02-09 19:44:37,88,1915
Peter Moore,Peter_Moore4440@corti.com,1890-02-11 11:18:26,53,1916
Johnny Todd,Johnny_Todd9954@bulaffy.com,1924-10-20 07:57:58,30,1917
Vivian Goldsmith,Vivian_Goldsmith4572@joiniaa.com,2014-03-02 07:14:19,56,1918
Ema Stuart,Ema_Stuart4970@deons.tech,1890-02-28 01:33:42,41,1919
Leah Donovan,Leah_Donovan2362@iatim.tech,1852-07-06 20:23:21,54,1920
Candace Stewart,Candace_Stewart4905@bretoux.com,1862-01-01 06:33:02,61,1921
Rosemary Jobson,Rosemary_Jobson9743@joiniaa.com,2011-10-30 19:56:53,63,1922
Matthew Hudson,Matthew_Hudson7016@joiniaa.com,1902-02-05 09:57:48,38,1923
Noah Hood,Noah_Hood8834@yahoo.com,1853-04-30 01:57:11,89,1924
Camila Williams,Camila_Williams1955@eirey.tech,1915-03-12 03:14:49,73,1925
Eduardo Knight,Eduardo_Knight8014@extex.org,1958-04-21 14:03:04,91,1926
Daron Upsdell,Daron_Upsdell7902@kideod.biz,1846-11-04 08:05:55,37,1927
Bree Riley,Bree_Riley328@irrepsy.com,2013-09-26 04:03:26,94,1928
Ethan Seymour,Ethan_Seymour1533@ovock.tech,1852-04-14 09:05:53,46,1929
Gabriel Clayton,Gabriel_Clayton2881@deons.tech,1976-04-19 17:43:44,27,1930
Henry Swan,Henry_Swan5904@typill.biz,1905-03-20 03:27:19,19,1931
Gemma Cadman,Gemma_Cadman1484@muall.tech,1942-02-09 03:34:50,41,1932
Anabel Norman,Anabel_Norman5914@nimogy.biz,1990-04-15 22:27:55,75,1933
Peter Dyson,Peter_Dyson3375@hourpy.biz,1854-09-10 20:32:20,60,1934
Nancy Forester,Nancy_Forester8817@zorer.org,2018-09-29 09:43:37,57,1935
Alexia Hilton,Alexia_Hilton4716@supunk.biz,1985-01-12 20:41:53,96,1936
Chanelle Freeburn,Chanelle_Freeburn6252@typill.biz,2019-11-11 05:16:18,57,1937
Tiffany Plant,Tiffany_Plant3296@twipet.com,1972-06-06 11:18:42,75,1938
Lexi Dempsey,Lexi_Dempsey4617@deons.tech,1824-02-20 13:49:55,18,1939
Gwenyth Turner,Gwenyth_Turner4000@deons.tech,1879-02-08 10:08:03,89,1940
Bridget Shields,Bridget_Shields1433@bauros.biz,1820-07-19 21:33:10,70,1941
Gemma Collins,Gemma_Collins1998@cispeto.com,1859-09-25 19:03:32,83,1942
Tyson Pratt,Tyson_Pratt3086@tonsy.org,1933-12-12 22:48:14,99,1943
Melody Vangness,Melody_Vangness8448@infotech44.tech,1879-01-27 18:41:42,24,1944
Gabriel Davies,Gabriel_Davies2990@nimogy.biz,1967-11-22 03:26:52,90,1945
Lara Fenton,Lara_Fenton2706@irrepsy.com,1883-08-08 18:07:56,32,1946
Sage Plumb,Sage_Plumb1810@bretoux.com,2009-02-04 07:08:14,36,1947
Chester Tobin,Chester_Tobin4625@brety.org,1896-06-24 17:02:36,55,1948
Joy Tait,Joy_Tait3651@grannar.com,2007-01-22 17:57:22,70,1949
Johnathan Alexander,Johnathan_Alexander5317@famism.biz,2007-07-28 16:27:57,79,1950
Gabriel Johnson,Gabriel_Johnson6608@corti.com,1877-05-29 01:08:31,24,1951
Enoch King,Enoch_King5016@naiker.biz,1922-12-17 04:55:36,49,1952
Noemi Forester,Noemi_Forester5923@brety.org,1958-08-10 09:47:24,83,1953
Mark Mccall,Mark_Mccall8591@yahoo.com,1894-04-19 07:16:51,40,1954
Martin Hogg,Martin_Hogg2941@deons.tech,1962-04-26 04:14:43,61,1955
Amy Hunt,Amy_Hunt5931@gompie.com,1838-06-20 05:36:54,84,1956
Fiona Harris,Fiona_Harris7400@elnee.tech,1870-03-13 16:38:28,52,1957
Cedrick Price,Cedrick_Price3481@corti.com,1928-11-06 20:27:29,20,1958
Javier Milner,Javier_Milner8786@famism.biz,1998-04-29 10:27:16,94,1959
Kamila Jones,Kamila_Jones562@supunk.biz,1950-12-16 20:41:51,87,1960
Bob Whitmore,Bob_Whitmore3291@ubusive.com,1991-03-19 15:29:05,20,1961
Samara King,Samara_King8932@bretoux.com,1962-08-16 03:49:41,61,1962
Leroy Rycroft,Leroy_Rycroft5385@bretoux.com,1922-06-30 12:01:56,87,1963
Hadley Varley,Hadley_Varley6434@yahoo.com,2014-02-11 09:43:32,33,1964
Adalie Fields,Adalie_Fields2443@bauros.biz,1885-12-10 13:27:44,74,1965
Gil Owen,Gil_Owen3379@famism.biz,1966-09-12 03:13:01,85,1966
Carmella Cameron,Carmella_Cameron2499@joiniaa.com,2020-03-12 04:28:50,45,1967
Marissa Redfern,Marissa_Redfern5057@ubusive.com,1991-02-24 20:07:47,98,1968
Gil Marshall,Gil_Marshall2636@gmail.com,1933-10-24 04:15:35,43,1969
Gwenyth Hunter,Gwenyth_Hunter7237@zorer.org,1926-03-30 09:06:49,78,1970
Roger James,Roger_James4179@gmail.com,1829-03-24 17:29:00,34,1971
Robyn Hobbs,Robyn_Hobbs471@guentu.biz,1869-09-29 09:16:52,86,1972
Daniel Needham,Daniel_Needham5461@womeona.net,1850-04-10 16:33:37,84,1973
Stephanie Palmer,Stephanie_Palmer546@hourpy.biz,1991-05-02 10:50:52,44,1974
Adelaide Porter,Adelaide_Porter3986@irrepsy.com,1971-01-30 16:39:49,69,1975
Aeris Kelly,Aeris_Kelly41@bungar.biz,1866-04-14 04:04:52,36,1976
Camden Radcliffe,Camden_Radcliffe1951@brety.org,1833-05-17 17:22:12,20,1977
Luna Wilton,Luna_Wilton5657@yahoo.com,1842-10-22 15:28:04,82,1978
Gina Reese,Gina_Reese50@nickia.com,1890-04-11 12:16:07,67,1979
Tania Cobb,Tania_Cobb6695@fuliss.net,1941-07-31 19:03:38,51,1980
Florence Weatcroft,Florence_Weatcroft8183@hourpy.biz,1938-04-13 16:39:57,85,1981
Winnie Windsor,Winnie_Windsor1003@typill.biz,1871-04-18 10:50:30,49,1982
Chris Brennan,Chris_Brennan6146@gmail.com,1901-02-12 13:42:33,53,1983
Logan Ring,Logan_Ring6749@naiker.biz,1833-01-12 14:53:09,24,1984
Bree Richardson,Bree_Richardson2947@yahoo.com,2008-06-10 09:51:50,79,1985
Doug Simpson,Doug_Simpson2726@guentu.biz,1921-08-13 02:49:26,53,1986
Thea Uttley,Thea_Uttley5354@grannar.com,2018-03-22 20:18:18,78,1987
Jazmin Rixon,Jazmin_Rixon4359@bauros.biz,1948-10-12 03:56:34,53,1988
Danny Gibbons,Danny_Gibbons8153@twipet.com,1883-06-24 00:32:46,41,1989
Mike Edmonds,Mike_Edmonds7366@dionrab.com,1950-04-18 17:45:44,21,1990
Aurelia Mcneill,Aurelia_Mcneill1220@sveldo.biz,1938-10-07 06:06:30,37,1991
Lucy Little,Lucy_Little150@elnee.tech,1883-07-26 02:16:14,36,1992
Bryon Malone,Bryon_Malone228@sheye.org,1991-06-11 01:56:21,26,1993
Domenic Moss,Domenic_Moss5514@gmail.com,2004-12-25 03:43:41,75,1994
Brooklyn Pickard,Brooklyn_Pickard5521@ovock.tech,1988-08-06 12:26:18,79,1995
Aiden Eaton,Aiden_Eaton5288@deons.tech,1964-08-31 12:31:20,38,1996
Johnny Warden,Johnny_Warden4183@gmail.com,2007-12-20 21:40:37,59,1997
Lara Bailey,Lara_Bailey5502@tonsy.org,1824-09-01 06:57:04,94,1998
Goldie Wright,Goldie_Wright6165@gompie.com,1895-03-17 19:40:27,71,1999
Harry Evans,Harry_Evans4518@tonsy.org,1964-02-08 04:36:10,19,2000
Denis Tyler,Denis_Tyler8064@gompie.com,1848-02-09 20:57:20,23,2001
Harry Ebbs,Harry_Ebbs4173@bungar.biz,1994-09-03 15:07:49,18,2002
Fiona Plant,Fiona_Plant9802@atink.com,1935-10-08 22:07:21,56,2003
Georgia Baxter,Georgia_Baxter566@fuliss.net,1914-04-13 18:49:02,54,2004
Josh White,Josh_White3981@liret.org,1974-09-27 03:57:30,44,2005
Tyler Stone,Tyler_Stone1749@ovock.tech,1958-02-25 14:49:39,99,2006
Mike Gardner,Mike_Gardner8755@liret.org,1968-02-10 18:24:24,56,2007
Melanie Anderson,Melanie_Anderson4003@womeona.net,1857-03-28 20:48:44,48,2008
Gabriel James,Gabriel_James409@elnee.tech,1975-08-07 20:36:06,44,2009
Thea Miller,Thea_Miller430@twipet.com,1956-09-29 06:27:09,58,2010
Samantha Rosenbloom,Samantha_Rosenbloom449@jiman.org,1861-06-16 22:22:37,80,2011
Bryce Glynn,Bryce_Glynn2955@grannar.com,1844-08-29 03:34:26,55,2012
Ethan Wigley,Ethan_Wigley899@vetan.org,1832-10-24 15:02:06,88,2013
Ivette Wilde,Ivette_Wilde2503@supunk.biz,1965-10-01 10:33:45,35,2014
Bob Simpson,Bob_Simpson3552@womeona.net,1833-02-19 20:51:28,32,2015
Cadence Raven,Cadence_Raven7132@nickia.com,1979-09-05 09:27:25,34,2016
Eduardo Hale,Eduardo_Hale7805@qater.org,1892-08-23 02:49:53,85,2017
Harry Salt,Harry_Salt2315@muall.tech,1879-06-23 04:55:33,63,2018
Mike Cameron,Mike_Cameron9288@acrit.org,1865-10-12 09:56:34,67,2019
Ramon Johnson,Ramon_Johnson5648@nickia.com,1994-01-17 06:11:30,31,2020
Gina Cassidy,Gina_Cassidy6643@cispeto.com,2003-12-07 20:46:03,48,2021
Camellia Waterson,Camellia_Waterson8734@famism.biz,1971-05-24 08:20:25,68,2022
Ethan Hudson,Ethan_Hudson3018@cispeto.com,1956-03-03 10:14:32,82,2023
Rosalee Richards,Rosalee_Richards3985@vetan.org,1839-12-04 18:52:24,52,2024
Martin Hilton,Martin_Hilton2136@extex.org,1986-02-10 01:15:30,93,2025
Carter Moran,Carter_Moran8973@liret.org,1972-12-30 18:39:08,86,2026
Owen Plant,Owen_Plant2750@ubusive.com,1941-05-07 01:30:15,95,2027
Aiden Dixon,Aiden_Dixon150@jiman.org,1881-04-06 06:02:17,74,2028
Hank Harris,Hank_Harris6299@twipet.com,1842-04-26 05:31:10,87,2029
Tony Warden,Tony_Warden5838@infotech44.tech,1961-01-25 09:36:51,50,2030
Benny Jacobs,Benny_Jacobs5713@infotech44.tech,2018-12-10 22:44:36,93,2031
Amy Gray,Amy_Gray4532@liret.org,1876-01-22 21:35:57,36,2032
Evie Russel,Evie_Russel4062@nickia.com,1982-12-24 17:20:03,64,2033
Ivy Yard,Ivy_Yard9089@bulaffy.com,1828-12-26 04:08:38,43,2034
Jamie Cartwright,Jamie_Cartwright2570@gmail.com,1923-05-02 17:17:20,73,2035
Harvey Lee,Harvey_Lee6450@yahoo.com,1873-10-01 05:35:53,31,2036
Phillip Knight,Phillip_Knight584@yahoo.com,1981-04-11 13:27:32,33,2037
Abdul Emmett,Abdul_Emmett6712@sveldo.biz,1997-09-09 13:04:01,30,2038
Sadie Saunders,Sadie_Saunders3719@naiker.biz,1836-12-26 00:30:52,70,2039
Destiny Crawley,Destiny_Crawley4885@dionrab.com,1911-06-21 18:50:13,64,2040
Mark Alexander,Mark_Alexander1705@gompie.com,1823-12-22 19:56:31,29,2041
Leah Bryant,Leah_Bryant7631@sveldo.biz,1976-04-08 15:18:16,95,2042
Roger Saunders,Roger_Saunders8997@gmail.com,1927-04-13 12:26:35,72,2043
Beatrice Thatcher,Beatrice_Thatcher4593@liret.org,1971-05-24 16:48:46,80,2044
Valentina Collins,Valentina_Collins7512@extex.org,1954-06-22 22:28:22,41,2045
Peter Speed,Peter_Speed2919@typill.biz,1984-04-16 16:49:47,21,2046
Francesca Jarvis,Francesca_Jarvis8656@famism.biz,2000-03-17 06:06:30,47,2047
Manuel Williams,Manuel_Williams5103@brety.org,1960-08-01 02:48:54,75,2048
Regina Price,Regina_Price3222@zorer.org,1944-12-23 04:32:38,52,2049
Michaela Raven,Michaela_Raven7496@jiman.org,1981-10-13 16:07:41,25,2050
Josh Downing,Josh_Downing194@liret.org,2005-09-18 21:03:33,26,2051
Cedrick Wooldridge,Cedrick_Wooldridge1045@cispeto.com,1909-03-20 07:02:58,52,2052
Madison Dillon,Madison_Dillon1038@ubusive.com,1859-05-02 19:45:14,93,2053
Eileen Rogan,Eileen_Rogan8298@ubusive.com,1951-12-30 02:03:05,96,2054
Britney Powell,Britney_Powell5568@nimogy.biz,1848-02-24 21:53:14,85,2055
Ivy Tailor,Ivy_Tailor2910@gmail.com,1945-02-19 09:50:41,20,2056
Javier Savage,Javier_Savage6496@sveldo.biz,1971-01-15 17:05:45,87,2057
Alessandra Wilson,Alessandra_Wilson355@brety.org,1937-11-17 17:53:24,33,2058
Iris Summers,Iris_Summers4082@kideod.biz,1884-01-30 19:48:26,75,2059
Maia Becker,Maia_Becker746@zorer.org,1923-01-13 06:19:26,95,2060
Melanie Ross,Melanie_Ross3974@irrepsy.com,1862-03-21 16:06:32,82,2061
Caleb Clarkson,Caleb_Clarkson5122@sheye.org,1849-05-21 14:24:12,82,2062
Anthony Wright,Anthony_Wright722@vetan.org,1841-11-03 20:50:09,36,2063
Tyson Hopkinson,Tyson_Hopkinson4636@hourpy.biz,1904-05-24 18:08:54,36,2064
Julian Adams,Julian_Adams6703@hourpy.biz,1962-07-11 18:50:17,77,2065
Josh Herbert,Josh_Herbert6562@yahoo.com,1901-02-08 04:03:46,48,2066
Liam Strong,Liam_Strong3250@corti.com,1908-12-18 01:57:40,46,2067
Camila Edwards,Camila_Edwards9783@gembat.biz,1859-02-09 15:57:13,91,2068
Tyler Garner,Tyler_Garner4404@acrit.org,1901-05-25 06:46:26,52,2069
Matthew Janes,Matthew_Janes5582@bungar.biz,1961-07-10 18:55:10,50,2070
Elly Yard,Elly_Yard9547@supunk.biz,1897-01-11 09:08:26,85,2071
Barry Ring,Barry_Ring8820@dionrab.com,1871-02-11 07:29:57,25,2072
John Andersson,John_Andersson2651@twace.org,1939-01-21 03:54:03,59,2073
Boris Graham,Boris_Graham8353@jiman.org,1917-10-30 20:35:03,96,2074
Marvin Jenkin,Marvin_Jenkin6136@deavo.com,1822-07-14 21:27:29,73,2075
Mark Beal,Mark_Beal788@eirey.tech,1893-07-07 06:53:49,82,2076
Juliette Forth,Juliette_Forth9422@elnee.tech,2017-11-23 09:58:36,65,2077
Fred Wills,Fred_Wills160@deons.tech,1821-05-01 21:54:33,27,2078
Angel Poole,Angel_Poole3802@sveldo.biz,1842-05-13 17:42:34,91,2079
Ramon Forester,Ramon_Forester2624@brety.org,1928-11-24 01:24:11,76,2080
Brooklyn Hunt,Brooklyn_Hunt9170@bretoux.com,1954-03-13 19:56:58,37,2081
Denny Russel,Denny_Russel7218@sveldo.biz,1932-06-10 00:42:48,43,2082
Johnathan York,Johnathan_York7226@gmail.com,1896-09-13 21:10:17,62,2083
Cassidy Thorne,Cassidy_Thorne8515@cispeto.com,1969-08-06 19:30:04,54,2084
Norah Parker,Norah_Parker3442@kideod.biz,1989-09-26 14:02:08,31,2085
Dalia Price,Dalia_Price8730@corti.com,2001-04-06 12:07:32,93,2086
Ron Wilde,Ron_Wilde4531@twipet.com,2005-05-19 14:28:12,48,2087
Evie Matthews,Evie_Matthews3758@famism.biz,1902-09-27 22:03:15,61,2088
Irene Murray,Irene_Murray1245@yahoo.com,1945-09-18 21:50:21,68,2089
Danny Asher,Danny_Asher1518@brety.org,1938-02-11 03:16:03,61,2090
Javier Thomson,Javier_Thomson7714@elnee.tech,2019-08-24 15:12:48,24,2091
Nick Carson,Nick_Carson194@tonsy.org,1984-01-10 14:31:24,72,2092
Beatrice Rodwell,Beatrice_Rodwell5952@atink.com,1826-09-13 12:28:38,56,2093
Julius Chester,Julius_Chester7364@bretoux.com,1933-06-22 01:15:40,20,2094
Mya Watson,Mya_Watson2831@nickia.com,1971-12-12 19:56:56,92,2095
Teagan Egerton,Teagan_Egerton3986@womeona.net,1913-04-07 01:14:36,50,2096
Valerie Robinson,Valerie_Robinson3492@typill.biz,1871-06-05 10:07:42,69,2097
Melody Broomfield,Melody_Broomfield3872@brety.org,1873-07-04 16:49:54,50,2098
Logan Norburn,Logan_Norburn7367@cispeto.com,1951-04-28 19:35:11,86,2099
Harvey Griffiths,Harvey_Griffiths2899@mafthy.com,1967-12-20 03:41:27,51,2100
Samantha Graves,Samantha_Graves3329@atink.com,1937-04-03 17:27:39,40,2101
Rihanna Anderson,Rihanna_Anderson2282@gembat.biz,1993-10-04 15:48:49,31,2102
Manuel Uddin,Manuel_Uddin8809@sveldo.biz,2008-04-28 16:32:47,98,2103
Payton Judd,Payton_Judd5117@deons.tech,1914-08-12 08:11:34,94,2104
Sabina Callan,Sabina_Callan9237@deons.tech,1883-12-15 11:24:04,76,2105
Nate Gibbons,Nate_Gibbons3084@extex.org,1907-07-06 18:20:13,35,2106
Rihanna Atkinson,Rihanna_Atkinson6920@nanoff.biz,1966-11-07 19:47:07,78,2107
Elise Crawley,Elise_Crawley9062@jiman.org,1831-06-11 21:00:46,82,2108
Nicholas Osmond,Nicholas_Osmond939@bulaffy.com,1971-10-18 03:03:30,72,2109
Angela Beal,Angela_Beal3681@dionrab.com,1958-01-21 16:13:44,47,2110
Johnathan Emmott,Johnathan_Emmott3374@tonsy.org,1939-08-03 02:56:02,94,2111
Kurt Robinson,Kurt_Robinson4409@sheye.org,1929-10-23 16:33:45,52,2112
Mavis Stevenson,Mavis_Stevenson4684@dionrab.com,1923-08-05 11:51:49,65,2113
Johnathan Edler,Johnathan_Edler4394@bretoux.com,1970-09-28 00:08:52,44,2114
Crystal Chadwick,Crystal_Chadwick5825@atink.com,1997-08-07 10:31:35,60,2115
Marvin Allcott,Marvin_Allcott3328@sheye.org,1963-03-20 09:48:16,74,2116
Peyton Carter,Peyton_Carter4619@mafthy.com,1981-03-30 12:07:08,19,2117
Logan Spencer,Logan_Spencer4559@sheye.org,1894-11-29 17:41:18,32,2118
Ellen Walsh,Ellen_Walsh3107@vetan.org,1861-06-07 05:54:38,66,2119
Elijah Ulyatt,Elijah_Ulyatt2116@liret.org,1905-07-14 01:33:58,47,2120
Nicholas Chappell,Nicholas_Chappell5747@fuliss.net,1896-04-30 10:00:33,51,2121
Johnathan King,Johnathan_King975@vetan.org,1843-11-08 21:47:49,49,2122
Benjamin Thompson,Benjamin_Thompson5500@nickia.com,1882-08-11 16:27:13,45,2123
Hank Notman,Hank_Notman9534@hourpy.biz,1972-07-07 13:41:18,37,2124
Megan Watt,Megan_Watt2530@iatim.tech,1950-10-18 16:45:35,27,2125
Monica Sherwood,Monica_Sherwood6087@naiker.biz,1965-05-28 19:49:53,74,2126
Matt Stone,Matt_Stone2345@sveldo.biz,1975-07-09 22:32:15,87,2127
Mackenzie Young,Mackenzie_Young6095@muall.tech,1885-10-14 06:12:54,19,2128
Tom Tanner,Tom_Tanner1182@zorer.org,1823-05-11 10:06:09,26,2129
Matthew Gallacher,Matthew_Gallacher6148@gompie.com,1964-06-07 10:06:07,87,2130
Marvin Flanders,Marvin_Flanders7616@gompie.com,1865-01-15 17:06:56,56,2131
Selena Jefferson,Selena_Jefferson8833@deons.tech,1963-11-06 03:38:21,26,2132
Kirsten Evans,Kirsten_Evans1606@ovock.tech,1977-07-05 10:52:02,94,2133
Chester Nicolas,Chester_Nicolas788@acrit.org,1912-06-18 10:05:31,70,2134
Jacob Armstrong,Jacob_Armstrong6983@muall.tech,1871-06-12 19:54:31,88,2135
Harriet Wallace,Harriet_Wallace326@grannar.com,1977-06-08 17:20:48,83,2136
Leslie Michael,Leslie_Michael269@vetan.org,1878-12-29 13:49:31,69,2137
Alba Dwyer,Alba_Dwyer7314@zorer.org,2006-01-19 16:40:29,74,2138
Meredith Murray,Meredith_Murray1811@gmail.com,1831-08-29 09:02:31,64,2139
David Hale,David_Hale7463@zorer.org,1891-06-01 06:07:05,47,2140
Angela Martin,Angela_Martin9077@mafthy.com,1918-05-01 15:00:10,68,2141
Gil Booth,Gil_Booth1356@qater.org,1867-11-07 12:52:38,62,2142
Meredith Swan,Meredith_Swan9628@bungar.biz,1855-03-10 18:21:50,59,2143
Rick Shaw,Rick_Shaw1459@fuliss.net,2011-02-06 03:26:35,90,2144
Lucas Ulyatt,Lucas_Ulyatt9110@cispeto.com,1948-04-18 06:07:53,69,2145
Luke Partridge,Luke_Partridge5536@corti.com,1848-11-05 15:24:58,51,2146
Johnny Nobbs,Johnny_Nobbs6652@extex.org,1906-10-03 10:40:07,90,2147
Roger Cann,Roger_Cann7735@nanoff.biz,1914-05-29 15:23:26,41,2148
Mason Ellison,Mason_Ellison2336@nimogy.biz,1861-09-04 03:02:39,88,2149
Jenna aoui,Jenna_aoui1922@tonsy.org,1829-04-28 05:11:54,25,2150
Ruth Grant,Ruth_Grant185@grannar.com,1968-05-26 03:40:22,19,2151
Joyce Clark,Joyce_Clark7071@corti.com,1825-02-15 19:53:57,82,2152
Hazel Rust,Hazel_Rust2644@iatim.tech,1892-05-11 14:05:34,29,2153
Rosalyn Connell,Rosalyn_Connell3576@sveldo.biz,1887-07-03 15:26:40,95,2154
Rosalyn Paterson,Rosalyn_Paterson6463@supunk.biz,2011-04-20 17:44:40,31,2155
Nate Booth,Nate_Booth1262@typill.biz,1969-02-13 12:43:22,33,2156
Andie Terry,Andie_Terry2407@typill.biz,1822-04-02 19:36:35,31,2157
Luke Everett,Luke_Everett406@deavo.com,1983-02-17 17:22:51,73,2158
Michaela Addley,Michaela_Addley4128@ovock.tech,1993-05-07 05:20:32,48,2159
Candice Lindsay,Candice_Lindsay5075@hourpy.biz,1828-03-13 08:25:49,49,2160
Carl Reynolds,Carl_Reynolds5319@typill.biz,1975-12-28 02:10:24,99,2161
Javier Addis,Javier_Addis7142@gompie.com,1869-04-04 14:41:17,95,2162
Peter Duvall,Peter_Duvall2312@gmail.com,1909-01-29 08:42:12,73,2163
Noemi Marshall,Noemi_Marshall4930@grannar.com,1916-07-12 16:51:35,31,2164
Gil Strong,Gil_Strong5532@supunk.biz,1946-01-05 01:20:55,65,2165
Mason Lyon,Mason_Lyon9030@vetan.org,1950-10-08 01:54:09,47,2166
Lucas Horton,Lucas_Horton7374@womeona.net,1950-01-22 14:22:09,25,2167
Abdul Kirby,Abdul_Kirby1268@tonsy.org,1960-05-16 12:30:50,78,2168
Janelle Lucas,Janelle_Lucas6319@jiman.org,1979-11-19 04:37:51,91,2169
Kurt Knight,Kurt_Knight2451@bauros.biz,1886-11-21 02:11:00,78,2170
Ron Furnell,Ron_Furnell8420@famism.biz,1947-05-27 13:00:41,93,2171
Kaylee Webster,Kaylee_Webster4162@infotech44.tech,1903-02-26 14:19:27,78,2172
Ramon Owen,Ramon_Owen2721@nickia.com,1967-05-26 01:49:22,88,2173
Bryon Robertson,Bryon_Robertson1132@brety.org,1962-08-30 19:55:34,70,2174
Maxwell Morris,Maxwell_Morris9600@naiker.biz,1997-02-16 16:17:16,45,2175
Abdul Thorne,Abdul_Thorne2755@twipet.com,1824-08-22 04:53:10,44,2176
Jenna Reid,Jenna_Reid8393@bretoux.com,1975-10-13 00:56:40,39,2177
Cadence Stone,Cadence_Stone8283@cispeto.com,1869-06-24 01:31:28,82,2178
Shelby Purvis,Shelby_Purvis537@nanoff.biz,1987-05-16 13:13:48,76,2179
Eduardo Matthews,Eduardo_Matthews2581@dionrab.com,1919-09-08 13:05:38,18,2180
Joseph Irving,Joseph_Irving131@bauros.biz,1823-03-19 00:53:44,21,2181
Owen Fulton,Owen_Fulton3866@bretoux.com,1981-12-13 03:33:39,57,2182
Sienna Briggs,Sienna_Briggs9616@brety.org,1949-08-21 21:29:45,19,2183
Anthony Hood,Anthony_Hood4867@bungar.biz,1873-02-19 03:32:17,30,2184
Johnathan Stuart,Johnathan_Stuart7780@bauros.biz,1997-03-13 11:22:56,38,2185
Janelle Redden,Janelle_Redden1630@hourpy.biz,1827-12-22 14:38:16,26,2186
Clint Briggs,Clint_Briggs7421@gmail.com,1822-02-09 17:54:26,21,2187
Cameron Wilson,Cameron_Wilson5304@muall.tech,1916-06-08 07:21:12,87,2188
Michael Marshall,Michael_Marshall5128@nimogy.biz,1951-08-10 12:43:38,91,2189
Rufus Attwood,Rufus_Attwood1971@famism.biz,1883-01-13 12:42:23,78,2190
Willow Wooldridge,Willow_Wooldridge9188@vetan.org,1967-05-27 17:52:29,46,2191
Daria Murphy,Daria_Murphy4345@infotech44.tech,1929-04-14 22:37:03,77,2192
Gabriel Ainsworth,Gabriel_Ainsworth5469@supunk.biz,1850-09-26 07:04:27,46,2193
Rick Adams,Rick_Adams4740@deavo.com,1926-09-24 14:36:53,95,2194
Carla Everett,Carla_Everett3086@gembat.biz,1899-08-20 01:49:12,60,2195
Carter Wilde,Carter_Wilde6785@jiman.org,1842-03-07 07:22:31,54,2196
Ron Fulton,Ron_Fulton1642@elnee.tech,1835-10-06 06:56:42,54,2197
Sarah Sherwood,Sarah_Sherwood1150@typill.biz,1980-12-12 18:56:20,99,2198
Chris Hunt,Chris_Hunt9591@fuliss.net,2019-12-22 21:16:11,67,2199
Wade Coleman,Wade_Coleman4641@womeona.net,1866-10-16 05:03:52,28,2200
Barney Alldridge,Barney_Alldridge7707@mafthy.com,2019-02-24 04:32:51,56,2201
Chadwick Vaughn,Chadwick_Vaughn5377@gmail.com,2004-07-26 19:26:09,52,2202
Ronald Bell,Ronald_Bell1121@eirey.tech,1960-06-16 05:14:34,65,2203
Dakota Lloyd,Dakota_Lloyd2122@guentu.biz,2018-01-25 08:04:22,18,2204
Lucas Gordon,Lucas_Gordon7243@twipet.com,1987-11-10 04:32:06,68,2205
Kurt Douglas,Kurt_Douglas4592@fuliss.net,1839-07-26 07:00:31,90,2206
Cassandra Howard,Cassandra_Howard2870@bulaffy.com,1933-12-07 06:49:38,48,2207
Angelina Pierce,Angelina_Pierce1569@muall.tech,1963-05-06 13:02:48,51,2208
Carina Nobbs,Carina_Nobbs9588@nanoff.biz,1971-11-19 19:36:12,82,2209
Florence Cameron,Florence_Cameron4933@jiman.org,1984-12-13 10:07:47,77,2210
Denny Grey,Denny_Grey7311@dionrab.com,1951-04-20 16:43:48,41,2211
Mark Larsen,Mark_Larsen1231@gmail.com,1827-04-08 18:00:06,31,2212
Ron Kelly,Ron_Kelly8576@deavo.com,1860-05-12 04:34:52,85,2213
Rosalyn Taylor,Rosalyn_Taylor841@zorer.org,1851-10-24 18:24:52,60,2214
Aeris Rigg,Aeris_Rigg9122@twipet.com,1893-03-11 03:25:07,37,2215
Tyson Moore,Tyson_Moore6425@fuliss.net,1993-06-15 16:02:00,88,2216
Sofie Hobson,Sofie_Hobson5@fuliss.net,1828-04-08 01:06:15,35,2217
Alma Dwyer,Alma_Dwyer5892@twace.org,1943-01-06 20:42:33,46,2218
Mavis aoui,Mavis_aoui6516@typill.biz,1991-10-14 10:35:04,99,2219
Joseph Bentley,Joseph_Bentley347@dionrab.com,2000-06-17 05:46:53,38,2220
Bart Mcnally,Bart_Mcnally9111@extex.org,1941-12-30 07:25:30,50,2221
Matt Griffiths,Matt_Griffiths6609@hourpy.biz,1957-06-19 15:11:11,30,2222
Julianna Murray,Julianna_Murray2656@naiker.biz,1917-03-05 22:04:30,36,2223
Bernadette Tyler,Bernadette_Tyler3190@famism.biz,2018-06-01 13:32:38,34,2224
Payton Pierce,Payton_Pierce6793@fuliss.net,1902-05-10 06:43:12,49,2225
Tyler Baker,Tyler_Baker7428@muall.tech,1990-07-04 00:53:07,60,2226
Analise Grey,Analise_Grey2931@famism.biz,1999-10-26 04:09:36,86,2227
Carl Simpson,Carl_Simpson9872@vetan.org,1935-10-17 08:21:14,48,2228
Leroy Kerr,Leroy_Kerr1434@fuliss.net,1879-12-11 11:04:39,33,2229
Carina Woods,Carina_Woods1365@mafthy.com,1885-05-13 02:46:37,27,2230
Percy Rodwell,Percy_Rodwell3788@twipet.com,1838-12-13 11:36:08,24,2231
Phillip Turner,Phillip_Turner7491@bretoux.com,1891-01-03 08:44:17,78,2232
Rachael Gordon,Rachael_Gordon4249@qater.org,1895-08-21 16:24:23,41,2233
Harry Oliver,Harry_Oliver1368@nanoff.biz,1839-03-09 03:28:49,92,2234
Hayden Walker,Hayden_Walker5839@brety.org,1884-06-19 01:39:48,37,2235
Nate Palmer,Nate_Palmer8968@nimogy.biz,1835-08-30 14:41:30,93,2236
David Ventura,David_Ventura8555@vetan.org,1994-04-13 21:30:34,35,2237
Violet Dallas,Violet_Dallas3816@ovock.tech,1931-07-26 04:53:41,61,2238
Estrella Bailey,Estrella_Bailey1555@bretoux.com,1843-06-29 02:48:25,25,2239
Marissa Exton,Marissa_Exton9200@womeona.net,1957-09-05 14:04:57,88,2240
Michael Drake,Michael_Drake6180@yahoo.com,1841-03-05 09:06:55,29,2241
Danny Noach,Danny_Noach9869@vetan.org,1890-10-14 11:04:32,58,2242
Percy Nicolas,Percy_Nicolas4878@brety.org,1976-12-28 20:58:50,40,2243
Carissa Dobson,Carissa_Dobson8449@atink.com,1975-03-08 21:56:07,35,2244
Kieth Lane,Kieth_Lane2950@gembat.biz,1973-07-04 10:57:18,32,2245
Benny Butler,Benny_Butler4720@deons.tech,1872-11-28 10:35:51,37,2246
Jack Hudson,Jack_Hudson6720@liret.org,1972-12-21 17:09:49,86,2247
Gemma Archer,Gemma_Archer3349@typill.biz,1974-03-18 05:45:16,97,2248
Daniel Button,Daniel_Button6860@sveldo.biz,1890-04-24 13:27:44,91,2249
Bryon Niles,Bryon_Niles8973@fuliss.net,1870-04-28 17:12:04,54,2250
Josephine Jordan,Josephine_Jordan4861@sheye.org,1942-01-31 14:11:38,44,2251
Johnathan Turner,Johnathan_Turner9069@guentu.biz,1878-07-11 17:33:33,89,2252
Mark Antcliff,Mark_Antcliff9405@womeona.net,1835-07-21 10:02:19,64,2253
William Knight,William_Knight8255@infotech44.tech,1832-03-24 17:11:54,58,2254
Eryn Moore,Eryn_Moore4307@zorer.org,1941-09-13 00:10:00,76,2255
Gwen Lee,Gwen_Lee1955@jiman.org,1960-07-23 20:12:56,74,2256
Trisha Ulyatt,Trisha_Ulyatt924@twipet.com,2018-07-12 22:29:55,86,2257
George Matthews,George_Matthews747@nanoff.biz,1980-07-26 11:57:04,93,2258
Adalind Rodgers,Adalind_Rodgers6222@dionrab.com,1991-02-09 09:30:32,40,2259
Renee Victor,Renee_Victor2407@gmail.com,1843-04-28 11:42:08,90,2260
Martha Rees,Martha_Rees1709@tonsy.org,2008-06-30 12:33:02,56,2261
Lindsay Vass,Lindsay_Vass349@vetan.org,1986-12-14 13:14:01,54,2262
Audrey Morgan,Audrey_Morgan6591@nickia.com,2012-12-10 07:23:42,21,2263
Abdul Wilcox,Abdul_Wilcox1935@bretoux.com,1934-03-06 01:50:25,28,2264
Alexander Griffiths,Alexander_Griffiths900@famism.biz,1871-07-01 09:12:36,61,2265
Brad Powell,Brad_Powell6944@twipet.com,1849-03-16 12:34:30,36,2266
Tony Hobson,Tony_Hobson9882@nanoff.biz,1910-03-09 01:55:43,21,2267
Hanna Moore,Hanna_Moore8971@twace.org,1973-05-20 22:50:35,51,2268
Livia Stone,Livia_Stone1841@corti.com,1824-05-10 01:08:53,31,2269
Audrey Jenkin,Audrey_Jenkin2086@cispeto.com,1858-03-27 22:28:53,67,2270
Ruby Rixon,Ruby_Rixon5803@bauros.biz,1988-02-24 10:47:33,60,2271
Johnathan Simpson,Johnathan_Simpson1049@nimogy.biz,1921-10-14 08:39:28,31,2272
Adalie Rodgers,Adalie_Rodgers5726@yahoo.com,1880-09-13 08:35:23,94,2273
Rufus Morgan,Rufus_Morgan9910@liret.org,1831-10-24 14:11:25,72,2274
John Rosenbloom,John_Rosenbloom3940@fuliss.net,1883-10-14 11:14:30,99,2275
Mara Walsh,Mara_Walsh7503@liret.org,1865-04-21 10:53:32,55,2276
Manuel Robinson,Manuel_Robinson6426@brety.org,1947-11-14 17:58:51,69,2277
Javier Graves,Javier_Graves8272@mafthy.com,1841-05-03 08:37:33,76,2278
Cecilia Price,Cecilia_Price3935@deons.tech,1914-03-28 11:11:44,18,2279
Matthew Stanley,Matthew_Stanley9784@nanoff.biz,1962-02-11 19:54:38,48,2280
Aiden Ashley,Aiden_Ashley8917@twace.org,1954-04-26 01:10:09,28,2281
Harvey White,Harvey_White8345@muall.tech,1894-03-26 17:00:32,39,2282
George Tennant,George_Tennant8604@yahoo.com,1844-03-31 11:15:38,90,2283
Sadie Cassidy,Sadie_Cassidy1840@atink.com,1882-09-02 16:11:15,53,2284
Bryon Vaughn,Bryon_Vaughn6323@nanoff.biz,1979-02-21 09:47:19,84,2285
Juliet Gray,Juliet_Gray3966@eirey.tech,1822-09-05 06:30:51,19,2286
Alex Walsh,Alex_Walsh2649@guentu.biz,1896-11-10 19:09:40,45,2287
Christy Dale,Christy_Dale1141@zorer.org,1979-03-23 11:35:40,36,2288
Mayleen Foxley,Mayleen_Foxley8367@ovock.tech,1896-11-21 01:34:55,29,2289
Wade Talbot,Wade_Talbot2430@jiman.org,1933-12-16 18:45:43,82,2290
Mackenzie King,Mackenzie_King69@nanoff.biz,1890-06-16 02:15:30,55,2291
Carmella Locke,Carmella_Locke6393@bretoux.com,1909-08-21 20:40:18,59,2292
Leroy Durrant,Leroy_Durrant5491@twipet.com,1902-03-13 06:30:49,43,2293
Boris Rowe,Boris_Rowe9080@jiman.org,1913-05-13 13:53:38,67,2294
Harvey Lindsay,Harvey_Lindsay4850@iatim.tech,1895-12-06 09:40:55,86,2295
Carl Stuart,Carl_Stuart2356@corti.com,1960-06-25 00:33:42,81,2296
Harry Bright,Harry_Bright2161@irrepsy.com,1973-08-01 18:53:21,86,2297
Ramon Rodgers,Ramon_Rodgers7082@liret.org,1916-10-04 04:43:53,92,2298
Logan Purvis,Logan_Purvis61@muall.tech,1993-04-13 06:36:24,64,2299
Marie Hall,Marie_Hall8881@cispeto.com,1958-07-22 08:49:01,89,2300
Chris Hunt,Chris_Hunt1052@infotech44.tech,1955-09-08 02:44:00,18,2301
Mark Appleton,Mark_Appleton8131@sheye.org,1920-10-08 00:24:33,67,2302
Laila Vaughan,Laila_Vaughan7952@joiniaa.com,1992-02-01 18:08:11,61,2303
Freya Vane,Freya_Vane404@acrit.org,1924-01-26 06:27:02,97,2304
Vera Hunter,Vera_Hunter4199@dionrab.com,1847-04-10 07:22:07,19,2305
Chuck Pope,Chuck_Pope4142@gmail.com,1896-05-16 22:30:41,26,2306
Adalie Fox,Adalie_Fox4744@bulaffy.com,1849-01-10 13:36:27,38,2307
Gemma Richards,Gemma_Richards6108@hourpy.biz,2018-05-01 13:04:42,40,2308
Chelsea Leslie,Chelsea_Leslie1752@zorer.org,1844-06-26 02:17:39,96,2309
Raquel Moran,Raquel_Moran9315@deons.tech,1985-12-18 21:08:29,94,2310
Samantha Cartwright,Samantha_Cartwright8811@naiker.biz,1842-10-10 13:38:34,49,2311
Carter Veale,Carter_Veale4327@mafthy.com,1912-06-27 21:23:35,82,2312
Parker Wilkinson,Parker_Wilkinson5129@brety.org,1916-04-20 18:26:31,18,2313
Jack Abbey,Jack_Abbey7968@deavo.com,1979-10-02 11:08:23,79,2314
Marissa Vane,Marissa_Vane2844@atink.com,1938-06-16 22:19:20,69,2315
Jazmin Eaton,Jazmin_Eaton7149@zorer.org,1874-02-16 17:23:09,42,2316
Sofie Robertson,Sofie_Robertson5851@ubusive.com,1893-05-29 08:58:42,83,2317
Kurt Walsh,Kurt_Walsh8545@jiman.org,1943-04-24 13:39:21,29,2318
Nick Huggins,Nick_Huggins9006@sveldo.biz,1920-02-22 20:50:54,54,2319
Kendra Jobson,Kendra_Jobson864@elnee.tech,1898-12-12 07:07:56,82,2320
Doug James,Doug_James5443@nickia.com,1841-02-21 12:39:26,39,2321
Barney Murray,Barney_Murray215@naiker.biz,1990-07-10 00:13:28,86,2322
Joy Pierce,Joy_Pierce2652@sheye.org,1985-09-06 18:53:24,89,2323
Jack Harris,Jack_Harris5650@bulaffy.com,1932-05-16 19:33:13,99,2324
Fiona James,Fiona_James6585@bauros.biz,2008-08-16 01:56:17,66,2325
Henry Turner,Henry_Turner1129@ubusive.com,1961-06-09 20:20:46,87,2326
Martin Torres,Martin_Torres5866@ovock.tech,1873-05-21 08:27:06,36,2327
Rosalyn Grant,Rosalyn_Grant4833@guentu.biz,1864-04-22 02:24:30,85,2328
Manuel Hunter,Manuel_Hunter8303@cispeto.com,1866-04-22 18:35:13,34,2329
Michelle Healy,Michelle_Healy3717@deavo.com,1883-11-15 22:47:41,57,2330
Rose Broomfield,Rose_Broomfield794@mafthy.com,2000-07-19 01:09:13,27,2331
Juliette Wilcox,Juliette_Wilcox9613@sveldo.biz,1906-12-10 00:25:04,77,2332
Lily Rees,Lily_Rees9049@grannar.com,1919-12-11 15:37:45,64,2333
Nicholas Sherwood,Nicholas_Sherwood347@eirey.tech,1845-11-28 00:31:14,67,2334
Miriam Richards,Miriam_Richards1122@iatim.tech,1861-12-12 15:48:15,40,2335
Scarlett Maxwell,Scarlett_Maxwell9793@fuliss.net,1982-05-19 08:55:31,25,2336
Jack Evans,Jack_Evans6586@zorer.org,1872-07-26 17:47:41,98,2337
Chris Butler,Chris_Butler4794@gompie.com,1990-08-31 08:07:16,45,2338
Manuel Gray,Manuel_Gray4962@jiman.org,1958-02-16 13:43:01,54,2339
Ally Chester,Ally_Chester1532@supunk.biz,1964-05-12 05:42:13,47,2340
Maria Huggins,Maria_Huggins2797@qater.org,1981-10-26 08:14:24,30,2341
Lexi Wilde,Lexi_Wilde1898@jiman.org,1893-01-02 01:52:22,33,2342
Matt Whitmore,Matt_Whitmore2715@liret.org,1891-10-24 11:01:05,87,2343
Esmeralda Clayton,Esmeralda_Clayton9138@guentu.biz,2011-07-20 17:05:37,56,2344
Denny Phillips,Denny_Phillips8721@fuliss.net,1923-02-05 09:47:52,19,2345
Jennifer Yoman,Jennifer_Yoman490@nimogy.biz,1907-04-26 02:49:03,58,2346
Jennifer Jordan,Jennifer_Jordan5647@womeona.net,1975-06-05 08:44:17,43,2347
Grace Edler,Grace_Edler9207@zorer.org,1883-06-30 16:52:15,76,2348
Carol Tailor,Carol_Tailor779@tonsy.org,1876-03-01 07:49:12,55,2349
Marina Nurton,Marina_Nurton1462@atink.com,2016-10-07 04:44:19,37,2350
Phillip Moreno,Phillip_Moreno5855@joiniaa.com,1956-09-25 01:24:10,49,2351
Rihanna Saunders,Rihanna_Saunders3399@grannar.com,1949-05-04 04:04:21,39,2352
Michelle Butler,Michelle_Butler8506@kideod.biz,1961-09-23 21:06:45,90,2353
Nicole Abbey,Nicole_Abbey282@grannar.com,1880-06-10 03:32:39,59,2354
Irene Wilde,Irene_Wilde8308@deavo.com,1949-12-14 07:41:35,59,2355
Tony Martin,Tony_Martin752@sheye.org,1952-09-03 02:38:07,75,2356
Ramon Lakey,Ramon_Lakey2963@jiman.org,1979-08-27 14:32:46,37,2357
Catherine Wilton,Catherine_Wilton8601@dionrab.com,1931-04-01 19:41:07,84,2358
Sonya Robertson,Sonya_Robertson2746@sveldo.biz,2016-03-09 12:28:14,90,2359
Rufus Lynn,Rufus_Lynn9766@sheye.org,1862-08-20 06:21:33,93,2360
Mike Holmes,Mike_Holmes3611@yahoo.com,1847-08-29 16:30:00,36,2361
Luke Blackwall,Luke_Blackwall3275@ubusive.com,1923-05-21 11:21:11,41,2362
Chester Redfern,Chester_Redfern9048@dionrab.com,2014-07-09 05:24:05,88,2363
Audrey Rainford,Audrey_Rainford2161@naiker.biz,1938-07-17 07:08:14,97,2364
Gabriel Emerson,Gabriel_Emerson272@dionrab.com,1973-09-19 22:05:38,38,2365
Mabel Dickson,Mabel_Dickson2671@nickia.com,1990-09-08 11:00:17,22,2366
Jaylene Shields,Jaylene_Shields1523@bungar.biz,1889-10-07 06:18:31,78,2367
Bryon Blythe,Bryon_Blythe2266@famism.biz,1862-08-25 15:15:49,42,2368
Tony Matthews,Tony_Matthews8491@twace.org,1899-12-14 06:51:31,95,2369
Johnny Hooper,Johnny_Hooper2006@famism.biz,2004-10-08 13:19:05,76,2370
Angel Styles,Angel_Styles9217@famism.biz,1899-06-19 17:55:12,56,2371
Jocelyn Ralph,Jocelyn_Ralph57@dionrab.com,1976-01-15 12:34:01,61,2372
Domenic Whitmore,Domenic_Whitmore5798@iatim.tech,1993-09-27 11:53:10,28,2373
Nate Dickson,Nate_Dickson1196@naiker.biz,1882-01-01 13:49:46,77,2374
Karla Newman,Karla_Newman713@sheye.org,1998-05-17 03:49:07,40,2375
Gabriel Wigley,Gabriel_Wigley5637@nickia.com,1841-01-10 20:58:17,33,2376
Candace Gonzales,Candace_Gonzales861@qater.org,1986-05-26 00:02:12,80,2377
Olivia Whinter,Olivia_Whinter3011@bulaffy.com,1958-12-29 16:41:47,78,2378
Mason Hall,Mason_Hall8927@sheye.org,1937-08-17 01:36:26,75,2379
Christy West,Christy_West5983@hourpy.biz,1970-03-28 13:33:12,95,2380
Percy Welsch,Percy_Welsch3766@dionrab.com,1951-08-31 05:58:38,98,2381
Dorothy Swift,Dorothy_Swift5572@corti.com,1868-01-17 02:52:19,40,2382
Jack Evans,Jack_Evans5122@acrit.org,1946-02-10 03:11:27,31,2383
Rylee Woodcock,Rylee_Woodcock8674@guentu.biz,1939-03-29 00:23:48,26,2384
Deborah Roth,Deborah_Roth4669@ubusive.com,1858-01-09 09:58:06,66,2385
Johnathan Edler,Johnathan_Edler9422@atink.com,1904-02-12 11:06:01,53,2386
Robyn Thomson,Robyn_Thomson4808@zorer.org,1863-07-22 16:18:39,90,2387
Julius Lindsay,Julius_Lindsay2184@bungar.biz,1966-05-26 10:07:11,31,2388
Ethan Webster,Ethan_Webster8815@cispeto.com,1904-10-17 20:31:41,56,2389
Lindsay Ranks,Lindsay_Ranks3872@vetan.org,1881-09-06 12:28:35,26,2390
Barney Jackson,Barney_Jackson2247@supunk.biz,2015-03-25 14:01:01,53,2391
Lara Callan,Lara_Callan8472@gembat.biz,1884-10-10 22:37:57,54,2392
Alexia Rossi,Alexia_Rossi1991@typill.biz,1878-01-15 06:39:35,68,2393
Ramon Williams,Ramon_Williams812@deavo.com,1845-08-19 19:50:29,61,2394
Liam Donnelly,Liam_Donnelly2780@cispeto.com,1958-11-04 22:31:10,41,2395
Hannah King,Hannah_King1607@naiker.biz,1875-07-24 11:07:24,25,2396
Stella Bright,Stella_Bright4085@liret.org,2013-05-13 19:49:08,25,2397
Carissa Nobbs,Carissa_Nobbs4422@muall.tech,1908-05-11 15:19:40,27,2398
Emerald Ingham,Emerald_Ingham3158@jiman.org,1884-06-17 11:21:16,53,2399
Mya Murphy,Mya_Murphy3993@zorer.org,1984-06-12 10:06:03,63,2400
Bridget Antcliff,Bridget_Antcliff822@typill.biz,1864-02-11 16:03:29,47,2401
Ethan Clarkson,Ethan_Clarkson2931@naiker.biz,2001-10-15 10:06:07,92,2402
Aiden Robinson,Aiden_Robinson7039@kideod.biz,1969-09-23 15:44:34,86,2403
Diane Marshall,Diane_Marshall1258@twipet.com,1851-01-20 08:24:29,22,2404
Luke Wild,Luke_Wild9280@hourpy.biz,1912-01-18 06:08:35,96,2405
Ada Jobson,Ada_Jobson1458@dionrab.com,1889-02-18 13:41:36,23,2406
Thea Ogilvy,Thea_Ogilvy6683@gmail.com,1831-06-09 20:18:00,70,2407
Tyler Irving,Tyler_Irving738@ubusive.com,1834-12-17 14:37:51,18,2408
Bob Jordan,Bob_Jordan6287@corti.com,1952-09-28 13:07:03,95,2409
Ron Baxter,Ron_Baxter4269@womeona.net,1939-06-09 21:11:33,81,2410
Stella Seymour,Stella_Seymour9540@joiniaa.com,1881-01-12 16:53:48,99,2411
Louise Samuel,Louise_Samuel6225@vetan.org,1820-11-20 19:50:10,75,2412
Stephanie Brennan,Stephanie_Brennan662@dionrab.com,1994-06-23 05:10:32,77,2413
Jack Rowlands,Jack_Rowlands1117@kideod.biz,1920-02-16 09:11:12,32,2414
Ron Bolton,Ron_Bolton626@liret.org,1944-02-23 19:10:48,60,2415
Rhea Cooper,Rhea_Cooper8668@twipet.com,1976-10-14 16:04:51,62,2416
Bob Janes,Bob_Janes970@qater.org,1876-10-21 20:41:10,26,2417
Owen Lee,Owen_Lee62@bauros.biz,1982-03-21 10:11:49,55,2418
Bernadette Fields,Bernadette_Fields363@infotech44.tech,1833-08-31 09:11:48,72,2419
Aisha Hope,Aisha_Hope6747@twace.org,1901-10-11 07:12:12,95,2420
Kenzie Collins,Kenzie_Collins7110@bulaffy.com,1841-07-29 10:00:06,57,2421
Rufus Kelly,Rufus_Kelly4200@womeona.net,2012-06-16 03:18:07,82,2422
Isla Chapman,Isla_Chapman5177@bretoux.com,1875-08-27 07:56:51,46,2423
Alessandra Powell,Alessandra_Powell8961@brety.org,1992-10-21 02:38:07,89,2424
Tyson Coleman,Tyson_Coleman3426@acrit.org,1877-04-22 02:52:08,32,2425
Liv Price,Liv_Price4233@deons.tech,1830-02-15 06:27:23,70,2426
Audrey Robertson,Audrey_Robertson7567@extex.org,1828-05-21 11:19:41,72,2427
Clint Harrison,Clint_Harrison2568@atink.com,1907-05-03 13:31:09,20,2428
Marissa Samuel,Marissa_Samuel6999@sveldo.biz,1917-09-23 04:33:47,73,2429
Chloe Brennan,Chloe_Brennan4850@deons.tech,1850-11-16 06:19:20,43,2430
Abdul Clifford,Abdul_Clifford4822@bretoux.com,1965-08-18 18:48:15,71,2431
Jules Ellis,Jules_Ellis3645@kideod.biz,1887-09-18 15:25:37,59,2432
Nancy Thomson,Nancy_Thomson214@dionrab.com,1869-06-08 05:41:09,18,2433
Brad Logan,Brad_Logan8515@jiman.org,1903-10-22 05:19:23,49,2434
Tara Wigley,Tara_Wigley1571@liret.org,1991-08-06 07:52:01,80,2435
Kimberly Walter,Kimberly_Walter8495@irrepsy.com,1981-08-19 05:10:24,23,2436
Savannah Newman,Savannah_Newman2586@cispeto.com,1859-02-17 12:26:05,21,2437
Aisha Quinnell,Aisha_Quinnell2573@hourpy.biz,1918-03-20 15:21:47,35,2438
Freya Button,Freya_Button4060@cispeto.com,1876-02-29 13:19:23,55,2439
Moira Uddin,Moira_Uddin3309@bulaffy.com,1934-12-17 16:02:38,20,2440
Manuel Clark,Manuel_Clark9858@muall.tech,1853-06-14 19:25:01,97,2441
Hayden Gray,Hayden_Gray1878@twace.org,1843-06-25 09:15:43,36,2442
Barry Rowlands,Barry_Rowlands6352@zorer.org,1828-02-15 09:41:20,38,2443
Rick Heaton,Rick_Heaton7730@bulaffy.com,1836-05-10 12:40:44,46,2444
Sofie Hunt,Sofie_Hunt4192@bretoux.com,1882-07-26 15:43:11,83,2445
Hope Lewis,Hope_Lewis4152@joiniaa.com,1839-03-08 18:09:07,68,2446
Carl Kirby,Carl_Kirby7676@tonsy.org,1926-08-03 03:35:16,21,2447
Jenna King,Jenna_King3959@sheye.org,1917-07-25 20:38:18,63,2448
Carla Flanders,Carla_Flanders5457@sveldo.biz,1888-04-25 07:18:21,85,2449
Christine Purvis,Christine_Purvis1280@mafthy.com,1886-11-03 01:32:13,82,2450
Henry Farrell,Henry_Farrell1542@eirey.tech,1904-12-21 21:53:37,93,2451
Elena Hooper,Elena_Hooper5744@jiman.org,1840-09-17 14:32:39,87,2452
Denis Willson,Denis_Willson4574@bauros.biz,1852-06-03 03:22:47,54,2453
Florence Drew,Florence_Drew5394@supunk.biz,1875-10-19 04:20:17,73,2454
Faith Lane,Faith_Lane4509@iatim.tech,1850-12-04 12:58:50,57,2455
Emely Eyres,Emely_Eyres3891@gompie.com,1884-09-13 19:00:23,24,2456
Benny Kirby,Benny_Kirby1894@corti.com,1988-05-26 16:17:11,98,2457
Brad Nayler,Brad_Nayler9821@kideod.biz,1978-02-15 03:46:49,67,2458
Javier Freeburn,Javier_Freeburn3287@brety.org,2006-10-02 10:01:57,23,2459
Hadley Shea,Hadley_Shea2219@joiniaa.com,1988-04-01 07:28:57,82,2460
Leroy Potts,Leroy_Potts8768@mafthy.com,1909-11-12 06:53:55,82,2461
Tyler Smith,Tyler_Smith7947@irrepsy.com,1841-01-11 01:44:27,63,2462
Danny Russel,Danny_Russel1215@grannar.com,1961-08-27 07:01:33,67,2463
Kamila Tyler,Kamila_Tyler492@nanoff.biz,1890-12-08 08:37:44,41,2464
Ryan Price,Ryan_Price1826@bulaffy.com,1895-02-05 00:09:43,43,2465
Keira Wade,Keira_Wade4207@joiniaa.com,1964-11-24 21:40:19,89,2466
Mackenzie Pratt,Mackenzie_Pratt3373@ubusive.com,1912-02-06 05:07:36,28,2467
Lucas Raven,Lucas_Raven1735@guentu.biz,1979-08-21 14:09:12,32,2468
Javier Marshall,Javier_Marshall2533@typill.biz,1997-02-14 15:23:37,55,2469
Carmella Hope,Carmella_Hope8718@atink.com,1903-10-29 05:43:50,55,2470
Noah Oswald,Noah_Oswald6217@gompie.com,1897-12-27 12:50:31,68,2471
Emerald Weasley,Emerald_Weasley1428@tonsy.org,2014-05-15 22:04:30,54,2472
Manuel Vaughan,Manuel_Vaughan1619@nimogy.biz,1836-12-08 02:08:01,56,2473
Bree Redfern,Bree_Redfern7479@famism.biz,1976-11-16 14:38:40,52,2474
Harvey Yarwood,Harvey_Yarwood132@acrit.org,1954-06-01 04:10:40,33,2475
Chester Durrant,Chester_Durrant4102@nickia.com,1875-06-16 09:22:55,57,2476
Chelsea Ingram,Chelsea_Ingram709@dionrab.com,1864-04-06 10:43:05,51,2477
Johnny Evans,Johnny_Evans1011@twace.org,2014-06-24 22:28:47,19,2478
Lindsay Thompson,Lindsay_Thompson8355@yahoo.com,1900-06-04 15:52:04,81,2479
Maia Oliver,Maia_Oliver2091@twace.org,2001-05-16 22:46:56,29,2480
Russel Niles,Russel_Niles2698@hourpy.biz,1843-03-08 17:06:17,75,2481
Helen Stark,Helen_Stark9144@mafthy.com,1896-03-16 22:58:02,72,2482
Rosie Funnell,Rosie_Funnell3129@yahoo.com,1841-03-17 14:10:57,35,2483
Barry Thomson,Barry_Thomson6695@typill.biz,1909-07-17 19:11:58,92,2484
Angelica Evans,Angelica_Evans3830@corti.com,1907-10-18 15:47:36,79,2485
Kieth Baldwin,Kieth_Baldwin2894@gompie.com,1945-02-05 18:45:13,77,2486
Logan Johnson,Logan_Johnson741@deavo.com,1833-11-19 09:53:05,29,2487
Abdul Roberts,Abdul_Roberts1328@yahoo.com,1822-07-29 22:15:48,67,2488
Harriet Nash,Harriet_Nash2261@jiman.org,2017-05-01 10:13:05,33,2489
Gil Bishop,Gil_Bishop2682@joiniaa.com,1829-10-05 09:30:39,53,2490
Enoch Graham,Enoch_Graham4880@gembat.biz,1856-06-30 00:35:15,64,2491
Caleb Downing,Caleb_Downing6298@bretoux.com,1959-11-06 00:54:47,78,2492
Gwen Moore,Gwen_Moore9067@corti.com,1915-12-02 18:42:42,98,2493
Russel Hancock,Russel_Hancock3833@gompie.com,1952-04-06 02:03:01,25,2494
Hayden Williams,Hayden_Williams5211@grannar.com,1844-03-18 02:19:57,76,2495
Jamie Bailey,Jamie_Bailey9339@hourpy.biz,1991-04-10 22:47:58,77,2496
Katelyn Eyres,Katelyn_Eyres2781@infotech44.tech,1857-03-28 21:33:03,70,2497
Cassandra Clayton,Cassandra_Clayton7171@bauros.biz,1966-12-01 04:17:21,48,2498
Peter Holmes,Peter_Holmes147@infotech44.tech,1844-05-31 17:39:32,76,2499
Dani Glass,Dani_Glass2947@deavo.com,1961-10-29 22:41:33,48,2500
Kaylee Wright,Kaylee_Wright3259@sveldo.biz,1831-02-23 13:00:10,26,2501
Caydence Hogg,Caydence_Hogg6262@gmail.com,1999-11-30 11:51:18,86,2502
Leroy Wade,Leroy_Wade3367@ovock.tech,1877-09-18 20:35:00,21,2503
Martha Reese,Martha_Reese9904@nanoff.biz,1986-01-01 04:25:52,92,2504
Boris Patel,Boris_Patel4463@dionrab.com,1826-04-24 19:26:55,84,2505
Percy Martin,Percy_Martin7182@bungar.biz,2008-07-23 11:55:22,86,2506
Kieth Noach,Kieth_Noach1428@acrit.org,1851-08-10 21:26:26,61,2507
Bernadette Cobb,Bernadette_Cobb4002@bretoux.com,1961-10-20 17:34:16,92,2508
Victoria Aldridge,Victoria_Aldridge1862@qater.org,1947-11-17 02:00:04,37,2509
Rosemary Bell,Rosemary_Bell674@bauros.biz,1927-05-20 17:20:05,92,2510
Makena Roberts,Makena_Roberts4025@twace.org,1841-06-06 03:58:23,35,2511
Iris Appleton,Iris_Appleton4710@joiniaa.com,1962-09-27 07:47:17,76,2512
Carter Knott,Carter_Knott2141@gembat.biz,1906-06-18 00:53:38,81,2513
Tyson Weasley,Tyson_Weasley3668@hourpy.biz,1820-11-14 10:15:03,79,2514
Lucy Neal,Lucy_Neal8552@dionrab.com,1895-03-01 13:34:38,21,2515
Carter Verdon,Carter_Verdon3815@zorer.org,1853-02-17 00:46:10,74,2516
Sebastian Russel,Sebastian_Russel6253@eirey.tech,1969-05-29 10:17:38,51,2517
Ally Davies,Ally_Davies5434@liret.org,2002-06-26 07:30:08,87,2518
Russel Parr,Russel_Parr6095@gompie.com,1828-06-17 08:05:29,72,2519
Ron Rivers,Ron_Rivers3734@nickia.com,1870-11-17 18:57:35,44,2520
Emery Brooks,Emery_Brooks2483@naiker.biz,1849-01-16 04:29:09,96,2521
Clint Jeffery,Clint_Jeffery3370@zorer.org,1942-08-17 22:42:03,34,2522
Freya Wise,Freya_Wise9901@kideod.biz,1936-07-22 22:22:51,97,2523
Noemi Camden,Noemi_Camden8312@bungar.biz,1925-04-29 12:58:48,53,2524
Hayden Sawyer,Hayden_Sawyer5449@typill.biz,1910-12-26 01:43:30,23,2525
Valentina Brooks,Valentina_Brooks4024@ovock.tech,1932-06-07 11:55:47,34,2526
Harriet Matthews,Harriet_Matthews1937@hourpy.biz,1922-01-20 13:47:24,45,2527
Kieth Simpson,Kieth_Simpson6258@acrit.org,1921-01-20 09:14:10,99,2528
Lexi Wild,Lexi_Wild7989@deavo.com,1829-12-22 09:30:52,48,2529
Naomi Harrison,Naomi_Harrison6239@jiman.org,1831-06-14 05:43:41,43,2530
Elisabeth Denton,Elisabeth_Denton1737@extex.org,1872-05-02 03:17:03,54,2531
Leroy Gunn,Leroy_Gunn8148@nickia.com,2003-10-26 21:49:28,82,2532
Roger Camden,Roger_Camden394@ubusive.com,1918-08-21 18:16:21,41,2533
Ivy Lloyd,Ivy_Lloyd8707@twace.org,1877-10-26 20:40:48,54,2534
Penelope Dillon,Penelope_Dillon4367@liret.org,1972-04-16 19:22:56,46,2535
Eryn Porter,Eryn_Porter9131@gembat.biz,1975-04-21 07:17:50,58,2536
Vicky Morgan,Vicky_Morgan7663@nanoff.biz,1914-03-29 16:52:40,49,2537
Daria Rust,Daria_Rust323@bulaffy.com,2019-05-12 14:28:47,64,2538
Tyson Talbot,Tyson_Talbot41@nanoff.biz,2000-02-06 09:37:39,47,2539
Liliana Booth,Liliana_Booth3204@extex.org,2017-11-28 03:40:15,80,2540
Eduardo Harrison,Eduardo_Harrison5758@acrit.org,1992-03-29 08:13:00,35,2541
Manuel Ogilvy,Manuel_Ogilvy2908@hourpy.biz,1825-11-25 13:55:34,39,2542
Rhea Bullock,Rhea_Bullock3225@elnee.tech,1900-02-21 09:41:02,93,2543
Helen Craig,Helen_Craig553@cispeto.com,1965-06-24 16:43:39,44,2544
Hank Sherry,Hank_Sherry4549@gembat.biz,1840-12-04 02:32:28,97,2545
Jocelyn Uttley,Jocelyn_Uttley22@nimogy.biz,2014-07-25 16:22:08,95,2546
Owen Gilbert,Owen_Gilbert764@gmail.com,1863-04-21 14:25:45,26,2547
Clarissa Coates,Clarissa_Coates2702@brety.org,1995-10-17 10:45:06,44,2548
Liam Booth,Liam_Booth674@cispeto.com,1944-01-25 19:12:21,62,2549
Freya Bradley,Freya_Bradley7183@zorer.org,2001-06-24 22:32:04,99,2550
Tess Forester,Tess_Forester3836@nickia.com,1937-08-07 21:49:16,85,2551
Tom Newton,Tom_Newton8280@nickia.com,1934-08-26 09:07:33,80,2552
Jack Duvall,Jack_Duvall2355@deons.tech,2008-04-14 05:33:23,84,2553
Cedrick Walter,Cedrick_Walter1175@zorer.org,1934-02-03 02:49:23,93,2554
Ronald Uddin,Ronald_Uddin5337@fuliss.net,1835-02-09 02:45:02,43,2555
Hayden Grady,Hayden_Grady3231@vetan.org,1824-09-28 14:31:17,78,2556
Sylvia Murphy,Sylvia_Murphy4662@bungar.biz,1947-05-05 05:08:56,26,2557
Logan Benfield,Logan_Benfield6427@dionrab.com,1896-07-04 11:31:12,19,2558
Peter Addison,Peter_Addison891@ubusive.com,1826-01-18 20:21:29,87,2559
Destiny Amstead,Destiny_Amstead6625@gompie.com,1881-08-29 12:27:35,49,2560
Anthony Pond,Anthony_Pond9394@hourpy.biz,1999-10-06 02:20:14,37,2561
Barney Flett,Barney_Flett2738@guentu.biz,1996-03-15 19:20:07,92,2562
Kirsten Wood,Kirsten_Wood1223@nanoff.biz,1999-12-11 00:04:04,81,2563
Alison Wilson,Alison_Wilson8353@tonsy.org,1998-07-30 15:34:14,53,2564
Diane Carpenter,Diane_Carpenter2710@ubusive.com,1989-08-07 05:15:45,74,2565
Barry Curtis,Barry_Curtis6961@muall.tech,2008-12-22 07:40:45,95,2566
Gina Walsh,Gina_Walsh4785@joiniaa.com,1911-09-20 03:28:04,99,2567
Jayden Forth,Jayden_Forth6986@fuliss.net,1856-02-12 17:21:46,44,2568
Enoch Smith,Enoch_Smith3744@ubusive.com,1940-11-03 16:14:10,38,2569
Aileen May,Aileen_May3132@mafthy.com,1987-09-23 06:37:50,89,2570
Stephanie Cunningham,Stephanie_Cunningham7746@corti.com,1854-01-03 02:36:40,56,2571
Tom Reyes,Tom_Reyes4519@twipet.com,1836-12-07 17:53:09,84,2572
Daniel Cattell,Daniel_Cattell8286@elnee.tech,1863-08-29 10:46:06,31,2573
Percy Rogers,Percy_Rogers9141@iatim.tech,1993-05-12 13:30:52,30,2574
David Cameron,David_Cameron7156@dionrab.com,1947-02-20 02:20:00,58,2575
Sylvia Woodcock,Sylvia_Woodcock413@atink.com,1975-06-23 11:21:20,40,2576
Noemi King,Noemi_King5198@gompie.com,1832-12-07 09:57:48,53,2577
Sebastian Baker,Sebastian_Baker52@ubusive.com,1945-08-05 08:34:44,82,2578
Britney Bell,Britney_Bell6197@deons.tech,1925-07-08 14:27:45,88,2579
Barry Mcnally,Barry_Mcnally6183@irrepsy.com,1850-01-17 13:01:08,18,2580
Carl Leigh,Carl_Leigh5833@extex.org,1985-05-24 08:28:41,60,2581
Piper Varley,Piper_Varley5674@atink.com,1934-05-19 13:52:24,21,2582
Anthony Eagle,Anthony_Eagle9664@famism.biz,1876-08-28 01:23:32,32,2583
Ada Kaur,Ada_Kaur7529@mafthy.com,2016-11-12 13:10:36,40,2584
Chester Gunn,Chester_Gunn2452@kideod.biz,1915-02-05 14:35:27,91,2585
Danny Cowan,Danny_Cowan1016@gompie.com,1869-04-29 21:33:31,76,2586
Doug Archer,Doug_Archer5292@corti.com,1835-12-27 10:50:58,32,2587
Nina Pope,Nina_Pope1461@zorer.org,1874-07-24 04:56:30,65,2588
Chris Walker,Chris_Walker6546@vetan.org,1885-08-31 16:19:10,45,2589
Ember Davies,Ember_Davies9069@womeona.net,1860-06-13 05:13:44,48,2590
Shelby Myatt,Shelby_Myatt2855@bulaffy.com,1859-07-18 10:27:13,43,2591
Doug Vaughn,Doug_Vaughn9528@famism.biz,1873-07-12 00:16:54,31,2592
Leah Burnley,Leah_Burnley6443@sveldo.biz,2010-10-13 16:21:36,73,2593
Doug Eagle,Doug_Eagle1568@mafthy.com,1999-05-28 19:38:43,51,2594
Leroy Wright,Leroy_Wright8652@twipet.com,1840-03-17 22:41:50,39,2595
Melania Dyson,Melania_Dyson5921@fuliss.net,1990-08-11 02:57:10,96,2596
Roger Broomfield,Roger_Broomfield5430@jiman.org,1836-11-09 17:52:21,30,2597
Jacob Randall,Jacob_Randall5211@jiman.org,1839-09-17 00:47:20,19,2598
William Flanders,William_Flanders3546@cispeto.com,1841-04-21 15:36:08,77,2599
Cedrick Emerson,Cedrick_Emerson7829@ovock.tech,1981-06-13 09:33:35,35,2600
Barney Middleton,Barney_Middleton6977@zorer.org,1978-09-17 09:46:18,92,2601
Parker Gosling,Parker_Gosling1532@extex.org,1906-09-20 13:29:02,30,2602
Tony Kennedy,Tony_Kennedy6420@acrit.org,1921-10-02 20:44:34,56,2603
Peter Goldsmith,Peter_Goldsmith1432@nickia.com,1994-01-08 16:47:29,76,2604
Isabella Wigley,Isabella_Wigley2316@bulaffy.com,1924-02-22 06:19:46,59,2605
Daniel Eaton,Daniel_Eaton4492@naiker.biz,1861-06-30 08:40:20,47,2606
Caitlyn Goldsmith,Caitlyn_Goldsmith8435@liret.org,1887-11-10 01:28:28,28,2607
Enoch Robe,Enoch_Robe3181@kideod.biz,1929-04-22 19:29:42,86,2608
Keira Roth,Keira_Roth683@eirey.tech,1973-06-06 21:44:20,56,2609
Matt Partridge,Matt_Partridge1370@hourpy.biz,1829-01-09 15:26:00,65,2610
Erick Thatcher,Erick_Thatcher6660@naiker.biz,1911-09-10 21:12:58,37,2611
Manuel Adams,Manuel_Adams5058@twace.org,1884-04-23 15:08:35,56,2612
Carmen Carter,Carmen_Carter156@vetan.org,1961-11-26 07:50:29,52,2613
Lara Mccormick,Lara_Mccormick1434@supunk.biz,1906-06-12 16:17:16,82,2614
Boris Matthews,Boris_Matthews1122@sveldo.biz,1951-08-19 01:56:00,59,2615
Meredith Yarwood,Meredith_Yarwood5376@tonsy.org,1844-01-08 15:48:02,24,2616
Tyler Bailey,Tyler_Bailey5751@gmail.com,2016-06-07 07:48:06,74,2617
Molly Tanner,Molly_Tanner8122@vetan.org,1952-01-28 12:00:53,96,2618
Denny Hobson,Denny_Hobson9885@dionrab.com,1887-06-22 12:57:56,40,2619
Cedrick Parr,Cedrick_Parr2080@iatim.tech,1978-01-15 00:11:43,27,2620
Alan Harvey,Alan_Harvey3182@bulaffy.com,2011-10-24 15:02:54,61,2621
Ron Daniells,Ron_Daniells899@elnee.tech,1980-02-10 04:43:30,20,2622
Mina Wild,Mina_Wild8318@ovock.tech,1959-03-28 03:37:10,86,2623
Chadwick Pope,Chadwick_Pope7936@muall.tech,1902-05-13 11:31:04,26,2624
Jamie Bell,Jamie_Bell4246@deavo.com,1835-06-01 22:09:46,86,2625
Jayden Sylvester,Jayden_Sylvester7046@nickia.com,2006-09-02 08:00:22,35,2626
Bart Kerr,Bart_Kerr877@guentu.biz,1859-01-29 09:07:25,19,2627
Carol Funnell,Carol_Funnell4047@supunk.biz,2013-06-29 07:25:06,89,2628
Wendy Wild,Wendy_Wild3333@eirey.tech,1891-06-28 15:33:07,76,2629
Jamie Redwood,Jamie_Redwood8570@twipet.com,1942-06-07 14:56:31,60,2630
Hayden Oliver,Hayden_Oliver7642@grannar.com,2001-09-26 14:16:18,75,2631
Eduardo Rowan,Eduardo_Rowan5027@cispeto.com,1984-01-15 04:31:49,61,2632
Denis Noach,Denis_Noach7205@extex.org,1982-05-30 11:46:06,81,2633
Chadwick Vincent,Chadwick_Vincent5908@gembat.biz,1990-05-02 06:05:46,46,2634
Luke Rees,Luke_Rees4195@sveldo.biz,1839-05-26 13:38:20,57,2635
Miley King,Miley_King45@fuliss.net,1984-10-30 19:58:46,78,2636
Melanie Mcnally,Melanie_Mcnally5442@acrit.org,1867-06-10 00:18:17,71,2637
Henry Davies,Henry_Davies4952@typill.biz,1838-04-27 13:34:35,90,2638
Manuel Todd,Manuel_Todd6277@acrit.org,1874-07-06 05:52:33,49,2639
John Quinn,John_Quinn555@ovock.tech,1997-04-14 05:41:03,90,2640
Monica Murray,Monica_Murray6918@bungar.biz,1890-12-14 07:37:11,94,2641
Josephine James,Josephine_James8915@cispeto.com,1926-09-26 08:31:11,24,2642
Sofie Kennedy,Sofie_Kennedy9197@nickia.com,1874-01-06 17:40:32,93,2643
Noah Rogers,Noah_Rogers7224@hourpy.biz,2010-07-08 11:44:40,99,2644
Rose Graham,Rose_Graham6419@nanoff.biz,1960-04-06 20:25:32,52,2645
Hanna Owen,Hanna_Owen9807@guentu.biz,2004-04-01 12:25:01,72,2646
Margaret Anderson,Margaret_Anderson2677@deons.tech,1883-03-10 17:39:03,63,2647
Martin Thatcher,Martin_Thatcher2112@atink.com,1895-10-07 10:05:44,97,2648
Bryon Armstrong,Bryon_Armstrong1232@elnee.tech,1846-10-14 09:31:49,92,2649
Valentina Thorne,Valentina_Thorne265@supunk.biz,1880-01-17 12:25:32,87,2650
Barry Becker,Barry_Becker9883@supunk.biz,1991-11-22 19:16:49,60,2651
Jack Barclay,Jack_Barclay467@twipet.com,1871-08-21 11:56:49,96,2652
Sebastian Coll,Sebastian_Coll1502@atink.com,2012-08-29 20:48:47,87,2653
Ronald Ryan,Ronald_Ryan9109@famism.biz,1854-08-23 22:09:43,65,2654
Carl Bayliss,Carl_Bayliss3200@elnee.tech,2015-08-04 08:40:43,29,2655
Benny Fenton,Benny_Fenton5971@ovock.tech,1957-06-10 08:12:49,53,2656
Angelique John,Angelique_John9878@nickia.com,1916-12-27 20:45:58,27,2657
Bryon Kelly,Bryon_Kelly2600@nimogy.biz,1976-12-25 12:30:42,31,2658
Sharon Webster,Sharon_Webster6695@famism.biz,1876-03-28 09:55:57,47,2659
Cristal Richardson,Cristal_Richardson3009@vetan.org,1865-03-22 14:41:38,95,2660
Benjamin Shields,Benjamin_Shields6332@qater.org,1913-03-24 07:20:53,31,2661
Manuel Knight,Manuel_Knight6775@qater.org,1969-03-12 22:47:55,49,2662
Tom Rigg,Tom_Rigg6381@bretoux.com,1926-08-06 00:54:37,56,2663
Susan Wild,Susan_Wild7774@deons.tech,2010-04-02 12:26:47,65,2664
Tyler Quinnell,Tyler_Quinnell8101@liret.org,2007-11-20 06:37:26,89,2665
Paula Matthews,Paula_Matthews2676@zorer.org,1846-07-03 18:02:18,44,2666
Phoebe Ramsey,Phoebe_Ramsey4450@yahoo.com,1881-08-27 22:42:34,92,2667
Caleb Windsor,Caleb_Windsor3632@kideod.biz,1825-02-01 20:58:24,48,2668
Domenic Edwards,Domenic_Edwards7665@gembat.biz,1877-12-05 01:35:54,96,2669
Peter King,Peter_King4874@atink.com,1927-04-11 08:34:46,92,2670
Michael Quinton,Michael_Quinton5329@muall.tech,1965-11-25 19:23:48,86,2671
Melanie Olivier,Melanie_Olivier9397@famism.biz,1829-02-08 21:55:13,78,2672
Alma Gallacher,Alma_Gallacher6335@naiker.biz,1969-10-18 09:29:12,92,2673
Johnny Watson,Johnny_Watson5035@elnee.tech,1964-07-01 08:56:06,57,2674
Carmella Larkin,Carmella_Larkin772@brety.org,1877-08-24 19:10:25,26,2675
Hazel Murray,Hazel_Murray470@nickia.com,1929-02-09 17:24:44,92,2676
Denny Poulton,Denny_Poulton9124@nanoff.biz,1999-09-29 14:07:29,45,2677
Stella Locke,Stella_Locke7543@bretoux.com,1934-04-23 14:42:52,58,2678
Barry Nicolas,Barry_Nicolas1199@twipet.com,1867-05-17 22:09:48,91,2679
Nicole Eagle,Nicole_Eagle2045@atink.com,1836-06-28 11:50:53,87,2680
Olivia Groves,Olivia_Groves933@joiniaa.com,1950-02-16 13:35:43,26,2681
Ember Freeburn,Ember_Freeburn2487@fuliss.net,1841-04-17 06:03:36,95,2682
Ruby Swan,Ruby_Swan6125@gmail.com,1971-03-13 17:36:35,36,2683
Abdul Locke,Abdul_Locke523@qater.org,1859-06-30 12:57:42,71,2684
Chadwick Redden,Chadwick_Redden7183@infotech44.tech,2009-07-10 09:56:12,22,2685
Tyson Little,Tyson_Little9608@bulaffy.com,1854-08-10 09:03:42,71,2686
Kieth Dann,Kieth_Dann5166@yahoo.com,1850-09-08 04:27:23,84,2687
Mark Stone ,Mark_Stone 9688@bretoux.com,1933-12-20 01:34:37,52,2688
Erick Fulton,Erick_Fulton5436@elnee.tech,1952-11-15 12:50:08,73,2689
Peter Edler,Peter_Edler616@bauros.biz,1947-07-04 08:52:41,85,2690
Cassandra Radley,Cassandra_Radley3979@corti.com,1920-11-14 01:16:38,46,2691
Rocco Mcleod,Rocco_Mcleod3091@ubusive.com,1838-03-26 13:27:05,47,2692
Nate Phillips,Nate_Phillips7233@fuliss.net,1838-09-26 01:16:12,73,2693
Javier Hilton,Javier_Hilton8147@nickia.com,1894-01-22 05:00:03,93,2694
Sebastian Jenkins,Sebastian_Jenkins7984@gompie.com,2013-03-05 01:55:43,72,2695
Emmanuelle May,Emmanuelle_May3345@tonsy.org,1899-01-23 14:49:22,50,2696
Bryce Milner,Bryce_Milner9694@twace.org,2007-10-12 21:36:37,96,2697
Benny Robinson,Benny_Robinson1721@sheye.org,1896-11-26 03:30:08,22,2698
David West,David_West5427@iatim.tech,1882-07-13 08:32:36,41,2699
Lucas Noon,Lucas_Noon6580@irrepsy.com,1980-11-14 04:14:39,70,2700
Tyson Hunt,Tyson_Hunt7845@hourpy.biz,1918-09-14 11:37:33,84,2701
Livia Wright,Livia_Wright3255@acrit.org,1890-03-27 05:30:20,85,2702
Eryn Nielson,Eryn_Nielson3433@liret.org,1907-11-15 21:44:41,97,2703
Vicky Norris,Vicky_Norris5164@yahoo.com,1944-01-08 18:45:42,28,2704
Sofia Nielson,Sofia_Nielson8099@yahoo.com,1942-11-14 16:18:18,27,2705
Mason Clayton,Mason_Clayton8406@dionrab.com,1950-07-04 10:57:32,49,2706
Matthew Callan,Matthew_Callan5927@vetan.org,1893-10-25 05:09:17,77,2707
Audrey Pond,Audrey_Pond2177@fuliss.net,1988-07-27 08:10:18,68,2708
Chloe Hogg,Chloe_Hogg5882@joiniaa.com,1927-11-07 22:01:26,48,2709
Rocco Goldsmith,Rocco_Goldsmith3353@gompie.com,1835-04-16 18:23:11,72,2710
Gemma Cooper,Gemma_Cooper5778@gompie.com,1838-04-21 19:39:49,36,2711
Leroy Funnell,Leroy_Funnell9456@nickia.com,2008-07-03 07:19:11,24,2712
Alan Notman,Alan_Notman9268@grannar.com,1967-01-22 06:27:38,94,2713
Thea Saunders,Thea_Saunders6557@eirey.tech,1850-09-27 14:50:01,43,2714
Jaylene Poulton,Jaylene_Poulton2328@sveldo.biz,2005-11-28 03:15:39,69,2715
Nick Jenkins,Nick_Jenkins1237@twipet.com,1843-06-28 19:04:01,85,2716
Christine Upton,Christine_Upton9051@tonsy.org,1875-09-16 06:58:40,60,2717
Chad Plumb,Chad_Plumb8711@supunk.biz,1830-04-29 01:28:48,69,2718
Matt Casey,Matt_Casey207@nanoff.biz,1934-02-08 17:50:21,29,2719
Bob Wilcox,Bob_Wilcox1999@corti.com,1876-05-14 06:16:02,86,2720
Doris Stark,Doris_Stark1396@bretoux.com,1885-06-09 03:20:42,37,2721
Melody Wilson,Melody_Wilson4060@jiman.org,1982-01-25 13:00:43,68,2722
Lucas Olivier,Lucas_Olivier5442@gembat.biz,1979-09-03 14:06:22,27,2723
Courtney Kaur,Courtney_Kaur9827@infotech44.tech,1898-09-21 10:39:42,86,2724
Ivette Vass,Ivette_Vass1246@deons.tech,2007-07-21 06:25:55,74,2725
Jayden Summers,Jayden_Summers4295@ubusive.com,1870-06-25 12:01:54,59,2726
Robyn Morrison,Robyn_Morrison6060@corti.com,1876-02-19 21:16:26,89,2727
Carter Cann,Carter_Cann9077@gembat.biz,1834-01-11 06:29:27,41,2728
Hank Furnell,Hank_Furnell6863@elnee.tech,1914-12-26 05:00:38,76,2729
Francesca Warden,Francesca_Warden2161@twace.org,1893-11-20 10:31:37,84,2730
Aleksandra Saunders,Aleksandra_Saunders635@bretoux.com,1972-05-01 22:36:13,39,2731
Sabrina Fox,Sabrina_Fox6395@infotech44.tech,1926-05-06 20:16:10,18,2732
Helen Sherry,Helen_Sherry7289@yahoo.com,2011-09-14 04:04:46,86,2733
Matthew Addis,Matthew_Addis6537@twipet.com,1929-04-23 04:06:21,73,2734
Chloe Hall,Chloe_Hall3869@brety.org,1984-06-20 19:06:14,66,2735
Laila Murray,Laila_Murray6309@sheye.org,1833-09-06 08:15:02,47,2736
Jade Thomson,Jade_Thomson3871@nickia.com,1867-09-16 03:53:21,53,2737
Joseph Jefferson,Joseph_Jefferson5031@womeona.net,1902-08-17 03:14:58,34,2738
Aurelia Ingram,Aurelia_Ingram1934@ubusive.com,1903-03-30 08:13:51,35,2739
Melania Latham,Melania_Latham40@deons.tech,1930-04-27 17:23:42,58,2740
Jolene Alexander,Jolene_Alexander8113@jiman.org,1968-04-18 06:50:05,47,2741
Rita Newton,Rita_Newton8430@eirey.tech,1918-09-24 02:38:02,38,2742
Carter Pickard,Carter_Pickard1410@liret.org,1897-07-25 15:53:23,98,2743
Abdul Donnelly,Abdul_Donnelly4958@grannar.com,1856-08-06 07:01:54,67,2744
Bob Tailor,Bob_Tailor5174@bretoux.com,1836-07-23 15:13:44,67,2745
Charlize Keys,Charlize_Keys4754@muall.tech,1965-06-25 20:35:33,89,2746
Chadwick Todd,Chadwick_Todd1112@brety.org,1849-11-02 13:45:17,23,2747
Miley Vane,Miley_Vane4467@sveldo.biz,1883-06-18 18:30:49,31,2748
Nick Truscott,Nick_Truscott7998@womeona.net,1919-05-18 09:02:49,85,2749
Boris Todd,Boris_Todd544@grannar.com,1975-08-21 02:01:46,30,2750
Lindsay Callan,Lindsay_Callan6826@kideod.biz,1895-06-13 09:52:21,45,2751
Eryn Forester,Eryn_Forester4133@nanoff.biz,1937-07-25 04:38:34,37,2752
Michael Dallas,Michael_Dallas4787@naiker.biz,1905-01-17 14:39:52,45,2753
Abdul Benfield,Abdul_Benfield6785@nickia.com,1977-08-05 12:27:20,30,2754
Marjorie Barclay,Marjorie_Barclay5142@guentu.biz,2000-12-20 22:01:51,97,2755
Chad Brown,Chad_Brown5466@elnee.tech,2009-08-08 22:26:52,20,2756
Joseph Walsh,Joseph_Walsh356@sveldo.biz,1854-11-27 14:05:43,49,2757
Boris Redfern,Boris_Redfern4226@nanoff.biz,1861-03-05 19:23:35,90,2758
Harry Lucas,Harry_Lucas9314@sheye.org,1977-06-17 07:10:14,77,2759
Roger Norton,Roger_Norton3215@joiniaa.com,1883-10-20 12:37:24,76,2760
Maria Cann,Maria_Cann4932@bulaffy.com,1987-03-27 03:01:22,36,2761
Willow Cavanagh,Willow_Cavanagh129@gompie.com,1849-05-02 22:04:16,44,2762
Rosalyn Hooper,Rosalyn_Hooper242@vetan.org,2012-07-12 03:57:00,87,2763
Wade Mitchell,Wade_Mitchell8819@iatim.tech,1937-10-22 07:16:00,94,2764
Jayden Pond,Jayden_Pond212@muall.tech,1858-11-02 05:33:44,40,2765
Alessia Shepherd,Alessia_Shepherd874@qater.org,1978-03-14 00:15:52,96,2766
Abbey Leslie,Abbey_Leslie5384@grannar.com,1990-10-20 13:57:22,98,2767
Kamila Richardson,Kamila_Richardson3424@nickia.com,1934-09-06 15:48:22,51,2768
Harry Boden,Harry_Boden7410@cispeto.com,1866-03-02 19:53:01,86,2769
Regina Ashwell,Regina_Ashwell606@eirey.tech,1914-11-15 06:15:28,82,2770
Jessica Poulton,Jessica_Poulton7734@elnee.tech,1949-12-20 09:01:24,41,2771
Barry Eyres,Barry_Eyres4844@liret.org,1837-06-19 21:16:01,43,2772
Cadence Tait,Cadence_Tait5417@elnee.tech,1977-04-20 06:58:05,35,2773
Lucas Isaac,Lucas_Isaac5892@typill.biz,1913-06-18 09:26:18,88,2774
Rocco Young,Rocco_Young7470@deavo.com,1889-08-07 03:53:49,31,2775
Kieth Kelly,Kieth_Kelly1598@naiker.biz,2000-11-24 07:37:20,71,2776
Taylor Strong,Taylor_Strong1999@extex.org,1965-03-22 19:17:39,80,2777
Camila Cobb,Camila_Cobb1729@corti.com,1853-09-30 04:11:48,24,2778
Lara Morris,Lara_Morris9236@nimogy.biz,1881-05-26 03:10:46,92,2779
Enoch Steer,Enoch_Steer6546@cispeto.com,1905-02-03 20:17:45,99,2780
Liam Nayler,Liam_Nayler692@corti.com,1825-11-28 00:03:39,69,2781
Kendra Tyler,Kendra_Tyler2706@yahoo.com,2013-03-06 05:00:30,73,2782
Cynthia Morris,Cynthia_Morris7565@vetan.org,2001-04-12 09:18:39,23,2783
Jackeline Richards,Jackeline_Richards8344@mafthy.com,1969-06-01 03:05:25,71,2784
Cecilia Nelson,Cecilia_Nelson1645@tonsy.org,1825-08-03 22:48:36,62,2785
Bree Dubois,Bree_Dubois894@elnee.tech,1980-07-08 08:28:26,66,2786
Fred Warner,Fred_Warner6098@acrit.org,1985-03-31 15:57:39,41,2787
Rylee Cooper,Rylee_Cooper8636@supunk.biz,1908-06-23 03:19:32,66,2788
Ryan Knight,Ryan_Knight1211@guentu.biz,1899-08-05 02:20:23,83,2789
Carla Lee,Carla_Lee8445@yahoo.com,1934-03-16 16:53:47,48,2790
Ellen Saunders,Ellen_Saunders3344@brety.org,1825-04-10 06:54:40,99,2791
Andie Callan,Andie_Callan8636@iatim.tech,1832-02-12 00:16:42,96,2792
Sarah Price,Sarah_Price8757@bulaffy.com,1851-04-08 11:43:49,85,2793
Rosemary Thomson,Rosemary_Thomson1811@eirey.tech,2014-06-23 09:21:23,88,2794
Alexia Snell,Alexia_Snell3985@nanoff.biz,1886-12-24 16:45:12,97,2795
Victoria Swift,Victoria_Swift8517@muall.tech,2017-07-24 09:16:24,64,2796
Benny Price,Benny_Price8644@jiman.org,1893-08-14 11:44:35,72,2797
Phillip Thomas,Phillip_Thomas8639@qater.org,1926-11-06 16:10:41,65,2798
Dakota Leigh,Dakota_Leigh8710@jiman.org,1874-08-07 02:39:30,40,2799
Charlize Stubbs,Charlize_Stubbs8216@acrit.org,1927-11-23 02:46:07,83,2800
Wendy Yard,Wendy_Yard5355@ubusive.com,1999-01-15 13:18:58,28,2801
Elijah Andrews,Elijah_Andrews8348@atink.com,1973-12-16 00:12:34,18,2802
Judith Boden,Judith_Boden3404@deons.tech,1922-05-11 16:03:30,44,2803
Daniel Milner,Daniel_Milner9122@sheye.org,1906-03-06 13:58:32,49,2804
Stephanie Button,Stephanie_Button3991@extex.org,1893-08-23 13:06:39,65,2805
Cedrick Norman,Cedrick_Norman1137@womeona.net,2016-03-12 17:48:26,84,2806
Cassidy Pond,Cassidy_Pond6693@nimogy.biz,1894-03-27 03:38:04,77,2807
Sabrina Newman,Sabrina_Newman2053@bretoux.com,1920-09-05 03:48:21,77,2808
Rick Villiger,Rick_Villiger9278@typill.biz,1926-09-22 16:56:23,82,2809
Joseph Hopkins,Joseph_Hopkins7351@gembat.biz,1857-01-19 22:00:41,68,2810
Noah Yarlett,Noah_Yarlett9427@supunk.biz,1915-06-08 05:58:47,19,2811
Adalie Ebbs,Adalie_Ebbs7152@zorer.org,1932-11-29 02:51:50,31,2812
Maxwell Pope,Maxwell_Pope2860@dionrab.com,1908-08-29 11:54:58,28,2813
Marvin Alldridge,Marvin_Alldridge7425@cispeto.com,1827-06-02 13:26:31,45,2814
Jenna Rainford,Jenna_Rainford3706@infotech44.tech,1963-09-16 06:49:51,70,2815
Savannah Truscott,Savannah_Truscott5349@infotech44.tech,1825-05-07 14:44:51,95,2816
Dani Nielson,Dani_Nielson6817@corti.com,1954-12-26 18:42:12,86,2817
Julius Yoman,Julius_Yoman5160@zorer.org,2004-05-09 01:52:18,46,2818
Anabelle Power,Anabelle_Power3520@dionrab.com,1905-07-02 22:34:45,57,2819
Clarissa Styles,Clarissa_Styles5849@acrit.org,2018-08-06 16:27:51,41,2820
Gemma Jeffery,Gemma_Jeffery326@nickia.com,1894-08-29 17:37:39,21,2821
Angelina Shields,Angelina_Shields5317@naiker.biz,1891-06-03 05:37:36,23,2822
Alan Miller,Alan_Miller7264@kideod.biz,1851-05-24 02:44:10,89,2823
Logan Moore,Logan_Moore289@kideod.biz,1940-09-05 00:01:40,75,2824
Nate Foxley,Nate_Foxley7318@cispeto.com,1949-01-19 09:02:46,99,2825
Barney Hunt,Barney_Hunt8092@vetan.org,1951-11-09 14:53:34,59,2826
Colleen Ebbs,Colleen_Ebbs7892@zorer.org,1897-04-06 16:23:04,33,2827
Barry Shea,Barry_Shea9140@joiniaa.com,1887-02-08 07:12:12,83,2828
Aurelia Bishop,Aurelia_Bishop1847@twace.org,1838-03-19 16:12:24,83,2829
Aeris Ellwood,Aeris_Ellwood1853@kideod.biz,1950-06-09 20:07:51,28,2830
Liv Wilkinson,Liv_Wilkinson6019@muall.tech,1925-05-23 03:55:23,40,2831
Domenic Phillips,Domenic_Phillips7914@bauros.biz,1854-06-06 01:16:38,81,2832
Caleb Jobson,Caleb_Jobson2814@tonsy.org,1867-10-21 17:45:27,80,2833
Alexia Devonport,Alexia_Devonport935@guentu.biz,1970-04-12 02:21:31,67,2834
Erick Salt,Erick_Salt1438@kideod.biz,1940-04-17 09:38:25,40,2835
Andrea Reading,Andrea_Reading976@irrepsy.com,1898-07-18 00:39:23,51,2836
Jacob Edmonds,Jacob_Edmonds6468@hourpy.biz,1851-08-06 01:34:53,18,2837
Johnathan Warden,Johnathan_Warden479@hourpy.biz,1988-11-09 16:49:48,67,2838
Charlize Henderson,Charlize_Henderson1952@atink.com,1991-04-30 16:14:36,58,2839
Russel Downing,Russel_Downing1341@zorer.org,1933-04-22 07:09:18,42,2840
Clarissa Baldwin,Clarissa_Baldwin4286@liret.org,2001-04-13 19:25:15,70,2841
Laila Harvey,Laila_Harvey8042@mafthy.com,1941-10-20 01:15:28,97,2842
Kurt Cassidy,Kurt_Cassidy4097@jiman.org,1938-06-27 17:35:10,39,2843
George Lomax,George_Lomax5267@famism.biz,2017-07-17 09:53:56,38,2844
Parker Jobson,Parker_Jobson9776@hourpy.biz,1927-07-20 13:08:32,39,2845
Ally Lane,Ally_Lane3515@qater.org,1971-03-31 19:19:08,70,2846
Sebastian Little,Sebastian_Little57@twace.org,1843-09-09 15:18:44,67,2847
Bridget Holt,Bridget_Holt2358@infotech44.tech,1852-10-24 18:58:34,78,2848
Logan Rowlands,Logan_Rowlands9243@bauros.biz,1908-05-02 20:09:39,41,2849
Ally Dale,Ally_Dale3226@deons.tech,1970-12-25 00:57:49,75,2850
Jayden Warner,Jayden_Warner9366@famism.biz,1895-02-01 17:25:22,74,2851
Holly Wallace,Holly_Wallace4069@muall.tech,1935-05-28 04:18:15,74,2852
Clint Snell,Clint_Snell4656@irrepsy.com,1849-10-05 08:58:08,35,2853
Denis Hepburn,Denis_Hepburn8836@guentu.biz,1961-05-26 04:07:51,48,2854
Russel Fowler,Russel_Fowler9810@acrit.org,1876-09-16 07:20:39,60,2855
Samantha Sherwood,Samantha_Sherwood1549@irrepsy.com,1890-07-23 14:54:27,91,2856
Enoch Cann,Enoch_Cann1657@gompie.com,1838-03-18 16:50:31,95,2857
Deborah Wills,Deborah_Wills8857@fuliss.net,1975-02-08 16:39:06,33,2858
Bart Hope,Bart_Hope6335@muall.tech,1901-02-07 03:58:24,61,2859
Quinn Appleton,Quinn_Appleton9777@supunk.biz,2001-11-22 03:36:24,40,2860
Nick Calderwood,Nick_Calderwood7186@twace.org,1924-08-08 06:48:08,75,2861
Doug Allwood,Doug_Allwood2741@dionrab.com,2008-07-13 10:38:30,31,2862
Tess Darcy,Tess_Darcy9946@zorer.org,1841-08-20 08:27:29,26,2863
Percy Oldfield,Percy_Oldfield8399@vetan.org,1892-06-28 05:35:29,28,2864
Daron Egerton,Daron_Egerton7038@bulaffy.com,1841-12-18 10:23:53,54,2865
Evie Flack,Evie_Flack2469@bretoux.com,1996-11-13 00:48:49,20,2866
Norah Henderson,Norah_Henderson415@deons.tech,1921-12-17 16:57:39,76,2867
Jane Saunders,Jane_Saunders3984@yahoo.com,1951-05-15 19:44:05,81,2868
Rosalee Mcneill,Rosalee_Mcneill473@muall.tech,1838-06-06 00:00:31,77,2869
Domenic Stone,Domenic_Stone4673@extex.org,1883-01-16 22:47:35,50,2870
Audrey Eddison,Audrey_Eddison1873@brety.org,1938-08-17 08:41:12,71,2871
Rosemary Baldwin,Rosemary_Baldwin724@gmail.com,1848-01-05 05:16:22,18,2872
Johnathan Brown,Johnathan_Brown9407@gmail.com,1885-03-20 02:40:24,77,2873
William Fall,William_Fall6840@gmail.com,1855-12-30 06:22:18,23,2874
Anais Pond,Anais_Pond8734@nimogy.biz,1837-01-21 15:40:05,87,2875
Julius Overson,Julius_Overson5984@bulaffy.com,1960-03-16 00:46:48,51,2876
Ron Whittle,Ron_Whittle4817@infotech44.tech,1820-10-29 02:03:41,34,2877
Liam Exton,Liam_Exton3272@jiman.org,1853-04-20 20:33:14,41,2878
Chelsea Ross,Chelsea_Ross5587@nickia.com,2020-03-24 14:32:45,73,2879
Rowan Hopkins,Rowan_Hopkins9115@gompie.com,1832-03-03 00:18:53,74,2880
Harry Simpson,Harry_Simpson8911@extex.org,1857-07-09 16:05:18,79,2881
Russel Leigh,Russel_Leigh5364@brety.org,1834-03-18 01:42:48,97,2882
Rosie Whittle,Rosie_Whittle309@famism.biz,1895-11-11 07:03:44,35,2883
Ryan Trent,Ryan_Trent5638@ubusive.com,1835-01-13 10:41:33,57,2884
Clint Boden,Clint_Boden222@zorer.org,1960-07-04 22:01:10,59,2885
Nicholas Young,Nicholas_Young9296@twipet.com,1896-05-11 07:56:49,67,2886
Mason Vince,Mason_Vince1029@iatim.tech,1864-08-01 17:57:12,72,2887
Sabina Hepburn,Sabina_Hepburn3396@nimogy.biz,1996-02-09 08:15:09,46,2888
Daron Lane,Daron_Lane2495@liret.org,1983-09-30 01:43:15,95,2889
Chris Wild,Chris_Wild9663@vetan.org,1944-05-28 03:07:23,71,2890
Ramon May,Ramon_May5134@zorer.org,1944-01-22 03:09:14,52,2891
Bart Neville,Bart_Neville4968@tonsy.org,1932-04-20 17:05:51,84,2892
William Mooney,William_Mooney2688@bulaffy.com,1849-06-09 11:11:42,23,2893
Alan Reid,Alan_Reid5097@elnee.tech,1906-11-16 11:21:22,68,2894
Celia Flanders,Celia_Flanders8515@bungar.biz,1963-06-17 15:21:46,22,2895
Rhea Ebden,Rhea_Ebden5952@cispeto.com,1998-01-15 06:31:36,77,2896
Eileen Ellwood,Eileen_Ellwood1683@deavo.com,1976-10-12 04:16:04,79,2897
Luke Oliver,Luke_Oliver2548@atink.com,1865-10-29 12:50:20,33,2898
Tony Woodley,Tony_Woodley6696@liret.org,1946-05-19 22:15:00,61,2899
Doug Dale,Doug_Dale6492@cispeto.com,1958-06-14 11:19:08,29,2900
Lillian Clarke,Lillian_Clarke253@extex.org,1905-03-12 08:58:26,40,2901
Isabel Cunningham,Isabel_Cunningham4282@jiman.org,2015-08-23 12:45:55,24,2902
Celia Skinner,Celia_Skinner5365@vetan.org,1840-01-08 15:03:44,55,2903
Maxwell Vallory,Maxwell_Vallory2057@muall.tech,1827-07-10 19:22:39,84,2904
Kieth Allwood,Kieth_Allwood7228@nanoff.biz,1961-01-20 17:19:21,61,2905
Fred Addley,Fred_Addley632@acrit.org,1943-09-15 03:44:24,91,2906
Mark Nayler,Mark_Nayler9952@womeona.net,1853-04-22 16:58:45,37,2907
Natalie Drake,Natalie_Drake1280@typill.biz,1979-08-13 02:32:21,92,2908
Bryon Harrison,Bryon_Harrison2296@ubusive.com,1827-09-10 18:37:50,21,2909
Gloria Exton,Gloria_Exton7785@famism.biz,2015-03-28 17:48:11,19,2910
Mike Pearce,Mike_Pearce1294@supunk.biz,2009-11-12 14:16:14,63,2911
Rosie Gibson,Rosie_Gibson5072@gompie.com,1905-10-15 13:00:39,58,2912
Maddison Herbert,Maddison_Herbert7383@acrit.org,1829-02-22 04:18:04,86,2913
John Becker,John_Becker3454@bungar.biz,1927-11-26 18:33:49,49,2914
Marjorie Chappell,Marjorie_Chappell3038@cispeto.com,1884-06-01 15:27:12,68,2915
Madison Reynolds,Madison_Reynolds6958@muall.tech,1995-08-04 15:47:46,46,2916
Emery Cunningham,Emery_Cunningham4157@cispeto.com,1869-04-24 04:03:33,20,2917
William Dickson,William_Dickson2885@dionrab.com,1990-04-14 16:48:13,19,2918
Sydney Barrett,Sydney_Barrett4642@irrepsy.com,1879-09-08 02:39:41,23,2919
Grace Hall,Grace_Hall4875@muall.tech,1842-08-08 07:57:46,40,2920
Martin Underhill,Martin_Underhill1743@infotech44.tech,1888-12-10 13:51:36,83,2921
Melanie Mason,Melanie_Mason7650@extex.org,2016-09-09 04:42:56,35,2922
Michael Jenkin,Michael_Jenkin5050@atink.com,1953-11-17 05:40:37,97,2923
Jenna London,Jenna_London9480@bulaffy.com,1963-10-21 19:54:28,27,2924
Leroy Hamilton,Leroy_Hamilton9099@guentu.biz,1828-07-01 08:00:29,72,2925
Blake Utterson,Blake_Utterson5761@atink.com,1931-12-30 06:22:01,43,2926
Josh Everett,Josh_Everett6501@jiman.org,1909-07-15 18:37:50,40,2927
Brad Victor,Brad_Victor8358@corti.com,1994-05-08 11:25:36,27,2928
Alan Gilbert,Alan_Gilbert9788@famism.biz,2002-07-02 16:26:47,47,2929
Peter Tutton,Peter_Tutton1773@yahoo.com,1988-11-01 00:23:37,54,2930
Mandy Mcnally,Mandy_Mcnally2142@grannar.com,1948-12-06 08:10:05,40,2931
Denis Potter,Denis_Potter9019@yahoo.com,1990-03-22 15:14:35,47,2932
Sarah Dempsey,Sarah_Dempsey4882@qater.org,1949-10-04 08:03:47,71,2933
Maddison May,Maddison_May1718@zorer.org,1929-03-04 01:57:25,51,2934
Caleb Shepherd,Caleb_Shepherd5205@twipet.com,1936-10-21 16:00:08,32,2935
Bryce Clarke,Bryce_Clarke2692@deavo.com,1997-11-18 20:39:21,91,2936
Daron Gray,Daron_Gray4391@kideod.biz,2013-12-08 00:35:01,57,2937
Hanna Potts,Hanna_Potts1802@hourpy.biz,1863-02-22 22:19:11,39,2938
Nate Mann,Nate_Mann6258@corti.com,1830-06-13 06:31:27,99,2939
Domenic James,Domenic_James5389@twace.org,1867-03-08 03:54:04,45,2940
Savannah Windsor,Savannah_Windsor6700@joiniaa.com,1908-12-01 22:36:26,58,2941
Ryan Edwards,Ryan_Edwards993@ovock.tech,2009-06-03 09:44:55,50,2942
Rufus Owens,Rufus_Owens297@hourpy.biz,1896-04-01 02:15:03,66,2943
Bart Rees,Bart_Rees8617@brety.org,1988-08-25 08:14:13,22,2944
Carla Bloom,Carla_Bloom9731@deons.tech,1834-10-13 20:30:34,32,2945
Molly Parker,Molly_Parker6891@muall.tech,1827-01-17 22:56:49,20,2946
Fred Speed,Fred_Speed8562@elnee.tech,1992-03-23 07:36:21,27,2947
Marilyn Leigh,Marilyn_Leigh8916@bretoux.com,1824-04-06 09:09:55,80,2948
Logan Wright,Logan_Wright8738@bauros.biz,1955-01-20 01:32:12,74,2949
Molly York,Molly_York1947@deavo.com,1892-06-30 02:13:32,36,2950
Jayden Johnson,Jayden_Johnson4754@mafthy.com,1955-06-23 19:05:21,69,2951
Sienna Bennett,Sienna_Bennett719@grannar.com,1973-08-28 00:41:06,79,2952
Courtney Fulton,Courtney_Fulton6787@liret.org,1860-01-11 17:19:10,96,2953
Macy Irving,Macy_Irving7201@yahoo.com,1857-05-31 10:12:16,24,2954
Maggie Logan,Maggie_Logan5824@dionrab.com,1833-02-15 08:19:37,95,2955
Jasmine Ross,Jasmine_Ross7965@elnee.tech,2012-10-06 20:27:13,50,2956
Amelia Holmes,Amelia_Holmes4098@nimogy.biz,1907-04-25 04:17:02,48,2957
Rocco Drew,Rocco_Drew231@ovock.tech,1985-11-06 13:48:35,32,2958
Havana Ramsey,Havana_Ramsey2471@iatim.tech,1928-08-04 01:48:17,23,2959
Grace Cobb,Grace_Cobb8942@atink.com,1877-03-05 01:45:52,70,2960
Roger Palmer,Roger_Palmer2675@vetan.org,1922-12-31 22:06:50,67,2961
Bart Gibbons,Bart_Gibbons610@gompie.com,1919-07-25 19:38:46,30,2962
Nathan Owen,Nathan_Owen9872@famism.biz,1891-03-13 19:30:50,71,2963
Harvey Morgan,Harvey_Morgan9599@bretoux.com,1967-04-14 03:25:37,27,2964
Tom Bishop,Tom_Bishop6890@nimogy.biz,1874-05-25 02:53:19,72,2965
Alma Collins,Alma_Collins7251@eirey.tech,1917-11-03 01:17:12,39,2966
Russel Collis,Russel_Collis1977@hourpy.biz,1930-02-22 02:53:44,86,2967
Christine Stevens,Christine_Stevens6700@mafthy.com,1908-10-15 09:18:17,82,2968
Eduardo Norman,Eduardo_Norman1999@gembat.biz,1893-09-02 19:13:41,85,2969
Paula Boden,Paula_Boden3790@kideod.biz,1841-09-22 16:45:50,29,2970
Dorothy Truscott,Dorothy_Truscott4854@bretoux.com,1831-12-11 08:18:07,84,2971
Abdul Chester,Abdul_Chester4204@fuliss.net,1965-05-02 06:02:58,56,2972
Liam Patel,Liam_Patel9323@tonsy.org,1922-08-15 04:38:13,57,2973
Phillip Thompson,Phillip_Thompson1494@vetan.org,1826-07-26 17:41:52,29,2974
Vera Bloom,Vera_Bloom8854@bauros.biz,1997-08-10 19:47:21,77,2975
Phillip Bell,Phillip_Bell3843@elnee.tech,1880-03-12 00:13:17,83,2976
Julian Campbell,Julian_Campbell6440@dionrab.com,1902-06-27 07:50:47,98,2977
George Hepburn,George_Hepburn8512@irrepsy.com,1863-01-23 18:18:10,42,2978
Jacob Blackburn,Jacob_Blackburn4956@muall.tech,1839-02-05 20:04:42,43,2979
George Andrews,George_Andrews946@jiman.org,1872-09-22 09:26:48,46,2980
Wendy Mitchell,Wendy_Mitchell3788@naiker.biz,1879-04-30 11:54:53,35,2981
Adelaide Watson,Adelaide_Watson32@twace.org,1921-09-10 10:35:00,98,2982
Wade Campbell,Wade_Campbell4900@infotech44.tech,1897-04-18 03:03:34,35,2983
Bryon Morris,Bryon_Morris8361@deavo.com,1956-03-07 08:53:42,46,2984
Grace Varndell,Grace_Varndell5144@typill.biz,1885-03-08 11:23:57,80,2985
Morgan Clarkson,Morgan_Clarkson8364@hourpy.biz,1890-05-15 19:29:24,50,2986
Lana Middleton,Lana_Middleton6897@joiniaa.com,1855-06-17 04:12:16,54,2987
Michael Underhill,Michael_Underhill6545@supunk.biz,1929-09-26 01:36:40,70,2988
Jules Drake,Jules_Drake8321@joiniaa.com,1821-05-14 20:39:00,48,2989
Maria Vaughan,Maria_Vaughan3150@tonsy.org,1851-08-20 14:28:06,69,2990
Daron Alldridge,Daron_Alldridge5166@iatim.tech,1874-06-28 20:46:26,40,2991
Mackenzie Tindall,Mackenzie_Tindall7735@womeona.net,1904-03-02 07:29:16,50,2992
Bob Larsen,Bob_Larsen9160@iatim.tech,1870-11-02 01:34:27,36,2993
Madelyn Robertson,Madelyn_Robertson623@cispeto.com,1934-02-17 14:33:11,28,2994
Penelope Johnson,Penelope_Johnson7382@dionrab.com,1933-10-06 01:42:46,81,2995
Chester Harrison,Chester_Harrison7107@acrit.org,1939-07-12 02:12:52,48,2996
Ada Hill,Ada_Hill2280@gmail.com,1962-07-25 17:44:15,96,2997
Enoch Cattell,Enoch_Cattell1560@bretoux.com,1855-05-25 07:26:49,23,2998
Jennifer Whinter,Jennifer_Whinter6856@joiniaa.com,1970-01-26 08:46:42,93,2999
Lucas Knight,Lucas_Knight8250@bulaffy.com,1972-10-05 17:57:21,48,3000
Joyce Thomas,Joyce_Thomas8313@infotech44.tech,1828-04-22 19:02:23,32,3001
Ilona Rycroft,Ilona_Rycroft8171@tonsy.org,1995-09-08 12:37:47,69,3002
Anthony Quinnell,Anthony_Quinnell3437@corti.com,1900-01-01 01:27:14,62,3003
Penny Flack,Penny_Flack4700@eirey.tech,1998-08-10 20:56:42,48,3004
Nate Martin,Nate_Martin5455@muall.tech,1982-04-10 00:51:37,21,3005
Charlize Varndell,Charlize_Varndell7353@famism.biz,1993-05-11 06:06:19,64,3006
Domenic Rigg,Domenic_Rigg8635@sheye.org,2006-09-10 12:52:33,41,3007
Maribel Callan,Maribel_Callan4346@brety.org,2015-04-04 13:29:41,74,3008
Crystal Gordon,Crystal_Gordon2004@ubusive.com,1873-04-22 03:21:25,49,3009
Enoch Scott,Enoch_Scott1450@joiniaa.com,1919-11-15 12:30:45,76,3010
Bridget Dyson,Bridget_Dyson3500@famism.biz,1946-01-15 04:43:58,23,3011
Amy Fulton,Amy_Fulton6468@gembat.biz,1972-05-21 13:35:31,59,3012
Maxwell Rixon,Maxwell_Rixon1891@nickia.com,1864-02-02 22:46:01,37,3013
Bart Clifton,Bart_Clifton9863@elnee.tech,1863-07-18 20:28:09,75,3014
Marissa Wheeler,Marissa_Wheeler3574@deons.tech,1991-01-06 08:57:54,71,3015
Nancy Saunders,Nancy_Saunders2648@ovock.tech,1831-03-22 15:06:40,85,3016
Tyson Vane,Tyson_Vane7565@muall.tech,1869-11-26 01:25:12,99,3017
Barney Clarkson,Barney_Clarkson8397@kideod.biz,1885-03-22 19:06:06,84,3018
Wendy Hunt,Wendy_Hunt3646@bretoux.com,1913-03-16 01:26:01,49,3019
Mike Ellis,Mike_Ellis3234@yahoo.com,1946-11-04 16:35:41,86,3020
Eduardo Stewart,Eduardo_Stewart9339@naiker.biz,1988-04-28 11:08:48,69,3021
Gemma Baker,Gemma_Baker8704@infotech44.tech,1954-07-11 13:20:26,33,3022
Harry Evans,Harry_Evans8304@kideod.biz,1836-08-19 06:07:47,85,3023
Alan York,Alan_York2637@fuliss.net,2004-05-29 05:54:33,56,3024
Lindsay Lakey,Lindsay_Lakey4050@nanoff.biz,2017-10-07 17:54:20,47,3025
Melody Lynch,Melody_Lynch5250@muall.tech,1860-10-16 12:55:28,76,3026
Molly Tobin,Molly_Tobin9956@yahoo.com,2017-06-10 03:44:50,22,3027
Phillip Hall,Phillip_Hall9761@liret.org,1873-06-02 22:58:39,56,3028
Mina Whitmore,Mina_Whitmore4383@sheye.org,1867-04-28 01:51:35,84,3029
Darlene Carter,Darlene_Carter8610@bungar.biz,1931-11-05 13:38:22,32,3030
Payton Milner,Payton_Milner2982@bungar.biz,1899-12-02 13:10:17,49,3031
George Pope,George_Pope146@supunk.biz,1852-09-15 14:53:13,82,3032
Monica Fall,Monica_Fall461@nickia.com,1850-01-26 05:54:02,73,3033
Nicholas Baker,Nicholas_Baker4879@iatim.tech,1879-03-08 07:27:30,47,3034
Cedrick Roman,Cedrick_Roman2190@gompie.com,1983-09-08 00:24:27,81,3035
Carol Goodman,Carol_Goodman5898@jiman.org,1932-05-01 20:01:36,81,3036
Ivy Vass,Ivy_Vass6150@deavo.com,2006-11-13 21:45:22,26,3037
Chester Brown,Chester_Brown8702@atink.com,1824-04-12 15:54:28,88,3038
Erick Thomas,Erick_Thomas2771@bauros.biz,1822-07-29 20:00:13,23,3039
Sloane Hobson,Sloane_Hobson7418@tonsy.org,2014-09-15 17:57:30,70,3040
Sebastian Gates,Sebastian_Gates3582@bungar.biz,1976-05-27 06:31:26,38,3041
Nancy Andersson,Nancy_Andersson7593@muall.tech,1894-04-13 05:50:51,74,3042
Helen Radley,Helen_Radley3087@nimogy.biz,1930-05-30 06:38:40,32,3043
Fred Robinson,Fred_Robinson8451@extex.org,1994-06-04 17:05:20,96,3044
Chadwick Speed,Chadwick_Speed9725@tonsy.org,1912-03-23 17:05:05,85,3045
Emmanuelle Campbell,Emmanuelle_Campbell8239@vetan.org,2006-02-27 15:43:39,48,3046
Catherine Carson,Catherine_Carson2692@extex.org,1852-06-11 12:40:44,82,3047
Carl Flanders,Carl_Flanders9083@infotech44.tech,1954-05-07 08:34:06,36,3048
Dorothy Garner,Dorothy_Garner8584@elnee.tech,1893-08-24 14:34:14,23,3049
Estrella Shields,Estrella_Shields9832@corti.com,1835-09-04 11:17:58,21,3050
Gil Hill,Gil_Hill3039@gembat.biz,1947-01-10 09:11:50,94,3051
David Reid,David_Reid4396@mafthy.com,1873-07-19 02:00:50,68,3052
Doug Darcy,Doug_Darcy6942@vetan.org,1934-02-14 15:30:24,91,3053
Tyler Evans,Tyler_Evans699@ubusive.com,1965-08-11 20:14:37,82,3054
Chelsea Parker,Chelsea_Parker3080@cispeto.com,1834-07-21 09:58:23,36,3055
Aiden Thomas,Aiden_Thomas3698@corti.com,2008-02-13 14:37:41,71,3056
Maria Whitmore,Maria_Whitmore9587@sheye.org,1921-10-19 11:32:06,88,3057
Alexander Jones,Alexander_Jones610@muall.tech,1845-12-31 05:08:11,61,3058
Mayleen Harrington,Mayleen_Harrington2023@bulaffy.com,1954-08-15 13:13:34,49,3059
Mackenzie Nash,Mackenzie_Nash9928@qater.org,1840-04-22 14:45:32,99,3060
Hayden Kerr,Hayden_Kerr5485@hourpy.biz,1850-12-14 03:23:42,47,3061
Allison Wills,Allison_Wills1627@corti.com,1867-04-17 17:33:03,25,3062
Jayden Howard,Jayden_Howard7349@bauros.biz,1847-03-14 06:21:12,62,3063
Elise Fenton,Elise_Fenton1972@infotech44.tech,1878-04-24 19:33:21,79,3064
Dorothy Robertson,Dorothy_Robertson2149@nimogy.biz,1948-08-29 18:23:29,68,3065
Roger Oliver,Roger_Oliver4502@deons.tech,1875-11-23 20:07:47,75,3066
Mavis Crawford,Mavis_Crawford1781@guentu.biz,1865-07-20 20:14:11,34,3067
Laila Watson,Laila_Watson2991@grannar.com,1958-12-30 17:44:02,26,3068
Josh Kerr,Josh_Kerr5999@gembat.biz,1899-07-31 17:08:06,75,3069
Tess Moran,Tess_Moran6612@guentu.biz,1973-03-15 00:19:19,55,3070
Renee Goldsmith,Renee_Goldsmith2928@gembat.biz,1851-10-23 20:24:52,50,3071
Charlize Spencer,Charlize_Spencer7049@gmail.com,2017-03-24 20:34:57,58,3072
Samantha Briggs,Samantha_Briggs4906@typill.biz,1960-01-16 09:31:24,83,3073
Russel Shields,Russel_Shields5894@ubusive.com,1973-06-14 15:34:22,21,3074
Noemi Brennan,Noemi_Brennan7058@tonsy.org,1873-01-26 14:03:16,91,3075
Chad Stone ,Chad_Stone 8399@extex.org,1830-03-16 09:42:28,60,3076
Jennifer Robe,Jennifer_Robe949@brety.org,1828-10-31 16:29:22,68,3077
Johnny Larsen,Johnny_Larsen9304@infotech44.tech,1847-03-23 10:25:17,62,3078
Chadwick Torres,Chadwick_Torres5207@bungar.biz,1863-06-29 02:34:35,41,3079
Chuck Coleman,Chuck_Coleman8693@bretoux.com,1856-02-23 07:09:57,30,3080
Carissa Stewart,Carissa_Stewart6739@mafthy.com,1928-08-22 05:24:51,88,3081
Ramon Woods,Ramon_Woods9410@elnee.tech,1893-10-21 01:28:09,60,3082
Carissa Douglas,Carissa_Douglas926@jiman.org,1886-06-13 05:19:36,83,3083
Adalind Partridge,Adalind_Partridge1331@extex.org,2013-03-21 15:34:54,50,3084
Julius Heaton,Julius_Heaton7457@nimogy.biz,1891-04-23 12:08:25,95,3085
Marigold Walsh,Marigold_Walsh4506@liret.org,1908-01-29 05:34:23,39,3086
Carter Gallacher,Carter_Gallacher729@famism.biz,1878-01-28 12:17:56,56,3087
Aiden Nash,Aiden_Nash7728@grannar.com,1870-02-07 09:08:23,92,3088
Roger Hilton,Roger_Hilton6732@nimogy.biz,2008-04-22 06:00:53,63,3089
Barney Swift,Barney_Swift6574@deons.tech,1827-05-15 20:38:40,51,3090
Leroy Norman,Leroy_Norman9672@jiman.org,1940-02-21 06:13:52,97,3091
Henry Gilbert,Henry_Gilbert4924@corti.com,1866-03-04 00:07:22,27,3092
Erica Gray,Erica_Gray4050@brety.org,1938-12-28 07:52:40,60,3093
Matthew Farrell,Matthew_Farrell9906@deons.tech,1925-07-06 20:54:24,26,3094
Valentina Carpenter,Valentina_Carpenter9381@cispeto.com,1953-10-31 20:40:10,87,3095
Lily Marshall,Lily_Marshall5701@joiniaa.com,1883-10-12 20:46:14,72,3096
Taylor Butler,Taylor_Butler3701@vetan.org,1878-08-04 14:11:24,96,3097
Percy Sherwood,Percy_Sherwood2780@corti.com,2004-09-09 09:25:52,23,3098
Margaret Maxwell,Margaret_Maxwell8406@womeona.net,1940-06-30 10:52:33,80,3099
Barney Wright,Barney_Wright7449@hourpy.biz,1866-11-14 12:44:19,35,3100
Adelaide Attwood,Adelaide_Attwood2160@cispeto.com,1996-07-27 01:58:05,58,3101
Jack Clayton,Jack_Clayton1778@infotech44.tech,1948-02-08 15:40:49,18,3102
Samantha Welsch,Samantha_Welsch6410@bretoux.com,1870-09-10 09:57:26,38,3103
Owen Blythe,Owen_Blythe6794@fuliss.net,2020-04-25 08:29:19,70,3104
Claire Graham,Claire_Graham808@qater.org,1861-11-18 04:29:45,33,3105
Judith Cartwright,Judith_Cartwright3146@joiniaa.com,1887-05-25 01:37:53,38,3106
Henry Andersson,Henry_Andersson8404@sveldo.biz,1876-08-07 07:12:10,97,3107
Gwen Jones,Gwen_Jones1990@kideod.biz,1886-04-09 21:32:47,26,3108
Jade Norman,Jade_Norman2733@nimogy.biz,1930-01-15 16:47:16,73,3109
Jenna Hancock,Jenna_Hancock777@tonsy.org,1915-09-26 21:56:57,64,3110
Ramon Pratt,Ramon_Pratt7989@bulaffy.com,1896-01-06 10:41:50,24,3111
Joy Booth,Joy_Booth8003@gembat.biz,1924-07-09 20:15:08,63,3112
Caleb Stubbs,Caleb_Stubbs5009@famism.biz,1930-03-17 13:16:00,98,3113
Anthony Bryant,Anthony_Bryant2358@liret.org,1834-06-03 13:23:21,44,3114
Sabrina Widdows,Sabrina_Widdows2007@eirey.tech,1902-08-14 20:47:51,73,3115
Cynthia Allwood,Cynthia_Allwood4152@fuliss.net,1891-08-30 00:49:44,47,3116
Maxwell Vallory,Maxwell_Vallory8759@nimogy.biz,1912-08-13 21:35:34,28,3117
Chris Oatway,Chris_Oatway8239@corti.com,1922-10-29 13:43:14,69,3118
Shelby Hill,Shelby_Hill3252@supunk.biz,1960-08-14 03:09:12,88,3119
Abdul Lakey,Abdul_Lakey90@cispeto.com,1995-08-10 07:03:30,83,3120
Jayden Ventura,Jayden_Ventura7424@bauros.biz,1843-03-04 18:58:54,59,3121
Emery Walker,Emery_Walker1273@nimogy.biz,1828-07-24 18:22:28,99,3122
Kurt Ranks,Kurt_Ranks7128@sveldo.biz,1853-06-17 19:52:18,68,3123
Clint Kelly,Clint_Kelly4543@nanoff.biz,1894-03-29 12:39:33,40,3124
Bridget Kelly,Bridget_Kelly7102@deons.tech,1964-11-29 04:30:18,56,3125
Adalie Robinson,Adalie_Robinson5183@irrepsy.com,1955-01-14 20:30:37,65,3126
Mabel Button,Mabel_Button3144@ubusive.com,1871-06-09 01:07:56,45,3127
Carissa Casey,Carissa_Casey2205@dionrab.com,1856-08-06 12:39:36,49,3128
Johnny Morgan,Johnny_Morgan8423@womeona.net,1868-02-25 21:41:58,58,3129
William Rust,William_Rust9906@extex.org,1824-07-28 10:54:22,86,3130
Bart James,Bart_James9798@infotech44.tech,2014-08-12 03:20:26,41,3131
Sonya Underhill,Sonya_Underhill2535@mafthy.com,2008-12-19 07:49:46,24,3132
Tara Nobbs,Tara_Nobbs4664@zorer.org,1913-09-25 02:47:13,22,3133
Owen Emmott,Owen_Emmott7820@brety.org,2009-05-03 17:35:51,63,3134
Maribel Ainsworth,Maribel_Ainsworth6971@gmail.com,1866-11-16 03:45:23,22,3135
Benjamin King,Benjamin_King3070@womeona.net,1877-08-17 20:05:06,59,3136
Johnny Owens,Johnny_Owens3914@gompie.com,1914-09-09 21:06:30,71,3137
Fred Beal,Fred_Beal2416@extex.org,1965-04-13 02:26:05,69,3138
Nicholas Sanchez,Nicholas_Sanchez1652@acrit.org,1840-02-07 11:57:15,54,3139
Julius Woodcock,Julius_Woodcock3642@nickia.com,1973-10-01 10:51:07,92,3140
William Torres,William_Torres7448@guentu.biz,2017-07-04 15:52:18,83,3141
Victoria Robe,Victoria_Robe4803@nanoff.biz,1933-10-21 20:57:02,56,3142
Eileen Tanner,Eileen_Tanner702@vetan.org,1915-10-08 05:35:33,36,3143
Barry Talbot,Barry_Talbot1782@acrit.org,1879-09-23 01:39:16,47,3144
Martin Lewin,Martin_Lewin4561@eirey.tech,1939-08-05 15:00:10,26,3145
Rowan Waterhouse,Rowan_Waterhouse6595@ovock.tech,1883-07-25 04:11:08,51,3146
Robyn Plumb,Robyn_Plumb1012@womeona.net,2014-10-11 02:48:07,90,3147
Megan Rixon,Megan_Rixon6783@yahoo.com,1883-10-02 07:23:47,18,3148
Wade Tate,Wade_Tate4690@gmail.com,1976-09-20 08:38:13,20,3149
Michaela Summers,Michaela_Summers8627@vetan.org,1900-03-28 07:32:54,41,3150
Hayden Jones,Hayden_Jones3031@mafthy.com,1943-11-10 18:09:37,70,3151
Mike Gavin,Mike_Gavin1317@iatim.tech,1924-12-30 14:49:43,79,3152
Peter Ross,Peter_Ross996@sheye.org,1948-05-24 16:48:03,69,3153
Cristal Gaynor,Cristal_Gaynor5269@grannar.com,2004-02-14 08:06:51,79,3154
Alan Stevens,Alan_Stevens5838@yahoo.com,1887-11-24 11:23:13,25,3155
Claire Allwood,Claire_Allwood1745@nimogy.biz,2019-07-03 06:45:31,96,3156
Stella Kirby,Stella_Kirby124@muall.tech,1869-07-28 07:49:34,76,3157
Clint Horton,Clint_Horton9903@sheye.org,1891-08-29 10:00:04,52,3158
Daron Russell,Daron_Russell9778@qater.org,1921-11-14 21:17:48,62,3159
Logan Saunders,Logan_Saunders9234@hourpy.biz,1824-05-29 03:00:55,82,3160
Owen Shaw,Owen_Shaw5295@bungar.biz,1872-07-31 11:48:24,46,3161
Leroy Rose,Leroy_Rose1139@typill.biz,1941-11-20 08:06:09,29,3162
Matt Taylor,Matt_Taylor412@famism.biz,1936-11-12 21:02:09,78,3163
Marissa Rivers,Marissa_Rivers2866@supunk.biz,1919-07-17 11:03:03,66,3164
Percy Needham,Percy_Needham4847@extex.org,1899-06-29 20:27:06,36,3165
William Hobson,William_Hobson7960@irrepsy.com,1823-07-20 14:45:27,45,3166
Peter Bristow,Peter_Bristow6666@twace.org,1843-03-15 04:24:42,43,3167
Janice Cox,Janice_Cox5686@atink.com,1859-08-26 02:31:02,72,3168
Peter Callan,Peter_Callan9278@deons.tech,1857-03-11 13:16:47,49,3169
Julian Mason,Julian_Mason7152@jiman.org,1922-10-18 10:12:21,90,3170
Nick Davies,Nick_Davies8018@sveldo.biz,1887-06-26 22:16:38,40,3171
Maddison Parker,Maddison_Parker8091@iatim.tech,1991-07-06 12:43:33,95,3172
Vicky Baker,Vicky_Baker3337@kideod.biz,1899-05-15 16:20:17,70,3173
Karen Lowe,Karen_Lowe1583@kideod.biz,1867-07-01 16:07:48,80,3174
Daron Lee,Daron_Lee5298@corti.com,1974-12-23 22:46:04,51,3175
Johnathan Edley,Johnathan_Edley4123@acrit.org,1886-01-18 19:24:20,76,3176
Vivian Clark,Vivian_Clark52@womeona.net,2017-06-09 21:33:21,51,3177
Havana Brooks,Havana_Brooks8069@brety.org,1866-04-05 05:04:49,73,3178
Eduardo Dunbar,Eduardo_Dunbar8949@nickia.com,1833-04-14 05:45:47,27,3179
Janice Whitmore,Janice_Whitmore986@atink.com,1934-12-06 07:37:00,59,3180
Faith Redden,Faith_Redden6722@jiman.org,1927-11-17 17:49:39,28,3181
Samara Stark,Samara_Stark6825@bretoux.com,1956-01-05 08:04:19,55,3182
Cherish Bell,Cherish_Bell2533@yahoo.com,1984-06-02 15:48:38,31,3183
Benjamin Latham,Benjamin_Latham3352@typill.biz,2016-08-12 12:34:36,29,3184
Francesca Bloom,Francesca_Bloom6792@yahoo.com,1938-11-06 17:05:46,56,3185
Alan Mills,Alan_Mills5496@sheye.org,1961-12-01 15:09:38,55,3186
Eduardo Butler,Eduardo_Butler5132@gembat.biz,1911-01-03 16:13:51,45,3187
Remy Edmonds,Remy_Edmonds1879@atink.com,1884-07-20 01:05:12,53,3188
Benny Brett,Benny_Brett1922@infotech44.tech,1954-01-01 07:30:33,26,3189
Chadwick Morgan,Chadwick_Morgan1595@eirey.tech,1893-06-08 05:34:27,66,3190
Michelle Booth,Michelle_Booth4507@bretoux.com,1904-07-03 17:06:23,55,3191
Benny Miller,Benny_Miller2087@gmail.com,1882-12-27 20:58:32,63,3192
Hadley Barclay,Hadley_Barclay7581@fuliss.net,1979-03-21 19:18:54,83,3193
Claire Kelly,Claire_Kelly6270@grannar.com,1935-10-06 08:35:51,62,3194
Valerie Campbell,Valerie_Campbell1045@irrepsy.com,1971-10-27 09:43:46,95,3195
Fiona Shelton,Fiona_Shelton9112@kideod.biz,1956-07-14 19:27:26,60,3196
Nick Mason,Nick_Mason5984@gmail.com,1853-02-13 21:18:38,83,3197
Mark Farrow,Mark_Farrow89@muall.tech,2008-01-04 01:33:17,38,3198
Barney Thomson,Barney_Thomson9844@bretoux.com,1992-01-23 10:42:10,89,3199
Leslie Hepburn,Leslie_Hepburn3601@ovock.tech,1906-04-24 00:31:43,42,3200
Maddison Kirby,Maddison_Kirby9814@extex.org,1857-02-26 02:00:15,59,3201
ara Yard,ara_Yard1922@twace.org,1918-12-15 21:11:16,59,3202
Wade Rainford,Wade_Rainford7720@famism.biz,1835-10-28 03:44:03,36,3203
Michael Sloan,Michael_Sloan9997@elnee.tech,1878-01-20 00:32:00,28,3204
Isabel Allcott,Isabel_Allcott6656@jiman.org,1919-07-03 16:56:13,55,3205
Erick Parr,Erick_Parr2407@mafthy.com,1937-07-31 21:18:54,92,3206
Jacob Roth,Jacob_Roth317@mafthy.com,1834-08-22 09:09:44,87,3207
Domenic Clifford,Domenic_Clifford1498@sheye.org,1873-02-21 17:28:29,63,3208
Natalie Norburn,Natalie_Norburn5924@brety.org,1844-01-05 06:34:24,87,3209
Cadence Hunter,Cadence_Hunter994@deons.tech,1893-01-09 11:25:04,34,3210
George Goldsmith,George_Goldsmith3718@infotech44.tech,1838-06-17 14:05:27,44,3211
Elise Kidd,Elise_Kidd3758@grannar.com,1992-12-19 19:21:17,56,3212
Melanie Oakley,Melanie_Oakley9051@cispeto.com,1979-09-21 18:05:03,51,3213
Nate Gibson,Nate_Gibson3104@corti.com,1979-11-21 22:09:36,71,3214
Maxwell Rogan,Maxwell_Rogan794@yahoo.com,1993-12-21 20:13:32,36,3215
David Lyon,David_Lyon6136@joiniaa.com,1866-10-28 18:17:50,32,3216
Rufus Murray,Rufus_Murray678@grannar.com,1914-06-25 01:29:52,79,3217
Julius Yates,Julius_Yates6485@ovock.tech,1936-06-14 16:39:51,70,3218
Jazmin Pearce,Jazmin_Pearce8340@guentu.biz,1955-06-30 04:46:52,38,3219
Carol Redfern,Carol_Redfern4384@acrit.org,1820-06-12 03:02:31,64,3220
Eryn Devonport,Eryn_Devonport7983@ubusive.com,1988-01-28 08:28:38,86,3221
Carl Mcleod,Carl_Mcleod2182@jiman.org,1971-05-28 22:11:10,89,3222
Stacy Neal,Stacy_Neal6372@bauros.biz,1862-06-15 08:18:18,96,3223
Carol Johnson,Carol_Johnson3048@qater.org,1928-01-13 04:44:29,21,3224
Sofia Herbert,Sofia_Herbert550@bauros.biz,1995-05-12 05:04:10,66,3225
Anthony Wild,Anthony_Wild6671@bretoux.com,1920-12-09 17:41:02,28,3226
Angelique Furnell,Angelique_Furnell6978@joiniaa.com,1987-06-17 22:07:21,77,3227
Bristol Knight,Bristol_Knight1396@grannar.com,1925-06-17 03:32:52,90,3228
Daron Seymour,Daron_Seymour7196@bulaffy.com,1912-06-26 18:28:58,46,3229
Aiden Knight,Aiden_Knight3653@mafthy.com,1875-11-05 12:25:37,92,3230
Britney Hunter,Britney_Hunter4538@yahoo.com,1987-04-04 05:42:06,82,3231
Rebecca Tyler,Rebecca_Tyler1640@nanoff.biz,1849-06-02 20:26:46,96,3232
Rufus Herbert,Rufus_Herbert222@ovock.tech,1831-09-06 11:20:32,40,3233
Boris Camden,Boris_Camden9857@extex.org,1988-06-24 13:40:40,24,3234
Roger Cox,Roger_Cox2133@fuliss.net,1929-12-21 15:32:11,54,3235
Margot Snell,Margot_Snell6786@guentu.biz,1898-05-04 22:40:29,98,3236
Marina Swift,Marina_Swift8459@typill.biz,1941-08-26 06:48:10,44,3237
Wade Rehman,Wade_Rehman6995@bauros.biz,2007-08-09 03:53:00,51,3238
Nancy Johnson,Nancy_Johnson993@guentu.biz,1994-06-18 01:14:05,66,3239
Noah Driscoll,Noah_Driscoll7049@bauros.biz,1880-05-07 20:30:23,50,3240
Manuel Becker,Manuel_Becker8731@guentu.biz,1850-09-02 07:55:54,95,3241
Henry Trent,Henry_Trent885@vetan.org,1896-04-17 17:04:55,95,3242
Gil Garcia,Gil_Garcia5834@irrepsy.com,1948-03-27 00:03:56,54,3243
Martin Lomax,Martin_Lomax6140@nanoff.biz,1925-04-09 13:15:11,79,3244
Tony Thorpe,Tony_Thorpe1535@acrit.org,1973-09-05 05:05:06,48,3245
Susan Rosenbloom,Susan_Rosenbloom4568@zorer.org,1856-05-03 02:46:23,39,3246
Jessica Vallins,Jessica_Vallins4806@bungar.biz,1941-05-19 12:03:54,24,3247
Aiden Thomas,Aiden_Thomas1986@joiniaa.com,1897-05-11 17:33:13,76,3248
Eduardo Horton,Eduardo_Horton5848@bulaffy.com,1858-08-24 01:03:43,98,3249
Sienna Rose,Sienna_Rose9393@iatim.tech,1876-11-25 03:48:13,79,3250
Ethan Miller,Ethan_Miller230@gompie.com,1827-10-26 21:21:03,58,3251
George Cameron,George_Cameron6798@qater.org,1856-03-30 06:24:33,78,3252
Emely Curtis,Emely_Curtis9406@nickia.com,2016-05-14 14:55:33,27,3253
Eduardo Keys,Eduardo_Keys4810@cispeto.com,1865-09-09 17:55:00,90,3254
Mayleen Chester,Mayleen_Chester2394@gompie.com,1990-03-01 05:11:04,55,3255
Julian Porter,Julian_Porter4980@gembat.biz,1959-06-09 19:13:20,67,3256
Payton Clark,Payton_Clark9388@eirey.tech,1918-07-20 04:04:09,69,3257
Karla Robinson,Karla_Robinson6864@corti.com,1985-07-10 11:05:22,86,3258
Tyson Yarwood,Tyson_Yarwood1145@twace.org,1923-07-27 15:49:15,84,3259
Maya Ross,Maya_Ross4072@irrepsy.com,1863-11-19 20:03:58,23,3260
Hank Upton,Hank_Upton4518@yahoo.com,1947-04-15 07:33:00,50,3261
Shelby Egerton,Shelby_Egerton5136@zorer.org,2019-02-08 03:40:47,78,3262
Chadwick Salt,Chadwick_Salt3515@eirey.tech,1997-01-14 17:58:13,40,3263
Isabel Forth,Isabel_Forth3071@tonsy.org,1927-07-04 09:23:04,58,3264
Maddison Lambert,Maddison_Lambert8737@iatim.tech,1941-11-17 15:04:31,56,3265
Analise Lee,Analise_Lee2546@eirey.tech,1876-04-15 08:39:11,30,3266
Anais Jenkin,Anais_Jenkin7216@irrepsy.com,1969-11-09 15:32:19,45,3267
Beatrice Neal,Beatrice_Neal3127@grannar.com,1965-12-08 11:54:42,71,3268
Mason Stuart,Mason_Stuart7568@liret.org,1959-03-20 04:49:03,92,3269
Anne Craig,Anne_Craig9228@vetan.org,1993-09-25 17:07:23,90,3270
Rachael Riley,Rachael_Riley1898@zorer.org,1879-11-19 14:55:42,60,3271
Chad Lunt,Chad_Lunt5465@ovock.tech,1862-05-12 19:35:29,81,3272
Clarissa Vaughan,Clarissa_Vaughan4153@tonsy.org,1996-06-05 12:40:41,73,3273
Domenic Leigh,Domenic_Leigh8456@deavo.com,1835-01-28 20:16:52,93,3274
Elisabeth Robertson,Elisabeth_Robertson5348@atink.com,1961-07-17 17:39:57,51,3275
Marvin Fleming,Marvin_Fleming6216@ubusive.com,1841-12-09 14:20:00,99,3276
Eduardo Collis,Eduardo_Collis368@womeona.net,1893-10-16 21:06:49,89,3277
Rosie Haines,Rosie_Haines5709@deavo.com,1882-07-08 16:56:15,57,3278
Leslie Hunter,Leslie_Hunter2902@nickia.com,1987-04-13 17:53:30,67,3279
Carrie Wright,Carrie_Wright8977@nanoff.biz,1849-07-20 00:05:58,82,3280
Mason Ring,Mason_Ring978@sveldo.biz,1905-11-06 10:03:54,18,3281
Julius Pierce,Julius_Pierce5226@zorer.org,1992-06-16 05:56:21,75,3282
Marie Cooper,Marie_Cooper2298@kideod.biz,1967-03-16 07:47:23,63,3283
Oliver Wilkinson,Oliver_Wilkinson4870@nimogy.biz,1911-02-11 01:36:10,37,3284
Winnie Grady,Winnie_Grady5143@tonsy.org,1969-02-24 11:44:01,44,3285
Bart Maxwell,Bart_Maxwell2931@tonsy.org,1976-06-20 01:35:38,48,3286
Martin Newman,Martin_Newman3646@deavo.com,1980-08-09 16:34:48,52,3287
Oliver Potter,Oliver_Potter1293@bretoux.com,1996-09-08 00:03:01,75,3288
George Slater,George_Slater738@iatim.tech,1872-02-14 20:39:17,92,3289
Sadie Bishop,Sadie_Bishop8107@sveldo.biz,1971-07-07 01:36:47,50,3290
Emmanuelle Santos,Emmanuelle_Santos5998@cispeto.com,1883-08-13 06:35:57,42,3291
Matt Rosenbloom,Matt_Rosenbloom9522@twace.org,1933-04-20 19:34:43,54,3292
Ally Whittle,Ally_Whittle9178@famism.biz,1888-01-11 14:56:00,63,3293
Domenic Oldfield,Domenic_Oldfield6376@nimogy.biz,1889-08-05 14:11:32,43,3294
Jayden Stewart,Jayden_Stewart15@atink.com,1893-01-14 20:00:40,63,3295
Nick Underhill,Nick_Underhill3670@irrepsy.com,2010-04-01 14:00:32,32,3296
Nicholas Olson,Nicholas_Olson4228@irrepsy.com,1894-01-31 17:54:15,82,3297
Mason London,Mason_London4183@irrepsy.com,1945-11-29 08:16:45,74,3298
Owen Walsh,Owen_Walsh4539@muall.tech,1892-10-23 11:52:09,78,3299
Adina Noon,Adina_Noon3754@muall.tech,1953-01-01 16:15:31,82,3300
Chuck Wallace,Chuck_Wallace9015@iatim.tech,1869-04-19 09:27:53,87,3301
Johnny Graves,Johnny_Graves8681@brety.org,1825-08-09 00:07:45,27,3302
Hayden Forester,Hayden_Forester5280@famism.biz,1880-02-26 00:38:45,83,3303
Percy Oakley,Percy_Oakley9856@dionrab.com,1914-06-03 20:22:48,51,3304
Gabriel Saunders,Gabriel_Saunders3088@nanoff.biz,1901-04-22 09:45:37,68,3305
Ryan Vaughan,Ryan_Vaughan4146@bulaffy.com,1968-05-16 04:12:50,44,3306
Stephanie Rose,Stephanie_Rose1028@bungar.biz,1910-06-06 13:14:46,40,3307
Mason Swan,Mason_Swan3661@tonsy.org,1987-10-26 20:27:21,70,3308
Brad Chadwick,Brad_Chadwick1490@nanoff.biz,1890-01-10 14:20:04,45,3309
Julius Malone,Julius_Malone5017@tonsy.org,1851-02-06 07:52:22,76,3310
Leah Mackenzie,Leah_Mackenzie3667@corti.com,2011-09-13 06:07:13,24,3311
Madison Cavanagh,Madison_Cavanagh2089@elnee.tech,2011-03-19 17:32:54,65,3312
Wade Shaw,Wade_Shaw4541@fuliss.net,1908-07-22 03:47:10,20,3313
Angela Allington,Angela_Allington6407@typill.biz,1971-12-07 06:38:38,36,3314
Emely Drummond,Emely_Drummond9914@irrepsy.com,1924-12-04 19:18:04,37,3315
Amy Ward,Amy_Ward8003@guentu.biz,1941-08-12 22:30:21,22,3316
Elise Morgan,Elise_Morgan2016@gompie.com,1991-12-24 15:12:23,72,3317
Barney Simpson,Barney_Simpson7023@cispeto.com,1883-04-24 02:11:57,57,3318
Alexander Harris,Alexander_Harris9405@iatim.tech,1967-10-14 00:16:43,34,3319
Shelby Squire,Shelby_Squire5992@joiniaa.com,1941-04-24 12:53:24,68,3320
Tiffany Daniells,Tiffany_Daniells4125@gompie.com,1880-03-27 20:15:17,65,3321
Enoch Lloyd,Enoch_Lloyd8845@kideod.biz,2016-12-23 17:00:33,86,3322
Tania Rixon,Tania_Rixon1942@zorer.org,2000-03-31 18:17:17,91,3323
Rihanna Matthews,Rihanna_Matthews3530@iatim.tech,2018-10-02 21:18:21,45,3324
Mike Mcgee,Mike_Mcgee1598@deavo.com,1823-04-06 05:23:09,52,3325
Scarlett White,Scarlett_White5919@typill.biz,1913-12-23 03:42:31,72,3326
Ryan Roth,Ryan_Roth3969@hourpy.biz,1877-03-15 00:11:15,55,3327
Jack Chapman,Jack_Chapman2393@infotech44.tech,1826-06-05 09:18:28,88,3328
Taylor Nobbs,Taylor_Nobbs8672@famism.biz,1860-10-16 19:10:32,30,3329
Maxwell Potter,Maxwell_Potter7011@qater.org,1878-05-30 18:34:19,53,3330
Gabriel Rainford,Gabriel_Rainford7010@acrit.org,1903-07-09 21:05:36,81,3331
Alexander Crawley,Alexander_Crawley6788@extex.org,1837-06-29 09:05:20,69,3332
Judith Stanley,Judith_Stanley1058@vetan.org,1994-12-28 15:55:23,73,3333
Rocco Jobson,Rocco_Jobson496@qater.org,1950-04-22 05:26:30,69,3334
Abdul West,Abdul_West7722@deons.tech,1822-01-21 21:05:41,80,3335
Julian Tennant,Julian_Tennant7055@fuliss.net,1852-10-08 08:02:05,57,3336
Ramon Rose,Ramon_Rose9457@gompie.com,1867-12-08 19:11:48,46,3337
Ramon Rogers,Ramon_Rogers7239@acrit.org,1950-06-21 06:51:00,67,3338
Ruth Ventura,Ruth_Ventura6406@typill.biz,1915-12-14 13:16:02,75,3339
Wade Stewart,Wade_Stewart233@guentu.biz,1880-03-04 01:35:12,88,3340
Lily Marshall,Lily_Marshall3663@bungar.biz,1996-08-08 03:29:21,47,3341
Erica Upton,Erica_Upton4921@gompie.com,1854-07-21 17:03:07,25,3342
Logan Reynolds,Logan_Reynolds1247@dionrab.com,1941-05-05 14:33:49,21,3343
Julius Lane,Julius_Lane1538@kideod.biz,1851-09-26 07:50:41,94,3344
Bernadette Waterson,Bernadette_Waterson6736@hourpy.biz,1971-08-11 04:50:26,76,3345
Julia Gaynor,Julia_Gaynor1123@gembat.biz,1933-11-09 13:08:17,44,3346
Rosie Aldridge,Rosie_Aldridge3193@sheye.org,1857-02-19 19:51:02,51,3347
Noah Janes,Noah_Janes1967@bauros.biz,1932-11-22 15:28:17,44,3348
Mavis Barrett,Mavis_Barrett1316@cispeto.com,1937-02-13 04:32:55,90,3349
Chester Andrews,Chester_Andrews3838@nimogy.biz,1971-07-23 09:34:52,70,3350
Jaylene Allwood,Jaylene_Allwood471@qater.org,1947-10-28 14:16:21,71,3351
Sage Broomfield,Sage_Broomfield9695@bulaffy.com,1916-12-21 10:31:48,33,3352
Jayden Wooldridge,Jayden_Wooldridge1608@zorer.org,1961-11-10 07:57:30,18,3353
Roger Olson,Roger_Olson6582@joiniaa.com,1838-10-08 21:03:16,89,3354
Nicole Patel,Nicole_Patel2944@extex.org,1904-12-09 07:35:27,34,3355
Josh Evans,Josh_Evans7038@nickia.com,1946-09-29 08:38:10,29,3356
Julius Gunn,Julius_Gunn3563@cispeto.com,1982-10-06 12:11:33,85,3357
Lillian Vangness,Lillian_Vangness9465@eirey.tech,1826-04-29 01:37:10,53,3358
Jules Ingham,Jules_Ingham3146@deavo.com,1872-02-09 07:51:58,81,3359
Mark Vollans,Mark_Vollans1486@gompie.com,1870-07-30 04:49:46,32,3360
Carl Pickard,Carl_Pickard6459@nickia.com,1993-12-31 14:48:26,70,3361
Joseph Woodcock,Joseph_Woodcock7483@bauros.biz,1934-03-11 04:26:37,38,3362
Mason Watson,Mason_Watson7912@sveldo.biz,1867-12-02 12:05:22,18,3363
Megan Broomfield,Megan_Broomfield9963@grannar.com,1874-12-13 16:50:38,87,3364
Peter Ellwood,Peter_Ellwood3426@liret.org,2010-10-05 18:07:23,99,3365
Boris Pitt,Boris_Pitt5435@nickia.com,1864-02-22 21:14:31,53,3366
Bob Weatcroft,Bob_Weatcroft4347@naiker.biz,1882-07-24 20:28:11,56,3367
Johnny Gallacher,Johnny_Gallacher7888@iatim.tech,1826-07-31 05:50:33,31,3368
Luke Rixon,Luke_Rixon3874@ovock.tech,1844-09-20 00:17:19,45,3369
Julianna Edwards,Julianna_Edwards2166@womeona.net,1836-07-21 00:00:32,92,3370
Johnny Archer,Johnny_Archer9370@twace.org,1967-12-30 21:24:54,70,3371
Moira Flynn,Moira_Flynn3588@fuliss.net,2002-01-31 19:03:29,72,3372
Trisha Morris,Trisha_Morris8521@sveldo.biz,1902-06-12 00:34:15,62,3373
Wade Thorpe,Wade_Thorpe6532@twace.org,1841-07-09 11:44:15,34,3374
Rose Martin,Rose_Martin6874@acrit.org,1878-12-22 17:57:12,68,3375
Maggie King,Maggie_King8823@iatim.tech,1909-07-25 03:04:48,76,3376
Erin Bryson,Erin_Bryson3727@iatim.tech,1974-05-22 17:01:14,91,3377
Barney Gallacher,Barney_Gallacher2901@irrepsy.com,1953-01-17 04:27:29,85,3378
William Shepherd,William_Shepherd6501@bretoux.com,1827-05-18 16:25:01,73,3379
Lucas Walker,Lucas_Walker5437@irrepsy.com,1989-04-06 10:00:03,65,3380
Joseph Reese,Joseph_Reese3171@tonsy.org,1848-06-14 03:12:23,97,3381
Isla Bryant,Isla_Bryant9964@deons.tech,1960-04-13 22:29:03,67,3382
Anais Dann,Anais_Dann5633@ovock.tech,1824-06-15 03:15:48,69,3383
Crystal Woods,Crystal_Woods9313@twipet.com,1994-02-08 07:03:27,32,3384
Aiden Chadwick,Aiden_Chadwick464@kideod.biz,1871-12-17 19:55:26,81,3385
Doug Lunt,Doug_Lunt4500@womeona.net,1863-09-11 17:09:21,32,3386
Daniel Wilton,Daniel_Wilton7704@sheye.org,1825-11-30 06:37:42,36,3387
Jade Vaughn,Jade_Vaughn8890@brety.org,1931-12-16 06:56:07,74,3388
Alexa Pond,Alexa_Pond524@sheye.org,1867-12-04 05:57:24,23,3389
Elena Stevens,Elena_Stevens2878@tonsy.org,2011-02-11 02:14:16,52,3390
Alexia Ventura,Alexia_Ventura2350@gmail.com,2008-10-08 21:03:42,96,3391
Eve Hardwick,Eve_Hardwick6704@extex.org,1972-09-01 02:20:00,61,3392
Stacy Tennant,Stacy_Tennant6485@sveldo.biz,1871-04-05 05:44:41,82,3393
Deborah Stewart,Deborah_Stewart7016@deavo.com,1821-04-01 22:33:39,85,3394
Laila Torres,Laila_Torres4478@atink.com,1883-08-14 02:01:18,53,3395
Joseph Vangness,Joseph_Vangness7394@muall.tech,1960-08-23 21:33:07,27,3396
Javier Avery,Javier_Avery9336@cispeto.com,1992-08-05 02:20:57,98,3397
Michael Paterson,Michael_Paterson1785@gembat.biz,1938-04-19 00:46:29,82,3398
Wade Weatcroft,Wade_Weatcroft2708@bungar.biz,1960-09-04 18:55:03,99,3399
Tyson Ellwood,Tyson_Ellwood5556@twace.org,1851-03-14 18:19:55,41,3400
Matthew Hardwick,Matthew_Hardwick3316@nickia.com,1879-05-18 02:04:30,22,3401
Ethan Rivers,Ethan_Rivers3374@ovock.tech,1917-02-17 16:05:58,83,3402
Abbey Emmott,Abbey_Emmott9694@bungar.biz,1888-11-03 02:06:03,23,3403
Fred Hooper,Fred_Hooper2042@mafthy.com,1903-09-06 03:06:35,70,3404
Jules Lynn,Jules_Lynn112@ubusive.com,1996-04-10 07:05:35,70,3405
Sofia Hill,Sofia_Hill1383@liret.org,1827-02-19 10:04:23,44,3406
Chuck Jacobs,Chuck_Jacobs4608@twipet.com,2011-06-14 07:51:44,62,3407
Trisha Patel,Trisha_Patel3487@tonsy.org,1884-08-16 17:16:37,21,3408
Janelle Lomax,Janelle_Lomax4205@iatim.tech,1827-04-18 08:41:57,63,3409
Charlotte Hunter,Charlotte_Hunter2847@kideod.biz,1947-07-15 16:56:42,49,3410
Allison Jenkin,Allison_Jenkin546@ubusive.com,1987-07-28 05:57:55,92,3411
Hank Wills,Hank_Wills3584@ubusive.com,1855-10-08 10:34:49,38,3412
Miriam Cartwright,Miriam_Cartwright1950@mafthy.com,1863-06-30 20:11:52,63,3413
Bryce Simpson,Bryce_Simpson2579@corti.com,1926-07-18 15:27:05,82,3414
Lucas Stone,Lucas_Stone549@jiman.org,1973-06-24 15:20:56,41,3415
Rachael King,Rachael_King4756@typill.biz,2005-08-24 12:09:27,27,3416
Bart Coleman,Bart_Coleman3911@bretoux.com,1920-01-09 14:10:50,82,3417
Julia Owen,Julia_Owen462@irrepsy.com,1855-02-07 19:50:54,85,3418
Bob Nayler,Bob_Nayler6069@supunk.biz,1913-03-31 15:04:26,64,3419
Rufus Roberts,Rufus_Roberts9826@qater.org,1969-08-14 07:21:43,81,3420
Nick Vaughan,Nick_Vaughan1696@sheye.org,1854-08-22 14:04:00,69,3421
Olivia Snow,Olivia_Snow6440@grannar.com,1901-09-08 18:28:00,87,3422
Keira Reese,Keira_Reese2927@hourpy.biz,1823-07-31 00:30:11,76,3423
Rufus Farrow,Rufus_Farrow1559@nimogy.biz,1839-01-16 01:04:49,35,3424
Logan Cox,Logan_Cox8225@cispeto.com,1871-09-01 06:20:25,53,3425
Rocco Cox,Rocco_Cox8852@bungar.biz,1930-09-27 16:11:20,79,3426
Carl Thomas,Carl_Thomas2998@sheye.org,1931-08-03 13:04:55,55,3427
Jules Matthews,Jules_Matthews7975@yahoo.com,1870-07-05 11:53:46,64,3428
Phillip Price,Phillip_Price7638@sheye.org,1828-08-01 03:13:13,30,3429
Holly Eddison,Holly_Eddison950@famism.biz,1961-09-18 16:44:03,96,3430
Valerie Robinson,Valerie_Robinson9781@deons.tech,1862-02-20 04:32:50,74,3431
Rosa Gordon,Rosa_Gordon7776@fuliss.net,1921-01-17 00:06:31,77,3432
Paige Egerton,Paige_Egerton7966@sveldo.biz,1921-06-10 00:32:44,44,3433
Joseph Hobson,Joseph_Hobson8255@bulaffy.com,1928-12-04 05:06:40,64,3434
Rae Rycroft,Rae_Rycroft5355@sveldo.biz,1925-03-15 10:55:05,62,3435
Harry Snow,Harry_Snow3316@grannar.com,1877-08-11 07:35:51,65,3436
Vivian Kidd,Vivian_Kidd5430@atink.com,1876-01-08 22:34:51,55,3437
Eduardo Mcleod,Eduardo_Mcleod9632@zorer.org,1985-04-10 00:18:40,65,3438
Gil Dillon,Gil_Dillon2035@muall.tech,2009-11-28 12:30:16,69,3439
Selena Bullock,Selena_Bullock1080@gmail.com,1864-12-26 17:48:23,86,3440
Denis Rivers,Denis_Rivers6266@twipet.com,1965-08-16 03:15:27,77,3441
Gabriel Ward,Gabriel_Ward3002@cispeto.com,1847-11-20 04:35:52,33,3442
Russel Ellis,Russel_Ellis2431@jiman.org,1940-11-07 16:18:35,70,3443
Hank Dixon,Hank_Dixon8523@yahoo.com,1864-11-14 22:48:53,93,3444
Brad Mccall,Brad_Mccall5597@acrit.org,1853-08-17 16:54:35,36,3445
Javier Archer,Javier_Archer1986@deons.tech,1837-05-19 12:49:21,74,3446
Paula Paterson,Paula_Paterson8214@nickia.com,1840-06-16 02:04:15,41,3447
Erin Mooney,Erin_Mooney9638@joiniaa.com,1917-07-13 09:44:53,26,3448
Hayden Clifton,Hayden_Clifton3722@mafthy.com,1996-05-14 05:42:45,95,3449
Marvin Rixon,Marvin_Rixon2122@bulaffy.com,2007-11-27 13:13:52,37,3450
Phillip Lewin,Phillip_Lewin3170@dionrab.com,1959-08-29 10:57:46,67,3451
Bryce Wilson,Bryce_Wilson2583@typill.biz,1864-11-01 02:17:13,82,3452
Eryn Bolton,Eryn_Bolton3204@mafthy.com,1822-01-24 20:28:02,56,3453
Ethan Wild,Ethan_Wild6573@famism.biz,1865-04-19 03:23:17,92,3454
Katelyn Stubbs,Katelyn_Stubbs1696@jiman.org,2000-02-04 04:12:23,74,3455
Joyce Jacobs,Joyce_Jacobs955@supunk.biz,1956-07-18 08:19:42,23,3456
Priscilla Foxley,Priscilla_Foxley3104@deavo.com,1921-12-09 21:16:12,66,3457
Julian Roberts,Julian_Roberts3194@supunk.biz,1935-03-13 10:07:03,75,3458
Marla Drake,Marla_Drake3567@nickia.com,1937-12-07 03:45:15,47,3459
Drew Phillips,Drew_Phillips2362@deons.tech,1906-07-14 08:37:27,80,3460
Jolene Mitchell,Jolene_Mitchell8042@vetan.org,1838-10-29 07:40:42,84,3461
Barry Palmer,Barry_Palmer180@jiman.org,1851-05-28 20:33:38,27,3462
Chester Jacobs,Chester_Jacobs8581@deavo.com,1878-12-13 00:44:13,95,3463
Norah Bristow,Norah_Bristow2926@brety.org,1993-10-25 15:16:44,64,3464
Peter Verdon,Peter_Verdon4509@sveldo.biz,1951-01-20 11:39:57,94,3465
Kurt Mcgee,Kurt_Mcgee3386@joiniaa.com,1983-06-01 21:08:05,43,3466
Jazmin Thomas,Jazmin_Thomas7639@vetan.org,1906-04-17 12:58:17,50,3467
Oliver Kidd,Oliver_Kidd784@qater.org,1995-08-13 02:33:43,23,3468
Melody Whinter,Melody_Whinter3072@joiniaa.com,1904-07-02 19:19:51,92,3469
Bob Watson,Bob_Watson4430@cispeto.com,1966-10-07 00:17:50,74,3470
Caleb Ashley,Caleb_Ashley5720@kideod.biz,2008-08-18 22:53:29,62,3471
Denny Gibson,Denny_Gibson194@womeona.net,1957-08-12 17:08:20,32,3472
Sharon Farrow,Sharon_Farrow3793@kideod.biz,2010-12-26 09:21:33,26,3473
Harvey Hunter,Harvey_Hunter492@ovock.tech,1872-01-21 22:12:50,56,3474
Jade Booth,Jade_Booth3411@gembat.biz,1938-03-02 03:10:53,85,3475
Candace Morris,Candace_Morris6699@deons.tech,1998-11-20 09:58:07,58,3476
Rick Morley,Rick_Morley3883@nickia.com,1998-07-31 14:20:03,40,3477
Adeline Emmott,Adeline_Emmott8884@bauros.biz,1954-10-13 08:45:10,88,3478
Jocelyn Yang,Jocelyn_Yang7359@twace.org,2019-05-02 20:02:56,23,3479
Kieth Flack,Kieth_Flack3741@bungar.biz,1983-10-16 13:26:39,43,3480
Mike Rodwell,Mike_Rodwell6401@twace.org,1905-06-22 13:02:54,52,3481
Margaret Mitchell,Margaret_Mitchell2590@nickia.com,1885-11-18 03:35:14,73,3482
Oliver Chappell,Oliver_Chappell9921@elnee.tech,1959-04-02 10:53:56,94,3483
Carter Wright,Carter_Wright8644@bungar.biz,1826-09-05 02:48:35,76,3484
Felicity Rogan,Felicity_Rogan5402@grannar.com,1862-07-14 04:49:41,66,3485
Thea Martin,Thea_Martin9827@bretoux.com,1886-12-19 09:07:12,54,3486
Ivy Rivers,Ivy_Rivers9969@ubusive.com,1937-05-23 12:56:19,70,3487
Sarah Chester,Sarah_Chester5367@jiman.org,1853-02-22 11:50:25,35,3488
Rose Craig,Rose_Craig3670@jiman.org,1839-08-03 16:07:32,66,3489
Davina Evans,Davina_Evans1580@brety.org,1968-04-17 17:06:12,97,3490
Alexa Owen,Alexa_Owen611@gmail.com,1881-01-18 22:39:42,29,3491
Michael Rixon,Michael_Rixon41@bungar.biz,1892-03-02 10:42:42,37,3492
Phoebe Gibson,Phoebe_Gibson7486@fuliss.net,1875-05-24 17:49:47,61,3493
Jacob Wright,Jacob_Wright4720@womeona.net,1879-02-05 02:08:00,97,3494
Alba Goodman,Alba_Goodman4148@bauros.biz,1837-11-18 06:35:13,49,3495
Regina Wilton,Regina_Wilton9645@sveldo.biz,1874-08-08 18:44:03,25,3496
Elena Wild,Elena_Wild1828@bauros.biz,1913-09-21 20:12:27,69,3497
Nicholas Knight,Nicholas_Knight7502@twace.org,1976-11-04 22:57:00,93,3498
Chester Hunter,Chester_Hunter4180@eirey.tech,1891-01-10 22:40:21,39,3499
Chadwick Drake,Chadwick_Drake9188@elnee.tech,2014-10-07 04:13:39,41,3500
Bart Rodwell,Bart_Rodwell6000@twace.org,2011-11-02 07:38:49,45,3501
Felicity Bowen,Felicity_Bowen1362@deons.tech,1898-10-15 12:26:54,49,3502
Wade Gibbons,Wade_Gibbons2076@nanoff.biz,1995-01-02 05:46:19,30,3503
Mavis Thorpe,Mavis_Thorpe7188@brety.org,2011-09-01 00:00:16,42,3504
Ada Lambert,Ada_Lambert251@extex.org,1945-07-04 14:56:49,20,3505
Abdul Rothwell,Abdul_Rothwell2860@naiker.biz,2013-01-12 04:54:25,39,3506
Scarlett Hope,Scarlett_Hope6800@bauros.biz,1921-03-20 12:01:23,28,3507
Evie Mcnally,Evie_Mcnally6290@gmail.com,1851-11-18 08:49:12,62,3508
Alessandra Shea,Alessandra_Shea3005@deavo.com,1982-11-11 10:01:54,81,3509
Carl Saunders,Carl_Saunders139@gompie.com,1912-02-23 00:09:15,57,3510
Maribel Hopkins,Maribel_Hopkins7139@nickia.com,2006-03-15 13:39:53,70,3511
Denny Bayliss,Denny_Bayliss8975@fuliss.net,1912-09-22 13:00:57,95,3512
Erica Corbett,Erica_Corbett6320@acrit.org,1867-07-04 21:08:03,93,3513
Barry Purvis,Barry_Purvis7333@kideod.biz,1953-03-05 16:13:37,82,3514
Eve Farrow,Eve_Farrow2911@tonsy.org,1904-01-13 09:40:00,26,3515
Angela Larsen,Angela_Larsen3218@kideod.biz,1936-06-13 11:54:21,53,3516
Chad Cadman,Chad_Cadman9923@corti.com,1894-07-08 17:56:26,46,3517
Chadwick Villiger,Chadwick_Villiger1849@brety.org,1867-10-25 09:47:26,94,3518
Jessica Murphy,Jessica_Murphy9570@dionrab.com,1849-02-04 00:14:16,89,3519
Drew Thomas,Drew_Thomas1902@naiker.biz,1974-07-31 04:07:47,84,3520
Sadie Plant,Sadie_Plant6534@gmail.com,1918-04-05 14:00:34,35,3521
Ron Reading,Ron_Reading4210@iatim.tech,1966-04-02 06:38:54,46,3522
Jacqueline Groves,Jacqueline_Groves5839@nanoff.biz,2010-04-20 11:11:23,96,3523
John Baker,John_Baker6316@bretoux.com,1890-11-04 00:29:35,64,3524
Marie Lewin,Marie_Lewin702@nimogy.biz,1921-03-31 07:26:33,23,3525
Meredith Cunningham,Meredith_Cunningham4489@irrepsy.com,1841-03-25 17:37:28,51,3526
Luke Gardner,Luke_Gardner6331@nanoff.biz,2001-02-09 15:49:07,40,3527
Eve Mccall,Eve_Mccall3586@typill.biz,1889-04-02 20:35:53,72,3528
William Noon,William_Noon3276@corti.com,1922-08-19 02:33:09,34,3529
Tania Baker,Tania_Baker1863@gompie.com,1844-08-01 08:01:53,82,3530
Peter Russel,Peter_Russel2917@gmail.com,1956-02-02 11:49:37,27,3531
Javier Dixon,Javier_Dixon8166@naiker.biz,2014-01-10 17:17:08,71,3532
Maddison Trent,Maddison_Trent9247@deavo.com,1881-12-20 18:51:46,75,3533
Juliet Vallory,Juliet_Vallory1175@hourpy.biz,1850-06-23 16:20:56,83,3534
Leroy Morris,Leroy_Morris501@infotech44.tech,1901-01-19 14:11:23,67,3535
Barney Jones,Barney_Jones2516@infotech44.tech,1970-07-28 18:24:34,22,3536
Rose Quinton,Rose_Quinton9371@nanoff.biz,1894-10-25 10:37:58,69,3537
Marissa Henderson,Marissa_Henderson3463@iatim.tech,1931-10-15 03:36:56,42,3538
Logan Ellison,Logan_Ellison1830@acrit.org,1992-03-22 22:26:08,23,3539
Jayden Osman,Jayden_Osman9005@bulaffy.com,1903-06-07 04:58:52,66,3540
Kate Bennett,Kate_Bennett7723@ubusive.com,2001-06-13 17:31:36,51,3541
Hank Thomas,Hank_Thomas2940@supunk.biz,1881-10-31 03:50:34,42,3542
Matt Connell,Matt_Connell9247@twipet.com,2017-08-18 15:25:25,35,3543
Javier Collingwood,Javier_Collingwood3585@acrit.org,1949-12-27 08:40:50,54,3544
Julianna Gordon,Julianna_Gordon7411@corti.com,1853-08-09 19:26:29,67,3545
Denny Fulton,Denny_Fulton5835@gembat.biz,2005-10-27 12:16:28,46,3546
Noemi Kirby,Noemi_Kirby4171@dionrab.com,1905-02-09 10:05:55,79,3547
Russel Benson,Russel_Benson1362@gembat.biz,2006-11-20 04:43:26,27,3548
Peyton Uddin,Peyton_Uddin8336@ovock.tech,2018-06-06 17:09:08,53,3549
David Pitt,David_Pitt5049@liret.org,1972-04-26 08:24:39,22,3550
Boris Kent,Boris_Kent7575@nimogy.biz,1982-01-18 07:16:22,40,3551
Erick Waterhouse,Erick_Waterhouse3673@tonsy.org,2018-02-15 09:15:27,24,3552
Mark Emmett,Mark_Emmett5038@iatim.tech,1983-01-09 05:29:53,54,3553
Enoch Russell,Enoch_Russell3862@supunk.biz,1904-11-28 16:09:09,29,3554
Peter Lucas,Peter_Lucas8753@nimogy.biz,1881-04-07 06:49:18,37,3555
Cecilia Wilson,Cecilia_Wilson5979@supunk.biz,1906-10-17 18:01:06,89,3556
Melanie Mcgregor,Melanie_Mcgregor9233@deavo.com,2013-08-19 17:26:57,80,3557
Lexi Corbett,Lexi_Corbett3374@elnee.tech,1858-04-22 11:04:48,45,3558
Lillian Cunningham,Lillian_Cunningham6663@deons.tech,1910-11-23 19:27:58,97,3559
Kamila Bell,Kamila_Bell2847@gompie.com,1982-04-23 02:50:09,77,3560
Rocco Ulyatt,Rocco_Ulyatt5474@infotech44.tech,1842-07-22 00:35:09,34,3561
Fred Watson,Fred_Watson7835@ubusive.com,1848-09-03 14:41:48,39,3562
John Brown,John_Brown51@twace.org,1937-11-28 04:48:44,68,3563
Esmeralda Cartwright,Esmeralda_Cartwright910@sheye.org,1962-03-27 12:37:41,99,3564
Sebastian Smith,Sebastian_Smith7984@famism.biz,2004-02-05 11:15:56,53,3565
Lucas London,Lucas_London9065@mafthy.com,1876-08-30 08:50:24,48,3566
Maxwell Hooper,Maxwell_Hooper5489@twace.org,1873-07-16 18:06:00,68,3567
Liv Vallins,Liv_Vallins8357@typill.biz,1997-07-10 22:38:56,35,3568
Emma Reid,Emma_Reid3190@kideod.biz,1954-03-28 14:58:29,58,3569
Georgia Plant,Georgia_Plant3317@dionrab.com,1870-10-12 09:43:39,81,3570
Jacob Oldfield,Jacob_Oldfield3333@qater.org,1851-10-15 09:11:05,76,3571
Jenna Vincent,Jenna_Vincent2013@jiman.org,2019-07-19 07:30:05,55,3572
Harvey Gosling,Harvey_Gosling5178@twipet.com,2002-06-22 17:39:45,64,3573
Sebastian Asher,Sebastian_Asher1821@sveldo.biz,1964-08-07 15:31:28,42,3574
Hazel Holmes,Hazel_Holmes7826@tonsy.org,1940-10-06 17:01:03,23,3575
Liam Funnell,Liam_Funnell2263@twace.org,1879-08-06 17:43:02,94,3576
Angelina Shields,Angelina_Shields5282@liret.org,1831-07-05 17:42:05,63,3577
Kurt Brett,Kurt_Brett7901@tonsy.org,1863-05-06 20:49:18,74,3578
Joseph Neal,Joseph_Neal6950@iatim.tech,1942-02-06 13:44:02,84,3579
Eduardo Whitehouse,Eduardo_Whitehouse5414@bungar.biz,1922-03-09 22:22:32,29,3580
Gil Wooldridge,Gil_Wooldridge5023@bauros.biz,1845-11-08 19:50:01,93,3581
Emma Simmons,Emma_Simmons3529@typill.biz,1946-01-11 03:43:52,68,3582
Ronald Burnley,Ronald_Burnley2848@mafthy.com,1899-10-10 07:29:51,74,3583
Amelia Skinner,Amelia_Skinner1804@qater.org,1833-07-31 18:06:56,59,3584
Sara Vane,Sara_Vane1241@joiniaa.com,1827-10-17 11:07:43,42,3585
Brad Vaughan,Brad_Vaughan9404@nickia.com,1988-01-20 08:38:53,46,3586
Anais Mitchell,Anais_Mitchell3454@deavo.com,1993-12-11 14:13:30,78,3587
William Healy,William_Healy3779@hourpy.biz,1969-12-15 06:32:51,63,3588
Ethan Whitmore,Ethan_Whitmore5754@bretoux.com,2010-04-15 00:19:30,18,3589
Gwen Norman,Gwen_Norman6013@nimogy.biz,1911-01-28 16:21:24,63,3590
Katelyn Fleming,Katelyn_Fleming9964@corti.com,1887-08-24 11:06:06,93,3591
Alexander Lucas,Alexander_Lucas3537@irrepsy.com,1949-04-27 12:24:01,80,3592
Janice Garcia,Janice_Garcia5059@dionrab.com,1947-03-01 19:10:40,49,3593
Carter Ross,Carter_Ross3163@nanoff.biz,1941-08-08 12:45:05,98,3594
Carter Graves,Carter_Graves5853@kideod.biz,1988-05-23 09:49:08,21,3595
Dani Tobin,Dani_Tobin6610@deavo.com,1836-06-20 12:07:55,87,3596
Adalind Shields,Adalind_Shields7164@bulaffy.com,1944-11-03 16:27:11,88,3597
Remy Hill,Remy_Hill488@twipet.com,2002-07-30 01:08:02,36,3598
Aileen Watson,Aileen_Watson6360@corti.com,1963-04-08 13:27:35,25,3599
Mona Coll,Mona_Coll2383@corti.com,1853-08-20 11:30:40,86,3600
Jolene Weston,Jolene_Weston2771@ovock.tech,1843-07-30 22:17:21,84,3601
Lucas Duvall,Lucas_Duvall7130@vetan.org,1921-05-29 05:46:13,33,3602
Alan Reid,Alan_Reid1027@typill.biz,1953-08-05 21:05:33,28,3603
Diane aoui,Diane_aoui2099@deons.tech,1881-12-30 07:45:40,48,3604
Stacy Campbell,Stacy_Campbell7927@dionrab.com,1950-01-20 08:07:36,98,3605
Carina Squire,Carina_Squire4948@naiker.biz,2000-06-04 01:32:27,41,3606
Hannah Eddison,Hannah_Eddison2473@supunk.biz,1910-06-04 21:50:36,42,3607
Chris Terry,Chris_Terry8577@kideod.biz,1970-06-16 03:04:01,30,3608
Harvey Edmonds,Harvey_Edmonds5919@gembat.biz,1962-10-17 06:56:24,33,3609
Mike Smith,Mike_Smith3962@tonsy.org,1990-09-25 13:50:23,69,3610
Shannon Ingham,Shannon_Ingham3215@typill.biz,1905-06-04 13:25:02,21,3611
Kieth Eaton,Kieth_Eaton3192@infotech44.tech,1890-12-10 09:07:02,73,3612
Ramon Brown,Ramon_Brown4385@dionrab.com,1895-12-12 04:41:38,67,3613
Jayden Lane,Jayden_Lane3937@kideod.biz,1983-01-08 07:08:46,82,3614
Susan Foxley,Susan_Foxley3665@elnee.tech,1869-05-25 05:57:24,87,3615
Ivette Allwood,Ivette_Allwood7237@kideod.biz,1963-05-09 01:03:15,53,3616
Hannah Larkin,Hannah_Larkin4448@zorer.org,1917-05-10 07:07:50,31,3617
Katelyn Janes,Katelyn_Janes2474@gompie.com,1890-04-15 01:04:01,85,3618
Jocelyn Clarke,Jocelyn_Clarke8113@nanoff.biz,1970-10-04 10:55:55,78,3619
Leroy Needham,Leroy_Needham3486@grannar.com,1866-11-15 01:28:29,94,3620
Britney Drummond,Britney_Drummond2522@typill.biz,1851-06-20 01:33:09,25,3621
Cassandra Quinton,Cassandra_Quinton4393@bretoux.com,1823-11-28 13:56:16,27,3622
Nathan Mason,Nathan_Mason1232@supunk.biz,1975-03-06 08:00:40,45,3623
Logan Norton,Logan_Norton808@bulaffy.com,2019-06-15 02:02:58,19,3624
Cedrick Healy,Cedrick_Healy8520@deons.tech,1981-03-24 04:26:02,61,3625
Barney Martin,Barney_Martin3947@bulaffy.com,1927-09-12 21:58:50,21,3626
Henry Thomas,Henry_Thomas8314@typill.biz,1832-08-27 08:56:31,44,3627
Angelica Horton,Angelica_Horton2648@kideod.biz,1846-03-26 13:19:01,66,3628
Melania Exton,Melania_Exton1574@nimogy.biz,1858-04-01 08:10:09,47,3629
Livia Nicholls,Livia_Nicholls9572@eirey.tech,1938-06-09 00:56:02,20,3630
Daria Holmes,Daria_Holmes7160@iatim.tech,1839-05-20 03:55:56,82,3631
Cameron Wilkinson,Cameron_Wilkinson2597@corti.com,1984-09-29 02:42:08,68,3632
Crystal Rigg,Crystal_Rigg1748@jiman.org,1979-10-29 08:00:01,87,3633
Catherine Nanton,Catherine_Nanton38@nanoff.biz,1881-06-20 00:14:31,66,3634
Julianna Snow,Julianna_Snow3802@elnee.tech,1911-10-06 03:54:28,52,3635
Sloane Clarke,Sloane_Clarke4258@acrit.org,1863-12-06 10:43:26,85,3636
Sage Camden,Sage_Camden1046@nickia.com,1878-12-17 07:56:05,32,3637
Hayden Driscoll,Hayden_Driscoll5517@gompie.com,1863-01-23 22:24:44,83,3638
Mona Leigh,Mona_Leigh5920@gmail.com,1984-01-09 19:51:38,96,3639
Daron Wise,Daron_Wise7081@qater.org,2005-12-04 12:07:41,28,3640
Elijah Dempsey,Elijah_Dempsey2990@iatim.tech,1943-12-17 02:15:50,29,3641
William Willis,William_Willis6528@tonsy.org,1881-03-02 13:19:43,88,3642
Hope Holt,Hope_Holt1275@ubusive.com,1917-02-15 01:28:40,70,3643
Ema Knight,Ema_Knight6165@muall.tech,1906-01-23 13:13:56,79,3644
Logan Chester,Logan_Chester4999@deavo.com,1982-04-02 07:08:30,63,3645
Rebecca Evans,Rebecca_Evans8544@nickia.com,1960-03-13 20:42:57,30,3646
Goldie Mcneill,Goldie_Mcneill2260@irrepsy.com,1899-08-30 07:21:58,80,3647
Tara Judd,Tara_Judd9786@atink.com,1995-02-14 10:47:24,60,3648
Carter Ward,Carter_Ward1412@bretoux.com,1911-05-01 10:50:55,96,3649
Liam Newton,Liam_Newton7969@gembat.biz,1835-06-11 00:45:01,43,3650
Louise Jordan,Louise_Jordan7578@hourpy.biz,2014-05-18 19:24:41,83,3651
Charlotte Bolton,Charlotte_Bolton4534@extex.org,1946-06-18 15:24:54,19,3652
Camellia Shields,Camellia_Shields365@liret.org,1989-04-01 02:33:45,23,3653
Carmella Lucas,Carmella_Lucas988@famism.biz,1863-01-17 17:11:17,45,3654
Bart Armstrong,Bart_Armstrong1350@deavo.com,1906-09-17 13:47:47,64,3655
Harry Cavanagh,Harry_Cavanagh82@gmail.com,2020-04-13 12:06:30,99,3656
John Chapman,John_Chapman6379@ovock.tech,1937-12-14 07:11:24,81,3657
Audrey Dwyer,Audrey_Dwyer5882@joiniaa.com,1999-05-27 07:17:19,83,3658
Darlene Forester,Darlene_Forester2065@nickia.com,1871-04-14 18:45:42,21,3659
Mason Barclay,Mason_Barclay3106@irrepsy.com,1887-08-08 09:29:10,27,3660
Melody Ashwell,Melody_Ashwell285@deavo.com,2005-11-05 11:15:35,57,3661
Alan Hall,Alan_Hall7204@deavo.com,1935-06-24 11:25:57,75,3662
Luna Emerson,Luna_Emerson3716@deons.tech,1858-07-31 18:47:07,24,3663
Rocco Terry,Rocco_Terry2169@nimogy.biz,2001-06-15 20:43:28,78,3664
Angelica Dickson,Angelica_Dickson2400@gmail.com,1912-04-12 20:56:34,90,3665
Elle Andersson,Elle_Andersson4888@acrit.org,1935-02-15 20:01:55,61,3666
Carol Rainford,Carol_Rainford5235@extex.org,1988-06-02 02:33:02,84,3667
Emerald Strong,Emerald_Strong2258@bungar.biz,1866-02-07 08:14:58,69,3668
Alexander Mullins,Alexander_Mullins2332@eirey.tech,1921-08-12 06:36:51,27,3669
Isabella Clark,Isabella_Clark9656@vetan.org,1839-06-05 09:38:14,61,3670
Anais Santos,Anais_Santos7767@gembat.biz,1833-09-15 00:18:33,27,3671
Owen Hastings,Owen_Hastings3120@liret.org,1878-07-12 10:53:16,58,3672
Michelle Phillips,Michelle_Phillips9214@naiker.biz,1980-10-31 22:57:36,85,3673
Fred Vallins,Fred_Vallins4617@twipet.com,2016-04-30 21:25:01,32,3674
Chuck Mccall,Chuck_Mccall7634@bulaffy.com,1894-05-19 19:28:43,44,3675
Shannon Shepherd,Shannon_Shepherd7542@extex.org,1987-06-06 14:00:57,51,3676
Gil Mooney,Gil_Mooney7357@twipet.com,1917-08-30 14:33:01,37,3677
Lynn Mould,Lynn_Mould1047@yahoo.com,1936-01-15 10:54:00,53,3678
Ruby Brooks,Ruby_Brooks2926@tonsy.org,1886-11-05 08:14:28,55,3679
Lindsay Allcott,Lindsay_Allcott6096@dionrab.com,1899-05-11 06:18:28,52,3680
Parker Edmonds,Parker_Edmonds5049@ovock.tech,1942-05-24 13:15:42,51,3681
Fred Powell,Fred_Powell5528@kideod.biz,1944-07-28 19:23:31,96,3682
Phoebe Spencer,Phoebe_Spencer5649@bulaffy.com,1911-08-28 12:16:01,69,3683
Carl Parsons,Carl_Parsons5917@deavo.com,1954-08-01 00:42:20,66,3684
Roger Rogers,Roger_Rogers756@dionrab.com,1944-10-04 21:53:09,55,3685
Candace Hall,Candace_Hall5214@twipet.com,1882-05-06 04:53:35,58,3686
Johnny Graves,Johnny_Graves980@sveldo.biz,1872-03-03 06:23:49,82,3687
Carl Hewitt,Carl_Hewitt9546@liret.org,1831-03-03 20:00:29,40,3688
Phillip Campbell,Phillip_Campbell5736@dionrab.com,1907-03-09 08:54:18,50,3689
Cecilia Harrington,Cecilia_Harrington8523@grannar.com,1901-07-12 19:24:57,84,3690
Bob Russell,Bob_Russell3673@qater.org,1906-09-21 18:48:17,36,3691
Laila York,Laila_York3252@infotech44.tech,1897-05-24 04:39:01,72,3692
Nate Glynn,Nate_Glynn4460@bretoux.com,1919-05-06 00:12:24,85,3693
Chris Murray,Chris_Murray6869@bungar.biz,2018-12-31 13:44:42,71,3694
Caleb Townend,Caleb_Townend774@extex.org,1877-06-27 16:46:52,30,3695
Hank Wilton,Hank_Wilton3070@bulaffy.com,1820-06-18 10:36:03,46,3696
Harry Andrews,Harry_Andrews4750@yahoo.com,2007-01-30 03:42:23,97,3697
Jack Wilson,Jack_Wilson3724@famism.biz,1896-11-29 16:00:27,20,3698
Barry Jackson,Barry_Jackson2581@vetan.org,1824-09-06 01:42:46,94,3699
Ramon Vallory,Ramon_Vallory3729@gembat.biz,1826-05-15 02:09:03,22,3700
Wendy Gibson,Wendy_Gibson9151@gmail.com,1974-12-02 05:01:15,60,3701
Marissa Hepburn,Marissa_Hepburn278@gompie.com,1864-02-01 06:08:50,18,3702
Tyson Wooldridge,Tyson_Wooldridge4657@elnee.tech,1980-10-15 16:33:09,18,3703
Benny Wilkinson,Benny_Wilkinson4102@guentu.biz,1979-07-16 18:24:52,86,3704
Moira Farrell,Moira_Farrell2679@muall.tech,1842-09-21 19:39:47,99,3705
Stella Squire,Stella_Squire509@gembat.biz,1962-05-09 01:54:28,64,3706
Julius Kerr,Julius_Kerr2563@eirey.tech,1962-12-28 11:43:07,81,3707
Hayden Dunbar,Hayden_Dunbar256@liret.org,1977-12-20 22:39:48,43,3708
Alison Oakley,Alison_Oakley1543@eirey.tech,1880-09-29 06:53:12,33,3709
Kirsten Camden,Kirsten_Camden3205@naiker.biz,1838-01-17 04:12:00,94,3710
Gloria Ryan,Gloria_Ryan356@mafthy.com,1997-10-15 16:15:48,51,3711
Domenic Rogan,Domenic_Rogan1766@mafthy.com,2017-07-17 21:42:00,95,3712
Keira Butler,Keira_Butler9497@yahoo.com,1925-03-04 21:55:13,29,3713
Cristal Turner,Cristal_Turner8793@nimogy.biz,1997-02-05 11:42:33,48,3714
Matt Anderson,Matt_Anderson7932@elnee.tech,1888-05-20 17:43:42,84,3715
Peter Goldsmith,Peter_Goldsmith657@cispeto.com,1832-09-03 12:34:00,23,3716
Beatrice Murray,Beatrice_Murray6799@typill.biz,2018-11-05 17:13:29,76,3717
Rihanna Saunders,Rihanna_Saunders6321@acrit.org,1904-09-11 11:43:30,74,3718
Dorothy Ianson,Dorothy_Ianson4155@extex.org,1844-05-11 12:34:22,68,3719
Lindsay Heaton,Lindsay_Heaton4891@elnee.tech,1988-12-07 22:23:57,54,3720
Maya Little,Maya_Little106@ubusive.com,2011-05-01 07:33:42,24,3721
Sienna Rivers,Sienna_Rivers3060@bretoux.com,1965-06-07 12:36:41,75,3722
Javier Norris,Javier_Norris8775@supunk.biz,1931-06-06 11:39:11,59,3723
Roger Bell,Roger_Bell703@sveldo.biz,1865-12-11 22:12:04,20,3724
Elle Radcliffe,Elle_Radcliffe2980@famism.biz,1924-07-22 19:24:10,76,3725
Denny Haines,Denny_Haines2764@fuliss.net,1905-03-12 15:21:37,82,3726
Phillip Gavin,Phillip_Gavin2092@iatim.tech,1918-11-18 00:00:11,24,3727
Dalia Ryan,Dalia_Ryan6731@guentu.biz,1912-12-16 06:33:49,88,3728
Alba Vaughan,Alba_Vaughan4918@gembat.biz,1837-10-13 08:28:03,73,3729
Trisha Bailey,Trisha_Bailey2940@grannar.com,1849-02-14 13:38:39,63,3730
Rosa Jenkins,Rosa_Jenkins912@ovock.tech,2015-02-23 18:01:22,62,3731
Percy Summers,Percy_Summers7670@dionrab.com,1900-04-02 03:52:00,63,3732
Scarlett Dobson,Scarlett_Dobson5224@womeona.net,1851-11-25 17:14:06,80,3733
Catherine Oatway,Catherine_Oatway2812@supunk.biz,1997-06-01 19:23:32,36,3734
Callie Blythe,Callie_Blythe5279@grannar.com,1909-03-14 01:47:13,30,3735
Sara Wellington,Sara_Wellington1127@elnee.tech,2005-05-19 20:40:33,82,3736
Benny Daniells,Benny_Daniells6202@nimogy.biz,1915-11-15 04:14:22,32,3737
Abdul Morley,Abdul_Morley7767@jiman.org,1974-11-06 10:24:56,25,3738
Eduardo Wade,Eduardo_Wade9592@sheye.org,1847-03-24 22:46:49,55,3739
Abbey Booth,Abbey_Booth7506@fuliss.net,1962-04-26 09:29:49,24,3740
Logan Richards,Logan_Richards440@vetan.org,1862-10-02 08:51:49,72,3741
Peter Eddison,Peter_Eddison4764@deavo.com,1877-10-26 12:56:49,62,3742
Tyson Woodley,Tyson_Woodley9241@tonsy.org,1895-03-27 21:34:45,64,3743
Tom Fox,Tom_Fox8849@qater.org,1875-02-27 11:57:20,64,3744
Carl Miller,Carl_Miller1815@infotech44.tech,1924-04-16 10:21:02,76,3745
Peter Edley,Peter_Edley2979@mafthy.com,1980-11-13 09:29:50,37,3746
Kurt Uttley,Kurt_Uttley2708@bretoux.com,1928-10-08 20:49:36,53,3747
Benny Irving,Benny_Irving2762@naiker.biz,1892-09-04 11:13:56,72,3748
Destiny Oswald,Destiny_Oswald529@supunk.biz,1994-11-22 06:15:16,22,3749
Ronald Alldridge,Ronald_Alldridge1022@twipet.com,2011-01-03 00:39:50,53,3750
Cameron Kennedy,Cameron_Kennedy6201@bungar.biz,1941-10-26 19:22:29,37,3751
Hank Hopkins,Hank_Hopkins1898@bretoux.com,1962-12-02 05:02:51,54,3752
Martin James,Martin_James5687@gompie.com,1976-03-24 10:30:58,87,3753
Erick Avery,Erick_Avery5210@famism.biz,1886-04-25 19:54:06,82,3754
Lindsay Whitmore,Lindsay_Whitmore516@brety.org,1956-06-11 10:55:46,64,3755
Eileen May,Eileen_May4147@tonsy.org,2014-08-09 01:10:03,31,3756
Nate Penn,Nate_Penn6539@guentu.biz,1924-08-14 18:01:07,98,3757
Bryon Walker,Bryon_Walker832@elnee.tech,1886-08-26 20:29:49,90,3758
Vera Bailey,Vera_Bailey4203@atink.com,1895-01-08 22:55:20,25,3759
Evelynn Wild,Evelynn_Wild9555@iatim.tech,1953-06-04 12:06:09,35,3760
Lillian Gallacher,Lillian_Gallacher8122@nimogy.biz,1892-03-24 00:42:57,87,3761
Michael Henderson,Michael_Henderson1726@hourpy.biz,1952-05-23 14:56:29,60,3762
Liam Knight,Liam_Knight472@deavo.com,1864-10-26 10:57:27,81,3763
Sydney Vince,Sydney_Vince6301@yahoo.com,2003-12-06 16:53:43,82,3764
Katelyn Exton,Katelyn_Exton4885@extex.org,1966-07-17 07:40:07,96,3765
Keira Hunter,Keira_Hunter6375@nimogy.biz,2017-10-04 16:44:06,56,3766
Tyler Newton,Tyler_Newton2125@famism.biz,1889-12-07 04:41:08,92,3767
Mya Tennant,Mya_Tennant7147@tonsy.org,1869-11-13 20:12:03,97,3768
Samara Hobson,Samara_Hobson4972@brety.org,1865-08-12 03:41:55,21,3769
Nancy Veale,Nancy_Veale2636@bulaffy.com,1877-01-12 00:44:25,70,3770
Benjamin Khan,Benjamin_Khan2191@fuliss.net,1882-06-28 07:52:26,53,3771
Clint Shields,Clint_Shields1422@gompie.com,1840-10-14 04:45:28,85,3772
Rufus Stone,Rufus_Stone1105@deavo.com,2019-07-27 21:57:47,91,3773
Cherish Potter,Cherish_Potter4259@kideod.biz,1873-07-23 05:37:28,52,3774
Sebastian Reynolds,Sebastian_Reynolds5071@ovock.tech,1956-10-18 06:38:40,83,3775
Daria Walsh,Daria_Walsh6075@elnee.tech,1825-02-16 20:25:29,19,3776
Melody Spencer,Melody_Spencer5568@gembat.biz,2006-10-07 17:15:41,43,3777
Ryan Skinner,Ryan_Skinner556@ovock.tech,2012-02-13 05:14:09,20,3778
John Morrow,John_Morrow72@hourpy.biz,2016-06-22 20:09:58,52,3779
Sienna King,Sienna_King4707@famism.biz,1923-09-29 03:40:17,19,3780
Liv Downing,Liv_Downing3814@ovock.tech,1921-06-09 22:13:39,56,3781
Danielle Skinner,Danielle_Skinner4764@twipet.com,1840-08-14 02:04:43,36,3782
Christy Vinton,Christy_Vinton2754@bulaffy.com,1830-12-02 10:47:00,52,3783
Gemma Miller,Gemma_Miller1305@deons.tech,1965-09-07 07:52:03,43,3784
Phillip Gordon,Phillip_Gordon5209@muall.tech,1974-11-08 12:38:10,95,3785
Roger Wilkinson,Roger_Wilkinson759@infotech44.tech,1891-05-18 16:40:27,90,3786
Gwenyth Craig,Gwenyth_Craig2436@nickia.com,1863-03-22 15:08:22,63,3787
Camden Baker,Camden_Baker4213@gembat.biz,1901-05-19 01:44:36,29,3788
Erick Scott,Erick_Scott700@extex.org,1963-11-09 13:51:09,78,3789
Catherine Mcleod,Catherine_Mcleod1763@eirey.tech,1988-04-11 10:14:49,53,3790
Nina Wilson,Nina_Wilson6250@nanoff.biz,1866-07-27 01:31:50,64,3791
Ramon Richardson,Ramon_Richardson3262@gmail.com,1871-09-09 12:08:14,96,3792
Gladys Simpson,Gladys_Simpson6447@gompie.com,1846-11-08 17:49:09,49,3793
Alexander Vincent,Alexander_Vincent1913@famism.biz,1847-11-30 12:58:53,80,3794
Gil Bennett,Gil_Bennett6033@irrepsy.com,1821-12-04 13:06:47,18,3795
Emery Harris,Emery_Harris8886@hourpy.biz,1879-06-02 09:36:03,20,3796
Alan Gray,Alan_Gray4771@vetan.org,1907-01-25 01:50:16,36,3797
Michael Farrant,Michael_Farrant4774@bretoux.com,1929-05-31 18:22:10,63,3798
Mason Upton,Mason_Upton1607@deons.tech,1951-03-19 19:00:21,79,3799
Celia Sawyer,Celia_Sawyer8716@bretoux.com,1904-05-08 15:31:00,21,3800
Julian Locke,Julian_Locke5787@twipet.com,1969-10-13 01:31:34,40,3801
Gabriel Todd,Gabriel_Todd4992@corti.com,1981-05-30 04:12:23,95,3802
Gil Palmer,Gil_Palmer5338@corti.com,1981-09-09 14:21:10,90,3803
Mackenzie Lindop,Mackenzie_Lindop1377@iatim.tech,1982-07-17 19:26:51,45,3804
Mark Hobbs,Mark_Hobbs904@eirey.tech,1963-03-07 10:25:22,58,3805
Claire Nobbs,Claire_Nobbs556@elnee.tech,1991-05-27 05:16:05,56,3806
Hanna Stewart,Hanna_Stewart6929@elnee.tech,1871-12-13 14:18:51,73,3807
Joseph Henderson,Joseph_Henderson538@gmail.com,1881-08-30 14:23:17,81,3808
Abbey Simpson,Abbey_Simpson6795@nickia.com,1893-10-17 02:18:41,81,3809
Scarlett Becker,Scarlett_Becker4055@gembat.biz,1994-09-22 21:43:39,98,3810
Javier Robinson,Javier_Robinson6975@womeona.net,1913-09-25 03:05:40,28,3811
Susan Roberts,Susan_Roberts3048@twace.org,2014-02-15 16:39:01,22,3812
Anais Varley,Anais_Varley851@sveldo.biz,1902-09-03 08:54:50,58,3813
Cedrick Baldwin,Cedrick_Baldwin3092@deavo.com,1855-08-28 13:16:08,34,3814
Colleen Sherry,Colleen_Sherry5804@gompie.com,1968-08-21 12:03:15,36,3815
John Oliver,John_Oliver6019@hourpy.biz,1969-04-03 12:28:34,27,3816
Wade Victor,Wade_Victor1969@sheye.org,1884-06-18 02:40:35,96,3817
Isabel Walsh,Isabel_Walsh8201@qater.org,1848-11-15 15:01:30,48,3818
Aisha Greenwood,Aisha_Greenwood6219@acrit.org,1838-02-27 04:08:28,97,3819
Penelope Powell,Penelope_Powell276@twace.org,2018-04-25 17:25:48,37,3820
Liam Stuart,Liam_Stuart3078@qater.org,1960-11-21 17:52:44,74,3821
Meredith Morrison,Meredith_Morrison2240@jiman.org,1971-02-26 13:36:50,73,3822
Carolyn Pitt,Carolyn_Pitt6259@acrit.org,1874-04-16 17:29:41,88,3823
Leroy Pitt,Leroy_Pitt2821@deavo.com,2016-01-31 19:20:45,71,3824
Jayden Richards,Jayden_Richards7925@bulaffy.com,1836-06-08 03:27:44,48,3825
Chester Rogers,Chester_Rogers1399@sveldo.biz,1959-04-13 15:49:56,66,3826
Mackenzie Clifford,Mackenzie_Clifford9005@bretoux.com,1978-09-18 07:40:29,41,3827
Rebecca Tanner,Rebecca_Tanner2010@ubusive.com,1991-02-03 13:24:41,39,3828
Monica Kennedy,Monica_Kennedy3280@elnee.tech,1863-01-03 15:03:10,19,3829
Matt Martin,Matt_Martin1765@nimogy.biz,1839-04-28 01:28:28,28,3830
Russel Horton,Russel_Horton4698@irrepsy.com,1860-12-18 06:22:47,38,3831
Leroy Lyon,Leroy_Lyon7011@kideod.biz,1956-05-19 11:51:27,26,3832
Rosemary Mccormick,Rosemary_Mccormick4830@infotech44.tech,1995-08-08 19:39:30,37,3833
Barney Strong,Barney_Strong5847@cispeto.com,1955-10-28 07:15:50,37,3834
Jayden Brennan,Jayden_Brennan9305@bulaffy.com,1831-03-31 20:40:42,18,3835
Barry Bennett,Barry_Bennett3701@fuliss.net,1917-02-13 21:28:28,67,3836
Benjamin Rose,Benjamin_Rose5677@corti.com,1826-09-20 07:32:11,81,3837
Sebastian Moore,Sebastian_Moore2344@tonsy.org,1986-06-27 00:33:34,93,3838
Marvin Wilkinson,Marvin_Wilkinson4987@muall.tech,1930-07-09 01:33:34,20,3839
Rocco Hall,Rocco_Hall2544@zorer.org,1876-06-22 09:40:26,89,3840
Penny Owen,Penny_Owen9397@muall.tech,1889-05-16 04:46:10,32,3841
Sylvia Simpson,Sylvia_Simpson5645@vetan.org,1864-06-26 15:22:53,94,3842
Raquel Exton,Raquel_Exton1561@famism.biz,1928-04-28 10:45:21,93,3843
Ciara Ellery,Ciara_Ellery7126@tonsy.org,1950-02-16 14:00:50,43,3844
Darlene James,Darlene_James4024@grannar.com,1890-11-13 21:12:38,70,3845
William Evans,William_Evans5166@bulaffy.com,2017-10-05 08:20:52,26,3846
Jack Andrews,Jack_Andrews2587@bauros.biz,1853-03-05 05:11:22,96,3847
Phillip Donnelly,Phillip_Donnelly6057@gompie.com,1952-09-27 08:33:35,75,3848
Sebastian Carter,Sebastian_Carter7304@bretoux.com,1896-09-05 12:35:47,34,3849
Janice Herbert,Janice_Herbert7537@elnee.tech,2003-08-17 20:07:38,49,3850
Matthew Walton,Matthew_Walton6833@dionrab.com,2010-10-18 11:10:55,38,3851
Harriet Selby,Harriet_Selby1880@corti.com,1947-07-09 07:40:56,48,3852
Owen Brown,Owen_Brown1734@nimogy.biz,1871-12-11 12:45:10,72,3853
Alexa Santos,Alexa_Santos2142@mafthy.com,1993-10-16 09:25:38,47,3854
Chadwick Bristow,Chadwick_Bristow5479@gompie.com,1914-06-05 13:55:15,82,3855
Bristol Butler,Bristol_Butler2672@sheye.org,1912-10-05 08:39:58,84,3856
Matthew Collins,Matthew_Collins2731@irrepsy.com,1902-05-09 20:30:34,69,3857
Josh Utterson,Josh_Utterson5956@cispeto.com,1872-11-07 22:49:35,35,3858
Logan Mccormick,Logan_Mccormick3905@dionrab.com,1934-01-27 00:38:26,29,3859
Madison Ellwood,Madison_Ellwood8417@bungar.biz,1843-06-09 08:23:04,31,3860
Bart Jenkin,Bart_Jenkin6350@gompie.com,1963-09-11 04:34:44,58,3861
Cassidy Milner,Cassidy_Milner7839@twace.org,1987-12-15 05:35:12,92,3862
Peyton Duvall,Peyton_Duvall4554@sveldo.biz,1916-12-09 10:10:39,50,3863
Benny Bell,Benny_Bell4403@iatim.tech,1947-07-25 05:51:48,46,3864
Chad Simpson,Chad_Simpson9527@muall.tech,2019-06-14 15:38:41,25,3865
Amy Hall,Amy_Hall1651@naiker.biz,1891-06-26 22:52:30,24,3866
Marie Ward,Marie_Ward3588@vetan.org,2005-02-20 17:36:09,58,3867
Jacob Larkin,Jacob_Larkin8595@womeona.net,2005-02-20 07:06:47,27,3868
Kurt Ebbs,Kurt_Ebbs5714@womeona.net,1843-06-17 08:35:38,40,3869
Penny Jenkin,Penny_Jenkin7466@dionrab.com,1895-04-02 12:31:20,76,3870
Tyler Owen,Tyler_Owen2163@corti.com,1919-08-23 22:19:37,88,3871
Manuel Price,Manuel_Price4012@jiman.org,1915-10-17 12:20:49,58,3872
Marvin Howard,Marvin_Howard8810@hourpy.biz,1872-01-20 00:01:46,30,3873
Hayden Evans,Hayden_Evans947@zorer.org,1969-03-20 06:14:04,20,3874
Robyn Roth,Robyn_Roth7857@eirey.tech,1980-03-13 06:55:27,67,3875
Gwen Knight,Gwen_Knight8459@nanoff.biz,1840-03-23 01:36:22,37,3876
Grace Pearce,Grace_Pearce4882@irrepsy.com,1867-03-12 01:58:31,61,3877
Jayden Adams,Jayden_Adams8028@supunk.biz,1920-01-15 04:10:37,21,3878
Rhea Pearson,Rhea_Pearson1806@bretoux.com,1865-06-10 01:54:54,81,3879
Cynthia Jones,Cynthia_Jones8447@grannar.com,1848-11-18 11:27:18,19,3880
Monica Tate,Monica_Tate9333@elnee.tech,1929-10-24 20:53:27,73,3881
Irene Saunders,Irene_Saunders3419@liret.org,1899-07-08 09:21:10,37,3882
Kenzie Mcguire,Kenzie_Mcguire7541@zorer.org,1920-08-21 09:25:14,37,3883
Fred Addis,Fred_Addis6166@ubusive.com,1964-10-25 15:36:44,81,3884
Ethan Ellison,Ethan_Ellison2463@qater.org,1971-11-21 15:31:35,31,3885
Carl Swan,Carl_Swan770@zorer.org,1933-05-10 04:39:03,93,3886
Elise Adler,Elise_Adler2279@nickia.com,1861-04-06 00:21:01,60,3887
Hayden Cadman,Hayden_Cadman4022@bulaffy.com,2014-12-19 15:48:52,27,3888
Josh Locke,Josh_Locke820@cispeto.com,1995-01-07 09:46:44,80,3889
Wendy Andrews,Wendy_Andrews8412@iatim.tech,1991-02-05 11:13:33,71,3890
Johnny Moreno,Johnny_Moreno925@elnee.tech,2008-02-18 11:53:09,91,3891
Jasmine Rehman,Jasmine_Rehman9373@sveldo.biz,1869-08-11 14:34:42,83,3892
Maia Myatt,Maia_Myatt2643@fuliss.net,1970-06-26 05:45:45,23,3893
Victoria Parr,Victoria_Parr2397@supunk.biz,1916-02-06 08:42:38,64,3894
Vera Jeffery,Vera_Jeffery8609@zorer.org,1844-09-02 05:37:42,50,3895
Tom Donnelly,Tom_Donnelly7710@qater.org,1916-07-24 16:14:05,73,3896
Raquel Vass,Raquel_Vass971@elnee.tech,1906-01-06 03:31:31,70,3897
Emma Preston,Emma_Preston1467@kideod.biz,1878-04-07 14:44:22,90,3898
Maribel Gates,Maribel_Gates3722@zorer.org,1923-05-03 21:28:22,92,3899
Tony Lee,Tony_Lee9867@qater.org,1940-12-12 08:31:25,54,3900
Isla Kirby,Isla_Kirby937@womeona.net,1876-04-28 00:21:19,64,3901
Anthony Carson,Anthony_Carson2081@atink.com,1846-01-04 16:45:13,93,3902
Caydence Murphy,Caydence_Murphy6276@zorer.org,1968-05-03 06:54:17,87,3903
Miley Turner,Miley_Turner9351@bulaffy.com,1989-08-14 11:55:50,65,3904
Gemma Bryson,Gemma_Bryson8120@famism.biz,1982-02-23 06:25:49,77,3905
Teagan Lewis,Teagan_Lewis5022@ovock.tech,1882-01-24 12:27:13,82,3906
Gloria Rivers,Gloria_Rivers4798@muall.tech,1977-09-23 14:54:17,42,3907
Abdul Tutton,Abdul_Tutton6551@elnee.tech,2008-03-10 11:19:34,22,3908
Manuel Anderson,Manuel_Anderson5677@ovock.tech,1882-07-21 18:48:57,66,3909
Rosalie Heaton,Rosalie_Heaton684@mafthy.com,1901-04-16 11:39:09,39,3910
Nate Campbell,Nate_Campbell5529@deons.tech,1845-03-31 15:37:04,19,3911
Hadley Chapman,Hadley_Chapman1660@bretoux.com,1848-09-19 00:30:31,45,3912
Kurt Widdows,Kurt_Widdows7075@extex.org,1937-11-27 01:49:04,19,3913
Paula Swift,Paula_Swift3201@zorer.org,1844-10-25 16:31:27,86,3914
Bridget Dale,Bridget_Dale9678@typill.biz,1843-01-10 03:32:44,54,3915
Doug Armstrong,Doug_Armstrong8207@eirey.tech,1896-09-02 09:24:33,59,3916
Ema Speed,Ema_Speed496@grannar.com,2009-06-20 00:33:16,33,3917
Elise Farmer,Elise_Farmer6969@brety.org,1992-03-28 01:57:53,89,3918
Aiden Bloom,Aiden_Bloom6252@iatim.tech,1918-10-27 16:21:03,58,3919
Dani Roth,Dani_Roth9586@bauros.biz,1973-12-23 13:41:24,88,3920
Andrea Pope,Andrea_Pope5636@yahoo.com,2006-03-14 21:26:05,50,3921
Mona Addison,Mona_Addison6989@deons.tech,1937-07-26 17:55:25,23,3922
Mason Ingham,Mason_Ingham7906@irrepsy.com,1841-09-24 11:04:55,96,3923
Nate Robinson,Nate_Robinson428@sheye.org,1986-06-03 05:31:35,74,3924
Leroy Brennan,Leroy_Brennan6628@nanoff.biz,1877-11-20 18:15:51,31,3925
Benjamin Morrow,Benjamin_Morrow3511@vetan.org,1906-05-28 02:28:05,93,3926
Denis Robertson,Denis_Robertson1418@sveldo.biz,2019-05-17 19:27:54,38,3927
Alan Janes,Alan_Janes7314@corti.com,2018-12-08 09:49:37,33,3928
Maia Eagle,Maia_Eagle7799@ovock.tech,1953-01-01 01:12:25,46,3929
Raquel Ellwood,Raquel_Ellwood6726@jiman.org,1965-02-18 17:06:32,31,3930
Mara Vince,Mara_Vince6244@typill.biz,1975-09-01 06:32:50,69,3931
Brad Broomfield,Brad_Broomfield9036@vetan.org,1855-07-10 14:42:11,54,3932
Evelynn Watson,Evelynn_Watson5746@womeona.net,1942-06-18 18:40:26,81,3933
Jayden Emmott,Jayden_Emmott4631@sheye.org,2019-12-30 20:34:57,31,3934
Clint Gilmore,Clint_Gilmore8056@ubusive.com,1913-09-06 20:31:03,26,3935
Gabriel Santos,Gabriel_Santos1036@liret.org,1972-01-27 06:45:06,34,3936
Willow Bloom,Willow_Bloom828@gmail.com,1968-04-03 22:22:07,67,3937
Alison Bowen,Alison_Bowen249@famism.biz,1903-11-13 07:14:14,22,3938
Brad Irving,Brad_Irving3586@nimogy.biz,1863-09-04 08:10:13,18,3939
Tony Osmond,Tony_Osmond7793@tonsy.org,1979-01-27 09:16:25,65,3940
Caleb Gibson,Caleb_Gibson4554@hourpy.biz,1827-02-14 06:52:02,84,3941
Sabrina Lomax,Sabrina_Lomax473@corti.com,1963-08-21 22:43:23,31,3942
Eve Reynolds,Eve_Reynolds1257@guentu.biz,1847-12-17 13:57:49,39,3943
Estrella Tyler,Estrella_Tyler6715@gompie.com,1857-09-12 19:09:31,71,3944
Juliette Vass,Juliette_Vass4127@grannar.com,1959-06-19 14:25:17,56,3945
Adelaide Vollans,Adelaide_Vollans2640@gembat.biz,1957-10-31 08:16:33,74,3946
Janice Hewitt,Janice_Hewitt7786@hourpy.biz,1904-04-30 05:49:28,42,3947
Rocco Clifford,Rocco_Clifford7467@liret.org,2001-12-16 15:43:33,33,3948
Bridget Barclay,Bridget_Barclay3603@kideod.biz,1880-01-12 03:32:27,90,3949
Harry Walker,Harry_Walker8449@tonsy.org,1945-12-15 09:21:34,29,3950
Courtney Brock,Courtney_Brock9891@iatim.tech,2017-08-06 11:07:02,42,3951
Benjamin Rose,Benjamin_Rose3845@nanoff.biz,1883-09-27 14:41:19,61,3952
Carmella Gray,Carmella_Gray5966@corti.com,1871-02-27 05:20:32,66,3953
Daron Hepburn,Daron_Hepburn4318@deavo.com,1967-12-06 04:40:43,56,3954
William Allen,William_Allen1651@qater.org,1859-05-22 20:11:39,89,3955
Tess Pickard,Tess_Pickard621@zorer.org,1982-05-18 09:21:29,48,3956
Marvin Speed,Marvin_Speed4418@naiker.biz,1963-12-18 10:15:39,53,3957
Tom Morrison,Tom_Morrison8547@brety.org,1865-10-13 03:12:43,41,3958
William Groves,William_Groves6792@vetan.org,1980-10-09 06:05:32,91,3959
Rosa Crawford,Rosa_Crawford3645@brety.org,1952-07-07 10:04:21,29,3960
Benjamin Walsh,Benjamin_Walsh2400@bauros.biz,1830-09-16 16:10:19,71,3961
Laila Gosling,Laila_Gosling2207@fuliss.net,1961-12-27 10:52:49,99,3962
Nathan Vane,Nathan_Vane7742@deons.tech,1879-09-05 17:35:07,23,3963
Roger Dempsey,Roger_Dempsey5986@gompie.com,1967-12-14 11:25:54,63,3964
Barney Yates,Barney_Yates9041@eirey.tech,1850-02-17 04:56:20,19,3965
Carrie Snow,Carrie_Snow3754@nimogy.biz,1888-08-06 20:44:08,54,3966
Tony Brett,Tony_Brett2753@guentu.biz,1933-04-11 07:01:38,40,3967
Lynn Adams,Lynn_Adams2898@bungar.biz,1890-09-29 14:47:31,95,3968
Erick Ebden,Erick_Ebden1179@zorer.org,1860-01-17 19:27:53,36,3969
Beatrice Lewis,Beatrice_Lewis4808@jiman.org,2007-05-05 01:28:01,74,3970
Maxwell Dyson,Maxwell_Dyson813@typill.biz,1855-06-18 13:55:26,46,3971
Charlotte Bullock,Charlotte_Bullock1946@gmail.com,1917-08-05 20:54:24,74,3972
Liam Rogan,Liam_Rogan4331@kideod.biz,1907-07-04 16:28:01,99,3973
Chester Ellis,Chester_Ellis8436@atink.com,1998-03-19 11:09:17,74,3974
Candice Taylor,Candice_Taylor5609@cispeto.com,1967-07-07 12:06:06,81,3975
Carissa Rowlands,Carissa_Rowlands3340@infotech44.tech,2005-12-01 01:51:37,49,3976
Carl Tyrrell,Carl_Tyrrell4565@yahoo.com,1932-05-04 06:22:02,57,3977
Fred Jeffery,Fred_Jeffery7206@deons.tech,1977-04-20 19:32:54,75,3978
Benjamin Rycroft,Benjamin_Rycroft2525@ovock.tech,1857-08-03 01:26:51,35,3979
Mary Williams,Mary_Williams9156@eirey.tech,1913-04-07 00:33:30,96,3980
Rylee Verdon,Rylee_Verdon6337@naiker.biz,1887-03-21 11:20:14,33,3981
Marjorie Jarrett,Marjorie_Jarrett9328@corti.com,1985-05-30 17:38:30,87,3982
Paula Freeburn,Paula_Freeburn8335@nickia.com,1892-04-02 04:42:28,69,3983
Darlene London,Darlene_London9697@jiman.org,1969-11-01 13:43:27,67,3984
Mandy Ianson,Mandy_Ianson6717@atink.com,1877-10-26 15:35:25,52,3985
Denny Hardwick,Denny_Hardwick6697@irrepsy.com,1937-08-01 14:12:56,53,3986
Enoch Radcliffe,Enoch_Radcliffe6088@joiniaa.com,1975-08-26 11:57:38,78,3987
Ember Gilbert,Ember_Gilbert9078@atink.com,1967-05-16 14:49:40,49,3988
Harry Coates,Harry_Coates647@bungar.biz,1905-03-03 05:21:29,74,3989
Denny Forester,Denny_Forester349@irrepsy.com,2004-10-17 20:35:14,48,3990
Tess Wilson,Tess_Wilson6972@nanoff.biz,1956-01-29 03:08:30,78,3991
Hailey Norburn,Hailey_Norburn5842@bauros.biz,1930-09-19 11:47:40,99,3992
Carl Edwards,Carl_Edwards9698@iatim.tech,2000-01-17 05:09:26,37,3993
Matt Mason,Matt_Mason3174@mafthy.com,2016-07-28 15:34:53,38,3994
David Harvey,David_Harvey7495@brety.org,1883-10-08 18:10:16,92,3995
Henry Callan,Henry_Callan2581@qater.org,1953-10-06 04:57:04,39,3996
Kieth Powell,Kieth_Powell2806@guentu.biz,2008-06-01 04:12:58,80,3997
Marina Simpson,Marina_Simpson4355@brety.org,1905-01-08 06:43:14,43,3998
Leilani Vollans,Leilani_Vollans5355@typill.biz,1978-02-22 02:19:28,93,3999
Johnathan Nelson,Johnathan_Nelson6371@hourpy.biz,1874-05-11 09:33:51,82,4000
Liliana Logan,Liliana_Logan5181@fuliss.net,1923-12-05 03:28:31,52,4001
Peter Garcia,Peter_Garcia7625@tonsy.org,1889-06-23 02:09:28,25,4002
Hayden Collingwood,Hayden_Collingwood801@extex.org,1861-02-20 09:15:35,55,4003
Olivia Kerr,Olivia_Kerr4493@tonsy.org,1913-03-11 20:20:30,41,4004
Trisha Casey,Trisha_Casey600@womeona.net,1879-01-02 22:44:26,57,4005
Leroy Drake,Leroy_Drake7753@ovock.tech,1869-09-26 20:06:30,84,4006
Bethany Eyres,Bethany_Eyres722@joiniaa.com,1955-01-18 13:16:33,77,4007
Shelby Wood,Shelby_Wood1868@irrepsy.com,1869-12-14 01:39:32,75,4008
Owen Samuel,Owen_Samuel1262@bretoux.com,1971-07-26 14:05:29,95,4009
Mike Booth,Mike_Booth7071@nanoff.biz,1961-04-07 16:43:38,88,4010
Julius Crawford,Julius_Crawford7206@yahoo.com,1895-11-28 14:53:17,74,4011
Maxwell Garner,Maxwell_Garner8117@gompie.com,1914-07-15 02:44:44,71,4012
Erica Potter,Erica_Potter6217@twace.org,1954-06-25 21:54:01,81,4013
Bryon Wade,Bryon_Wade6882@fuliss.net,1931-03-25 10:05:05,94,4014
Fred Wise,Fred_Wise8133@sheye.org,1898-08-19 05:01:07,75,4015
Doug Cobb,Doug_Cobb22@typill.biz,1855-05-08 21:32:34,47,4016
Julius Reyes,Julius_Reyes5250@nanoff.biz,1989-09-18 04:51:46,19,4017
Ronald Lewin,Ronald_Lewin8254@cispeto.com,1888-03-20 16:56:50,79,4018
Noah Rigg,Noah_Rigg3201@nanoff.biz,1934-02-01 08:01:52,87,4019
Marina Allen,Marina_Allen7436@corti.com,1911-08-05 19:15:38,93,4020
Freya Farrant,Freya_Farrant1168@nimogy.biz,1941-09-25 07:08:28,56,4021
Davina Rose,Davina_Rose8383@bulaffy.com,1928-04-15 20:33:21,66,4022
Chester Parker,Chester_Parker9471@gmail.com,1839-01-14 11:53:19,22,4023
Hope Thorpe,Hope_Thorpe9364@womeona.net,1837-01-19 15:40:36,63,4024
Barry Norburn,Barry_Norburn4150@supunk.biz,1956-04-04 04:39:48,95,4025
Leroy Waterson,Leroy_Waterson534@elnee.tech,1832-08-12 08:16:43,67,4026
Jasmine Potts,Jasmine_Potts4362@ovock.tech,1822-11-18 14:45:18,86,4027
Elijah Widdows,Elijah_Widdows8022@ubusive.com,1873-04-04 14:33:33,75,4028
Harvey Gregory,Harvey_Gregory3876@corti.com,1871-04-30 12:14:29,56,4029
Tania Widdows,Tania_Widdows223@kideod.biz,1994-11-17 09:05:27,48,4030
Jack Avery,Jack_Avery9994@deons.tech,1892-08-04 07:06:42,32,4031
Morgan Eddison,Morgan_Eddison365@deavo.com,1879-08-17 07:24:56,75,4032
Christine Pope,Christine_Pope8396@sveldo.biz,1915-12-20 06:54:21,55,4033
Maya Drummond,Maya_Drummond1862@nickia.com,1909-10-16 10:04:17,28,4034
Hazel Summers,Hazel_Summers3275@yahoo.com,2002-06-10 15:53:18,30,4035
Ramon Rainford,Ramon_Rainford7613@guentu.biz,1946-06-24 03:30:51,67,4036
Molly Bowen,Molly_Bowen2617@bretoux.com,2001-04-07 15:31:21,40,4037
Wade Dwyer,Wade_Dwyer8241@sheye.org,1830-03-21 19:55:47,35,4038
Freya James,Freya_James2132@guentu.biz,1993-06-06 08:20:17,21,4039
Jolene Watson,Jolene_Watson6986@yahoo.com,1929-06-11 15:15:00,28,4040
Carl Ryan,Carl_Ryan382@bretoux.com,1888-04-09 20:18:00,87,4041
Alan Oliver,Alan_Oliver6705@naiker.biz,1968-01-29 17:31:21,55,4042
Penny Reynolds,Penny_Reynolds3212@extex.org,2002-01-13 00:24:46,35,4043
Harry Kelly,Harry_Kelly6784@extex.org,1958-08-20 18:33:53,63,4044
Valentina Watt,Valentina_Watt4402@jiman.org,1828-04-21 04:31:53,41,4045
Marvin Grey,Marvin_Grey5565@vetan.org,1996-05-26 20:13:02,50,4046
Alice Thomson,Alice_Thomson7864@irrepsy.com,1854-11-12 07:02:40,26,4047
Elijah Welsch,Elijah_Welsch8099@irrepsy.com,1909-12-08 22:47:02,96,4048
Rowan Moreno,Rowan_Moreno5042@kideod.biz,1865-05-23 15:22:03,26,4049
Willow Summers,Willow_Summers5089@liret.org,1927-12-09 12:33:56,26,4050
Shay Hobson,Shay_Hobson8087@gmail.com,1932-07-26 11:05:05,31,4051
Gil Swift,Gil_Swift880@deavo.com,1986-06-02 21:01:19,38,4052
Eduardo Howard,Eduardo_Howard5725@twipet.com,1886-05-13 15:07:33,93,4053
Jack Harvey,Jack_Harvey9403@liret.org,1923-07-22 14:41:08,90,4054
Harry Walsh,Harry_Walsh9016@liret.org,1971-03-12 09:26:47,51,4055
Amelia Bullock,Amelia_Bullock7073@iatim.tech,1981-01-31 04:16:31,21,4056
Domenic Malone,Domenic_Malone1734@jiman.org,1911-10-18 04:13:51,33,4057
Maia Doherty,Maia_Doherty4477@grannar.com,1998-05-24 15:04:20,61,4058
Vanessa Hope,Vanessa_Hope1641@ubusive.com,1896-04-15 04:08:18,52,4059
Freya Dickson,Freya_Dickson991@extex.org,1882-07-25 01:06:37,80,4060
Natalie Norton,Natalie_Norton6141@gembat.biz,1890-01-18 14:45:09,77,4061
Tony Callan,Tony_Callan9989@twace.org,1952-11-12 01:21:49,90,4062
Leilani Camden,Leilani_Camden4504@zorer.org,1987-06-25 01:46:26,37,4063
Jazmin Richards,Jazmin_Richards5868@extex.org,1967-01-31 14:41:56,98,4064
Hazel Jobson,Hazel_Jobson5892@jiman.org,1855-08-21 09:10:57,45,4065
Fred Newton,Fred_Newton7589@cispeto.com,1913-06-12 06:07:43,49,4066
Marigold Hill,Marigold_Hill9269@bulaffy.com,1939-12-04 16:20:00,50,4067
Eryn Andrews,Eryn_Andrews8611@atink.com,1984-11-02 02:19:10,75,4068
Cedrick Kidd,Cedrick_Kidd1106@fuliss.net,1841-10-14 06:39:04,60,4069
Marjorie Horton,Marjorie_Horton5703@deavo.com,1996-11-22 02:03:39,72,4070
Dasha Yard,Dasha_Yard5836@ubusive.com,1989-12-08 06:23:36,74,4071
Helen Tait,Helen_Tait329@infotech44.tech,1896-11-16 01:12:54,83,4072
William Ainsworth,William_Ainsworth4865@bungar.biz,1918-05-09 09:49:09,39,4073
Bart Wellington,Bart_Wellington5115@liret.org,1883-06-24 16:13:46,30,4074
Cedrick Mccall,Cedrick_Mccall3824@atink.com,1927-04-13 13:55:35,44,4075
Kirsten Lyon,Kirsten_Lyon8730@gmail.com,1907-11-15 18:40:39,86,4076
Rosalyn Rees,Rosalyn_Rees3557@infotech44.tech,1886-02-16 06:25:47,72,4077
Elly Hobbs,Elly_Hobbs7624@fuliss.net,1903-05-19 22:52:19,49,4078
Claire Rees,Claire_Rees8353@elnee.tech,1988-08-10 20:45:08,83,4079
Deborah Abbey,Deborah_Abbey9506@brety.org,1888-05-07 14:41:24,85,4080
Marvin Lyon,Marvin_Lyon9373@nickia.com,1823-05-29 10:21:51,95,4081
Iris Isaac,Iris_Isaac2765@bungar.biz,2010-06-02 05:23:54,28,4082
Vera Whittle,Vera_Whittle79@nanoff.biz,1940-02-25 05:28:02,72,4083
Jayden Rixon,Jayden_Rixon5093@twace.org,1973-08-02 08:18:09,51,4084
Luna Umney,Luna_Umney1986@ubusive.com,1931-06-05 16:16:01,81,4085
Maia Forester,Maia_Forester2859@joiniaa.com,1968-02-22 19:07:45,23,4086
Maggie Henderson,Maggie_Henderson2116@tonsy.org,1855-12-12 10:49:08,30,4087
Lindsay Crawley,Lindsay_Crawley5215@brety.org,1995-07-22 13:05:39,68,4088
Eileen Thomas,Eileen_Thomas2605@grannar.com,1924-09-23 11:10:06,50,4089
Wade Summers,Wade_Summers937@muall.tech,1905-07-18 04:40:00,30,4090
Liam Jordan,Liam_Jordan8692@nanoff.biz,1860-09-18 00:14:32,61,4091
Amy Darcy,Amy_Darcy1609@tonsy.org,1977-08-15 11:04:39,72,4092
Jayden Roscoe,Jayden_Roscoe7389@eirey.tech,1894-08-10 08:08:51,43,4093
Daniel Duvall,Daniel_Duvall5139@womeona.net,1823-11-07 18:34:04,45,4094
Rosemary Noon,Rosemary_Noon5722@jiman.org,1846-10-31 17:21:53,89,4095
Sofie Stevens,Sofie_Stevens3521@corti.com,1981-10-07 03:24:36,84,4096
Juliet Gray,Juliet_Gray2410@zorer.org,1864-06-01 16:55:37,31,4097
Carter Grady,Carter_Grady3275@atink.com,1900-04-05 14:09:27,27,4098
Janelle Willson,Janelle_Willson31@supunk.biz,1926-01-18 20:42:01,76,4099
Lillian Exton,Lillian_Exton2775@womeona.net,1953-06-22 20:23:41,21,4100
Judith Upsdell,Judith_Upsdell7488@bulaffy.com,2017-12-08 03:41:12,25,4101
Priscilla Wilson,Priscilla_Wilson4974@gembat.biz,1982-01-07 14:22:49,45,4102
Priscilla Camden,Priscilla_Camden9228@twipet.com,1930-03-26 22:41:47,57,4103
ara Hopkinson,ara_Hopkinson4265@nimogy.biz,1971-06-18 06:28:05,51,4104
Camden Allen,Camden_Allen9275@grannar.com,1999-06-02 10:27:03,76,4105
Clint West,Clint_West3712@deavo.com,1910-03-16 21:47:27,47,4106
Jack Underhill,Jack_Underhill7318@mafthy.com,2001-08-26 12:30:47,55,4107
Rachael Wright,Rachael_Wright4372@ovock.tech,1847-12-06 10:58:21,50,4108
Jamie Wright,Jamie_Wright901@elnee.tech,2019-07-14 16:04:41,37,4109
Juliette Stevens,Juliette_Stevens7458@gmail.com,2008-05-20 06:45:20,71,4110
Doug Wilde,Doug_Wilde6096@tonsy.org,2002-12-10 05:06:24,65,4111
Helen Clarkson,Helen_Clarkson688@twipet.com,1928-12-11 18:47:17,66,4112
Chad Gallacher,Chad_Gallacher5678@iatim.tech,1833-09-18 02:31:03,19,4113
Kamila Wright,Kamila_Wright7176@yahoo.com,1841-04-10 18:02:53,60,4114
Willow Jackson,Willow_Jackson1332@jiman.org,1999-12-25 00:56:27,86,4115
Rufus Griffiths,Rufus_Griffiths7571@kideod.biz,2004-02-15 03:05:58,27,4116
Fred Verdon,Fred_Verdon3957@bauros.biz,1877-07-01 06:42:02,32,4117
Beatrice Clayton,Beatrice_Clayton7817@hourpy.biz,1941-10-18 17:39:18,77,4118
Chester Mcguire,Chester_Mcguire2233@zorer.org,1887-08-03 04:52:15,26,4119
Jenna Bell,Jenna_Bell7907@deavo.com,1828-12-19 12:16:23,98,4120
Mark Tutton,Mark_Tutton2858@sveldo.biz,1897-11-13 13:41:54,87,4121
Michelle Irwin,Michelle_Irwin2598@dionrab.com,1950-09-06 14:48:30,51,4122
Lorraine Dillon,Lorraine_Dillon9348@eirey.tech,2018-03-07 16:06:03,82,4123
Rufus Wright,Rufus_Wright3288@sveldo.biz,1970-06-19 05:45:06,57,4124
Cassidy Adams,Cassidy_Adams4276@infotech44.tech,1907-01-25 21:46:42,23,4125
Olivia Bowen,Olivia_Bowen9855@bulaffy.com,1861-02-09 19:57:02,28,4126
Michelle Townend,Michelle_Townend1354@sheye.org,1946-06-15 05:27:08,44,4127
Candace Maxwell,Candace_Maxwell396@nickia.com,1931-01-02 10:01:56,84,4128
Daniel Penn,Daniel_Penn40@supunk.biz,1890-11-04 17:17:24,93,4129
Jessica Thorne,Jessica_Thorne9776@typill.biz,1865-12-12 20:48:38,45,4130
Peter Snell,Peter_Snell3990@muall.tech,1925-09-12 22:41:18,46,4131
Erick Raven,Erick_Raven2352@dionrab.com,1972-01-31 02:36:43,52,4132
Eduardo Quinnell,Eduardo_Quinnell2260@joiniaa.com,1850-08-02 03:43:13,54,4133
Rick Gray,Rick_Gray6269@vetan.org,1934-02-24 06:58:20,89,4134
Tyler Clark,Tyler_Clark704@atink.com,1841-03-06 05:29:52,21,4135
Brad Anderson,Brad_Anderson2271@irrepsy.com,1873-07-04 10:24:58,59,4136
Maia Reading,Maia_Reading8617@nimogy.biz,1849-08-01 09:22:37,59,4137
Tony Adams,Tony_Adams8732@dionrab.com,1983-12-29 22:57:04,42,4138
Martin Broomfield,Martin_Broomfield1852@ubusive.com,1900-06-03 12:08:09,45,4139
Denis Roberts,Denis_Roberts8523@irrepsy.com,1843-11-05 13:06:22,18,4140
Kimberly Ulyatt,Kimberly_Ulyatt3871@gompie.com,2015-05-28 22:12:09,71,4141
Peter Jenkin,Peter_Jenkin6862@mafthy.com,1972-03-06 09:17:30,41,4142
Anabel Plant,Anabel_Plant2936@supunk.biz,1948-02-23 03:24:23,95,4143
Denis Walker,Denis_Walker648@iatim.tech,1828-03-23 17:27:36,47,4144
Nicholas Parker,Nicholas_Parker5071@yahoo.com,1950-07-12 11:18:15,76,4145
Josephine Shaw,Josephine_Shaw931@supunk.biz,1899-03-31 14:33:00,93,4146
Keira Tyler,Keira_Tyler2202@joiniaa.com,1912-08-29 20:16:03,63,4147
Iris Aldridge,Iris_Aldridge1590@zorer.org,1879-11-10 06:42:15,78,4148
Alexander Mcnally,Alexander_Mcnally6820@liret.org,2011-05-02 05:29:39,37,4149
Maxwell Allcott,Maxwell_Allcott7024@womeona.net,1987-10-30 11:45:05,64,4150
Barry Edler,Barry_Edler6954@brety.org,1976-09-03 14:25:12,25,4151
Daniel Flett,Daniel_Flett2682@naiker.biz,1820-11-15 09:07:58,55,4152
Christine Irving,Christine_Irving8185@atink.com,1980-10-19 11:56:37,21,4153
Kassandra Scott,Kassandra_Scott6885@infotech44.tech,2005-10-22 13:27:56,54,4154
Logan Morrow,Logan_Morrow5778@twace.org,1917-12-08 20:11:54,61,4155
Paige Potter,Paige_Potter6422@gmail.com,1892-11-10 13:25:31,93,4156
Phillip May,Phillip_May1702@bretoux.com,1935-02-08 06:36:17,88,4157
Eduardo Miller,Eduardo_Miller5505@twace.org,1899-11-14 02:02:40,72,4158
Mark Vaughn,Mark_Vaughn1033@vetan.org,1904-05-06 17:57:19,68,4159
Marvin Kelly,Marvin_Kelly382@atink.com,1955-07-29 00:06:16,64,4160
Daria Douglas,Daria_Douglas661@sveldo.biz,1919-07-05 04:13:30,96,4161
Benny Osman,Benny_Osman8718@extex.org,1822-06-10 14:41:32,90,4162
Ciara Redfern,Ciara_Redfern6828@womeona.net,1875-07-05 00:07:24,54,4163
Ronald Holmes,Ronald_Holmes1206@irrepsy.com,1955-02-03 09:57:58,27,4164
Meredith aoui,Meredith_aoui3657@gmail.com,1972-07-20 09:03:02,28,4165
Daron Pearce,Daron_Pearce3934@bauros.biz,1996-12-13 21:12:31,85,4166
Ally Shaw,Ally_Shaw754@gompie.com,1867-02-10 18:37:23,44,4167
Margaret Graham,Margaret_Graham4425@nickia.com,1876-08-25 19:54:18,80,4168
Greta Drake,Greta_Drake2745@supunk.biz,1836-07-23 10:21:22,66,4169
Macy Murphy,Macy_Murphy1696@iatim.tech,1851-01-03 16:22:46,29,4170
Emerald Atkinson,Emerald_Atkinson7194@cispeto.com,1904-08-14 13:06:43,56,4171
Lynn Warren,Lynn_Warren7703@ovock.tech,1928-12-20 22:31:40,58,4172
Isabel Lee,Isabel_Lee8085@vetan.org,1906-08-06 04:31:48,59,4173
Allison Briggs,Allison_Briggs1802@typill.biz,1843-03-18 06:21:44,97,4174
Karla Chapman,Karla_Chapman9115@gompie.com,1959-07-31 06:39:12,24,4175
Alexia Powell,Alexia_Powell2972@gmail.com,1922-12-20 11:50:06,25,4176
Henry Nanton,Henry_Nanton2201@bulaffy.com,1932-10-08 20:42:56,86,4177
Trisha Dubois,Trisha_Dubois7260@fuliss.net,1904-11-24 18:20:14,92,4178
Bob Hunt,Bob_Hunt7331@ubusive.com,1895-03-13 17:49:48,42,4179
Jack Torres,Jack_Torres6685@bauros.biz,1901-09-06 01:24:00,99,4180
Destiny Notman,Destiny_Notman3850@hourpy.biz,1935-12-29 09:57:16,94,4181
Javier Varley,Javier_Varley2082@ovock.tech,1957-11-15 17:32:52,61,4182
William Oatway,William_Oatway6562@liret.org,1984-01-06 07:06:57,68,4183
Domenic Yoman,Domenic_Yoman2503@deons.tech,1935-08-29 18:54:53,79,4184
Harriet Abbey,Harriet_Abbey8816@mafthy.com,1907-05-30 19:02:42,22,4185
Rufus Walsh,Rufus_Walsh4745@gembat.biz,1975-01-24 15:03:09,18,4186
Adela Parker,Adela_Parker6692@gompie.com,1883-09-21 19:20:06,48,4187
Rocco Funnell,Rocco_Funnell1359@grannar.com,2016-08-10 10:00:03,83,4188
Mark Villiger,Mark_Villiger9256@infotech44.tech,1992-06-26 19:50:02,44,4189
Abdul Gonzales,Abdul_Gonzales8948@cispeto.com,1957-03-03 18:52:18,40,4190
Chris Walker,Chris_Walker3598@tonsy.org,1984-07-21 19:23:53,36,4191
Esmeralda Collins,Esmeralda_Collins3555@yahoo.com,2008-01-17 20:03:41,76,4192
Maggie Richardson,Maggie_Richardson7920@irrepsy.com,1840-02-06 01:44:36,89,4193
Logan Hunter,Logan_Hunter7856@tonsy.org,1920-07-11 08:01:43,29,4194
Audrey Morgan,Audrey_Morgan8096@yahoo.com,1870-05-08 17:24:51,65,4195
Abdul Driscoll,Abdul_Driscoll5908@hourpy.biz,1947-06-12 03:08:53,25,4196
Barney Larkin,Barney_Larkin394@dionrab.com,1963-02-26 21:12:09,61,4197
Maria Curtis,Maria_Curtis5673@deavo.com,2016-02-27 00:29:45,35,4198
Martin Mould,Martin_Mould354@deons.tech,1900-04-11 09:07:56,63,4199
Jocelyn Robertson,Jocelyn_Robertson6421@gmail.com,2004-08-13 16:53:43,43,4200
Benny Page ,Benny_Page 3420@fuliss.net,2002-08-20 10:36:52,87,4201
Carmella Ashley,Carmella_Ashley6872@sheye.org,1847-05-16 04:43:55,72,4202
Belinda Collis,Belinda_Collis6041@tonsy.org,1892-08-01 17:40:11,82,4203
Cecilia Moran,Cecilia_Moran4564@bulaffy.com,1971-05-29 08:32:01,32,4204
Enoch Tennant,Enoch_Tennant1154@ovock.tech,1953-01-02 19:26:51,37,4205
Doug Adams,Doug_Adams701@extex.org,1915-11-14 07:38:08,70,4206
Joseph Overson,Joseph_Overson1047@gompie.com,1920-06-14 20:54:46,19,4207
Caitlyn Haines,Caitlyn_Haines7660@deavo.com,1928-01-05 13:07:38,61,4208
Joyce Kidd,Joyce_Kidd9564@dionrab.com,1883-12-24 03:40:27,53,4209
Samantha Bentley,Samantha_Bentley3898@fuliss.net,1862-09-01 08:07:32,54,4210
Emma Newman,Emma_Newman8591@irrepsy.com,1833-12-21 05:11:21,55,4211
Maxwell Roberts,Maxwell_Roberts6136@twace.org,1993-11-07 21:27:02,38,4212
Barry Dillon,Barry_Dillon3501@mafthy.com,1828-02-06 05:18:44,58,4213
Nick Cooper,Nick_Cooper2158@sheye.org,1939-11-27 14:56:28,99,4214
Anthony Hill,Anthony_Hill60@grannar.com,1868-02-03 16:46:15,29,4215
Josh Anderson,Josh_Anderson2998@deons.tech,1929-07-23 10:18:16,54,4216
Iris Wills,Iris_Wills8686@jiman.org,1903-03-18 14:45:49,61,4217
Kieth Grady,Kieth_Grady486@tonsy.org,1898-05-03 20:26:47,46,4218
Rosalyn Bell,Rosalyn_Bell6075@liret.org,1879-07-31 08:16:07,36,4219
Aisha Trent,Aisha_Trent388@nanoff.biz,1845-06-13 11:27:43,28,4220
Tom Jarrett,Tom_Jarrett7419@bulaffy.com,1875-10-23 20:02:06,75,4221
Matt Moreno,Matt_Moreno9331@twace.org,1891-02-15 20:49:37,98,4222
Dalia Atkinson,Dalia_Atkinson6103@supunk.biz,2000-09-03 07:56:51,22,4223
Havana Bailey,Havana_Bailey6686@deavo.com,1892-09-09 11:18:40,95,4224
Sarah Khan,Sarah_Khan4125@gompie.com,1844-02-12 18:43:53,85,4225
Cynthia Allwood,Cynthia_Allwood7559@sveldo.biz,1879-07-18 06:19:20,19,4226
Greta Yard,Greta_Yard539@hourpy.biz,1868-02-07 06:49:12,80,4227
Rosie Rainford,Rosie_Rainford6933@gompie.com,1956-10-06 03:14:02,40,4228
Ryan Nurton,Ryan_Nurton475@hourpy.biz,1858-08-08 13:56:33,52,4229
Shay Ward,Shay_Ward6743@extex.org,1910-03-29 04:06:34,44,4230
Chuck Thomson,Chuck_Thomson1428@extex.org,1951-07-19 12:07:10,52,4231
Robyn Smith,Robyn_Smith752@bungar.biz,1896-09-07 20:06:13,70,4232
Ada Attwood,Ada_Attwood7941@nimogy.biz,1953-01-18 14:27:41,28,4233
Regina Paterson,Regina_Paterson7156@kideod.biz,1841-11-28 01:52:03,31,4234
Claire Fox,Claire_Fox1433@twipet.com,1825-07-20 20:52:43,67,4235
Gil Doherty,Gil_Doherty9365@nimogy.biz,1918-02-27 16:43:26,44,4236
Valentina Lynn,Valentina_Lynn460@bungar.biz,1836-11-05 08:34:36,85,4237
Matt Mccall,Matt_Mccall624@extex.org,1850-06-25 12:07:29,73,4238
Boris Garcia,Boris_Garcia945@mafthy.com,1906-09-04 03:43:01,96,4239
Johnny Darcy,Johnny_Darcy7415@twace.org,1937-01-03 01:43:12,34,4240
Daron Brennan,Daron_Brennan9179@twipet.com,1926-07-14 00:48:55,62,4241
Benny Bullock,Benny_Bullock7750@womeona.net,1879-01-23 07:19:26,58,4242
Selena Pearson,Selena_Pearson6609@joiniaa.com,1821-08-05 12:18:54,51,4243
Erick Jefferson,Erick_Jefferson2976@yahoo.com,1916-04-19 11:47:48,22,4244
Erin Healy,Erin_Healy4745@yahoo.com,1988-03-20 02:39:11,87,4245
Boris Palmer,Boris_Palmer7270@twipet.com,1820-06-17 17:35:29,40,4246
Tess Hood,Tess_Hood5395@kideod.biz,1846-10-14 15:54:44,22,4247
Jacqueline Nelson,Jacqueline_Nelson3981@dionrab.com,1934-03-27 19:04:37,65,4248
Josh Huggins,Josh_Huggins857@nanoff.biz,1891-05-08 12:10:00,19,4249
Kirsten Thorpe,Kirsten_Thorpe5398@deons.tech,1964-03-08 10:14:01,91,4250
Javier Dixon,Javier_Dixon1423@yahoo.com,1961-10-26 05:52:38,77,4251
Evelynn Bishop,Evelynn_Bishop9221@gmail.com,1838-03-07 13:47:22,26,4252
Nick Santos,Nick_Santos7291@ubusive.com,2006-08-27 05:57:18,47,4253
Chloe Rowlands,Chloe_Rowlands7485@supunk.biz,1968-06-11 22:57:03,55,4254
Anabelle Summers,Anabelle_Summers2830@guentu.biz,1835-11-08 21:22:10,99,4255
Owen Ballard,Owen_Ballard9172@twipet.com,1963-07-12 05:11:48,25,4256
Sebastian Bryant,Sebastian_Bryant2989@vetan.org,1923-09-20 13:12:31,69,4257
Danielle Osman,Danielle_Osman9136@infotech44.tech,2013-06-27 21:37:49,38,4258
Alexander Clark,Alexander_Clark3129@liret.org,1914-09-22 17:08:27,73,4259
Lily Burge,Lily_Burge9596@infotech44.tech,1996-11-28 01:13:39,48,4260
Fred Rowe,Fred_Rowe5496@zorer.org,1921-12-11 20:56:55,44,4261
Teagan Stewart,Teagan_Stewart5719@deons.tech,1948-12-03 10:15:04,29,4262
Chad Davies,Chad_Davies8497@twace.org,1893-11-20 10:46:55,25,4263
Carina Roth,Carina_Roth4730@sheye.org,1879-12-22 22:14:26,76,4264
Hailey Patel,Hailey_Patel1460@guentu.biz,1997-08-25 09:34:51,45,4265
Harriet Redwood,Harriet_Redwood5422@vetan.org,1828-05-09 22:00:24,59,4266
Penelope Chadwick,Penelope_Chadwick8621@elnee.tech,1835-10-08 14:51:47,82,4267
Elijah Samuel,Elijah_Samuel3559@grannar.com,2015-09-05 05:35:56,38,4268
Mabel Preston,Mabel_Preston6012@muall.tech,1838-10-23 12:24:51,77,4269
Grace Ingram,Grace_Ingram9451@nimogy.biz,1915-03-13 17:19:42,85,4270
Bob Forester,Bob_Forester811@nickia.com,1865-08-30 22:47:58,69,4271
Tara Lindsay,Tara_Lindsay1730@grannar.com,1848-08-26 04:24:12,44,4272
Analise Cooper,Analise_Cooper872@kideod.biz,1957-11-30 08:51:39,24,4273
Noah Boyle,Noah_Boyle1288@fuliss.net,1905-05-26 02:49:54,53,4274
Boris Carter,Boris_Carter2454@bungar.biz,2014-03-01 21:38:23,62,4275
Denny Lyon,Denny_Lyon3976@twipet.com,1823-09-14 12:40:36,98,4276
Kendra Lyon,Kendra_Lyon9016@joiniaa.com,1998-02-06 11:54:09,27,4277
Erin Knight,Erin_Knight7766@liret.org,1979-07-19 18:45:09,58,4278
Anne Ebbs,Anne_Ebbs1333@naiker.biz,1991-07-12 17:28:49,98,4279
Chad Mullins,Chad_Mullins9410@gompie.com,2016-06-20 13:31:48,21,4280
Thea Whitehouse,Thea_Whitehouse2831@womeona.net,2009-03-26 19:20:10,58,4281
Abdul Kent,Abdul_Kent1353@gembat.biz,1847-05-12 15:58:06,64,4282
Colleen Glynn,Colleen_Glynn1817@gembat.biz,1934-03-16 03:32:11,38,4283
Leroy Strong,Leroy_Strong1211@fuliss.net,1976-12-07 05:10:35,87,4284
Faith Holt,Faith_Holt3487@sheye.org,1848-08-17 21:04:42,54,4285
Rick Hammond,Rick_Hammond2619@bungar.biz,1913-09-14 20:18:03,96,4286
Dani Saunders,Dani_Saunders9237@bretoux.com,2014-08-01 18:23:07,53,4287
Nick Chappell,Nick_Chappell2591@gompie.com,1958-11-20 16:43:24,24,4288
Tyler Gordon,Tyler_Gordon7565@bulaffy.com,1935-07-23 19:39:11,62,4289
Carter Carter,Carter_Carter6502@yahoo.com,1958-07-30 06:22:02,82,4290
Amelia Brock,Amelia_Brock2933@womeona.net,1992-08-03 05:09:41,37,4291
Javier Sheldon,Javier_Sheldon9902@bretoux.com,1972-07-31 11:23:00,77,4292
Marvin Goldsmith,Marvin_Goldsmith5830@grannar.com,2016-09-28 08:43:13,89,4293
Johnny Powell,Johnny_Powell6316@bauros.biz,1844-03-29 02:31:12,22,4294
Marla Jobson,Marla_Jobson9621@naiker.biz,1964-03-29 00:07:19,40,4295
Hayden Gray,Hayden_Gray3148@muall.tech,1854-03-27 07:21:43,63,4296
Claire Widdows,Claire_Widdows8200@typill.biz,1907-10-18 10:14:13,33,4297
Tom Shaw,Tom_Shaw9471@gmail.com,1915-06-11 03:14:47,86,4298
Barry Bentley,Barry_Bentley9473@nickia.com,1932-07-11 21:22:57,66,4299
Jenna Irwin,Jenna_Irwin6633@grannar.com,1994-08-22 16:09:09,46,4300
Samara Warren,Samara_Warren1439@vetan.org,1872-05-29 15:25:55,32,4301
Henry Purvis,Henry_Purvis9105@vetan.org,1879-02-26 01:58:09,38,4302
Gloria Marshall,Gloria_Marshall6430@supunk.biz,2007-03-01 03:30:23,59,4303
Janelle Spencer,Janelle_Spencer4551@mafthy.com,1851-11-26 07:15:19,51,4304
Cassidy Long,Cassidy_Long8077@mafthy.com,1964-06-10 03:51:02,38,4305
Mya Dann,Mya_Dann9104@qater.org,1853-02-03 11:14:44,73,4306
Ethan Upton,Ethan_Upton4355@elnee.tech,2018-07-09 22:06:19,55,4307
Alex Newman,Alex_Newman7481@gmail.com,2015-07-23 14:27:03,73,4308
Anabel Edmonds,Anabel_Edmonds1514@deavo.com,1825-11-30 00:10:35,52,4309
Gil Moreno,Gil_Moreno6549@bretoux.com,1961-02-07 11:00:22,67,4310
Bart West,Bart_West5953@jiman.org,2013-11-15 01:15:31,90,4311
Deborah Clifford,Deborah_Clifford742@bulaffy.com,1984-04-30 16:51:42,50,4312
Harvey Lomax,Harvey_Lomax9132@typill.biz,2000-10-12 07:00:26,72,4313
Owen Webster,Owen_Webster4560@ovock.tech,1966-08-03 16:51:51,79,4314
Matthew Collins,Matthew_Collins7221@bulaffy.com,1938-09-30 20:25:44,57,4315
Liliana Palmer,Liliana_Palmer9936@vetan.org,2002-08-30 12:37:46,49,4316
Makenzie Tyler,Makenzie_Tyler8706@supunk.biz,1994-12-12 22:43:07,32,4317
Alexander Dann,Alexander_Dann9753@elnee.tech,1868-02-12 04:46:00,36,4318
Bree Oldfield,Bree_Oldfield9564@nickia.com,1995-11-22 08:04:49,20,4319
Barney Glynn,Barney_Glynn4933@deons.tech,2001-05-25 21:45:19,20,4320
Sage Thorpe,Sage_Thorpe5772@supunk.biz,1853-05-12 13:18:33,48,4321
Mandy Parker,Mandy_Parker5626@acrit.org,1975-03-19 18:50:11,60,4322
Vicky Simpson,Vicky_Simpson918@infotech44.tech,2018-09-12 17:30:52,61,4323
Luke aoui,Luke_aoui9836@vetan.org,2001-05-19 13:40:32,59,4324
Deborah Sinclair,Deborah_Sinclair4703@bretoux.com,1912-10-05 10:30:08,44,4325
Henry Rosenbloom,Henry_Rosenbloom8191@cispeto.com,1965-03-06 05:12:35,51,4326
Maddison Hammond,Maddison_Hammond384@dionrab.com,1883-11-18 06:37:56,54,4327
Carl Wigley,Carl_Wigley6971@eirey.tech,1912-05-28 08:25:46,59,4328
Alexa Becker,Alexa_Becker5633@elnee.tech,1866-05-17 19:37:27,90,4329
Florence Lloyd,Florence_Lloyd1517@deons.tech,1855-12-15 14:28:23,98,4330
Alexander Styles,Alexander_Styles7057@sveldo.biz,2016-03-22 17:51:34,22,4331
Kurt Shields,Kurt_Shields935@guentu.biz,1859-07-17 16:50:36,86,4332
Martin Smith,Martin_Smith788@sheye.org,1989-08-30 01:08:36,23,4333
Vicky Hastings,Vicky_Hastings8007@ubusive.com,1957-05-18 15:38:26,54,4334
Priscilla Hewitt,Priscilla_Hewitt4121@womeona.net,1996-01-21 21:57:15,91,4335
Abdul Reid,Abdul_Reid5638@cispeto.com,1929-02-13 15:28:55,40,4336
Benjamin Torres,Benjamin_Torres5148@liret.org,1911-09-10 17:37:45,34,4337
Alba Redden,Alba_Redden1726@supunk.biz,1917-07-04 13:44:32,90,4338
Valentina Sheldon,Valentina_Sheldon7199@vetan.org,1833-10-09 00:27:16,82,4339
Javier Oliver,Javier_Oliver1762@cispeto.com,1985-06-22 16:32:11,24,4340
Daron Donovan,Daron_Donovan599@acrit.org,1895-12-28 08:40:10,20,4341
Noah Sawyer,Noah_Sawyer558@acrit.org,1992-07-02 17:31:53,30,4342
Daron Isaac,Daron_Isaac9800@tonsy.org,1894-05-31 08:14:38,63,4343
oe Stark,oe_Stark4750@sheye.org,1944-01-11 19:48:21,37,4344
Jennifer Palmer,Jennifer_Palmer2484@typill.biz,1844-06-09 05:39:48,71,4345
Hank Turner,Hank_Turner326@muall.tech,1979-09-28 21:13:51,98,4346
Percy Pickard,Percy_Pickard6199@jiman.org,2007-10-29 07:27:16,78,4347
Daniel Khan,Daniel_Khan6630@kideod.biz,1838-06-24 00:05:09,22,4348
Kamila Redden,Kamila_Redden54@irrepsy.com,1934-07-03 08:31:48,98,4349
Rick Emmett,Rick_Emmett3871@gembat.biz,1941-05-07 06:39:57,90,4350
Abdul Martin,Abdul_Martin906@muall.tech,1852-10-10 00:58:34,63,4351
Marigold Nicolas,Marigold_Nicolas8188@qater.org,1886-12-02 16:01:08,75,4352
Drew Noon,Drew_Noon2927@dionrab.com,1898-03-09 22:46:26,86,4353
Chadwick Rodwell,Chadwick_Rodwell2810@jiman.org,1894-10-07 07:19:21,43,4354
Domenic Emmett,Domenic_Emmett2730@gembat.biz,1981-07-21 12:07:32,90,4355
John Kent,John_Kent2714@ubusive.com,2019-02-15 03:05:01,39,4356
Sebastian Summers,Sebastian_Summers7570@sheye.org,1902-03-11 16:46:32,56,4357
Jacob Jackson,Jacob_Jackson8260@atink.com,1851-09-09 19:21:04,39,4358
Denis Graves,Denis_Graves5709@bungar.biz,1922-07-02 19:50:56,40,4359
Sharon Dyson,Sharon_Dyson1017@twace.org,1882-03-30 19:11:29,83,4360
Sydney Bailey,Sydney_Bailey747@qater.org,1927-05-10 13:41:06,31,4361
Enoch Raven,Enoch_Raven7553@joiniaa.com,1888-04-30 00:56:48,39,4362
Josh Coll,Josh_Coll2676@liret.org,1982-11-08 01:33:41,87,4363
Carla Rowe,Carla_Rowe2773@tonsy.org,1838-10-06 06:09:42,50,4364
Marvin Upsdell,Marvin_Upsdell7847@twace.org,1913-11-30 04:32:40,82,4365
Noah Jarvis,Noah_Jarvis2450@liret.org,1857-10-02 21:18:49,21,4366
Bart Noach,Bart_Noach2729@zorer.org,1917-04-04 21:43:33,44,4367
Felicity Collis,Felicity_Collis4365@acrit.org,1905-02-01 03:03:07,80,4368
Joy Faulkner,Joy_Faulkner9088@womeona.net,1898-03-14 06:36:02,18,4369
Nancy Anderson,Nancy_Anderson6758@bungar.biz,1992-12-23 03:27:53,71,4370
Juliette Powell,Juliette_Powell3671@deavo.com,1912-11-10 15:54:52,84,4371
Kimberly Shaw,Kimberly_Shaw795@elnee.tech,2009-06-14 03:05:43,58,4372
Daron Rixon,Daron_Rixon5542@atink.com,1843-07-25 12:33:30,58,4373
Cadence Nobbs,Cadence_Nobbs4837@gembat.biz,1849-02-22 12:30:11,24,4374
Eryn Maxwell,Eryn_Maxwell2311@infotech44.tech,1883-06-18 17:14:14,98,4375
Tyler Garcia,Tyler_Garcia4170@irrepsy.com,1871-01-05 17:25:13,67,4376
Gloria Drew,Gloria_Drew3966@womeona.net,1889-09-15 16:41:51,41,4377
Ilona Warren,Ilona_Warren6559@bauros.biz,1981-02-13 13:27:34,85,4378
Josephine Hamilton,Josephine_Hamilton5275@naiker.biz,1863-12-14 22:43:00,96,4379
David Stevenson,David_Stevenson5903@twace.org,1949-01-16 22:19:41,69,4380
Aurelia Mcgregor,Aurelia_Mcgregor9578@gompie.com,1830-07-26 03:04:38,72,4381
Ciara Hunt,Ciara_Hunt3938@jiman.org,1950-09-24 17:52:35,44,4382
Ramon Sylvester,Ramon_Sylvester9125@bulaffy.com,1882-08-27 08:18:30,27,4383
Mackenzie Matthews,Mackenzie_Matthews9588@liret.org,1871-10-07 21:21:56,78,4384
Jackeline Glass,Jackeline_Glass3531@twipet.com,1831-07-17 05:52:19,58,4385
Miley Harris,Miley_Harris3784@eirey.tech,1943-03-16 09:26:02,39,4386
Manuel Nash,Manuel_Nash5445@hourpy.biz,1905-05-31 12:52:09,18,4387
Christine Brooks,Christine_Brooks8640@jiman.org,1918-12-12 21:19:37,88,4388
Nick Clark,Nick_Clark283@liret.org,1971-10-02 12:22:42,68,4389
Sadie Edwards,Sadie_Edwards6986@famism.biz,1860-10-07 07:31:31,88,4390
Chadwick Reese,Chadwick_Reese3220@bauros.biz,1916-08-13 03:50:06,79,4391
Miley Savage,Miley_Savage1776@tonsy.org,1864-11-19 20:31:18,23,4392
Marilyn Smith,Marilyn_Smith5496@atink.com,1875-04-17 01:13:47,22,4393
Jasmine Clark,Jasmine_Clark7752@acrit.org,1960-05-03 16:38:16,79,4394
Ron Hale,Ron_Hale9709@bulaffy.com,1975-06-04 14:08:29,85,4395
Erick Donovan,Erick_Donovan4577@ovock.tech,1889-08-13 04:10:10,57,4396
Carter Watson,Carter_Watson582@mafthy.com,1882-01-14 06:02:48,58,4397
Barry Edler,Barry_Edler5543@irrepsy.com,1865-06-27 20:11:37,48,4398
Emma Parker,Emma_Parker9832@brety.org,1889-09-17 03:20:48,18,4399
Diane Edwards,Diane_Edwards7962@acrit.org,1956-07-19 14:12:22,67,4400
Rae Curtis,Rae_Curtis12@acrit.org,1841-11-17 12:39:58,78,4401
Thea Simpson,Thea_Simpson7921@hourpy.biz,1917-09-04 04:03:19,38,4402
Nicole Willson,Nicole_Willson8140@extex.org,2006-04-25 16:26:12,82,4403
Cynthia Locke,Cynthia_Locke244@guentu.biz,1831-02-14 13:42:37,69,4404
Clint Watt,Clint_Watt811@grannar.com,1925-01-22 00:41:56,88,4405
Benny Needham,Benny_Needham1350@irrepsy.com,1931-07-27 08:30:00,51,4406
Savannah Hopkinson,Savannah_Hopkinson2079@twace.org,1975-01-28 03:30:53,82,4407
Nick Woods,Nick_Woods6993@kideod.biz,1945-03-01 13:09:15,56,4408
William Ingham,William_Ingham3504@twipet.com,1827-07-22 18:40:32,44,4409
Roger Vane,Roger_Vane2261@eirey.tech,1957-06-20 01:08:55,82,4410
Jamie Fox,Jamie_Fox1706@infotech44.tech,1824-07-23 03:11:40,87,4411
Maxwell Hudson,Maxwell_Hudson5486@corti.com,1888-04-29 13:06:53,26,4412
Ruby Asher,Ruby_Asher5836@deons.tech,1981-02-26 17:11:26,81,4413
Russel Eagle,Russel_Eagle4781@sveldo.biz,1907-06-13 05:19:22,40,4414
Teagan Harris,Teagan_Harris7006@gmail.com,1921-04-09 19:09:43,92,4415
Anthony Kelly,Anthony_Kelly8474@typill.biz,1995-09-05 11:11:05,31,4416
Tom Collingwood,Tom_Collingwood9073@twipet.com,1923-02-12 22:45:26,22,4417
John Harris,John_Harris6329@gembat.biz,1894-08-12 10:16:13,65,4418
Christy Partridge,Christy_Partridge5395@nimogy.biz,1942-07-17 05:21:39,36,4419
Bart Crawley,Bart_Crawley2150@fuliss.net,2009-11-21 20:05:24,87,4420
Moira Thompson,Moira_Thompson6752@hourpy.biz,1981-04-27 05:35:37,53,4421
Sebastian Jobson,Sebastian_Jobson5076@tonsy.org,1957-05-26 11:11:12,73,4422
Adina Lewis,Adina_Lewis2093@twace.org,1828-01-31 00:29:36,39,4423
Jacob Cavanagh,Jacob_Cavanagh3737@dionrab.com,2002-10-04 19:46:42,90,4424
Danielle Oliver,Danielle_Oliver2443@hourpy.biz,1956-08-09 01:43:01,44,4425
Ron Eyres,Ron_Eyres7432@grannar.com,1996-08-17 22:30:31,82,4426
Julian Howard,Julian_Howard3845@bungar.biz,1826-08-25 08:35:26,41,4427
Johnathan Osmond,Johnathan_Osmond3318@twipet.com,1954-03-23 21:50:22,55,4428
Daron Edwards,Daron_Edwards3033@naiker.biz,1985-10-29 11:06:48,33,4429
Callie Vangness,Callie_Vangness9344@sveldo.biz,1950-07-23 14:19:18,83,4430
Rosalyn Cattell,Rosalyn_Cattell7364@corti.com,1973-12-08 04:32:26,90,4431
David Allen,David_Allen850@typill.biz,1913-11-20 05:39:34,26,4432
John Whinter,John_Whinter2563@ubusive.com,1916-11-23 10:32:12,70,4433
Christy Marshall,Christy_Marshall5849@atink.com,1920-12-23 00:44:47,20,4434
Iris Appleton,Iris_Appleton9318@gembat.biz,1989-06-10 04:09:07,71,4435
Aleksandra Wallace,Aleksandra_Wallace2093@eirey.tech,1824-08-29 15:02:23,19,4436
Selena Russel,Selena_Russel8019@zorer.org,1897-02-06 12:32:54,43,4437
Rowan Gibbons,Rowan_Gibbons5644@irrepsy.com,1941-01-06 14:50:02,57,4438
Josephine Bright,Josephine_Bright5667@liret.org,1827-01-11 19:19:19,29,4439
Chuck Devonport,Chuck_Devonport7923@deavo.com,2017-05-30 13:50:03,86,4440
Evelynn Taylor,Evelynn_Taylor8062@tonsy.org,2004-10-27 02:10:43,71,4441
Alex Noach,Alex_Noach9176@bauros.biz,1827-02-27 05:45:33,86,4442
Alan Booth,Alan_Booth7872@corti.com,1917-01-29 03:04:50,57,4443
Madison Baxter,Madison_Baxter2019@gembat.biz,1943-06-14 01:36:22,43,4444
Marla Bradley,Marla_Bradley6780@brety.org,1820-12-28 22:25:03,73,4445
Alexander Smith,Alexander_Smith2264@twipet.com,1829-09-10 10:26:18,76,4446
Alison Talbot,Alison_Talbot2536@muall.tech,1953-08-07 00:46:41,28,4447
Oliver James,Oliver_James2560@bungar.biz,1996-03-21 14:31:03,57,4448
Fred Leslie,Fred_Leslie1844@brety.org,1853-07-09 10:33:53,31,4449
Andrea Rothwell,Andrea_Rothwell6675@womeona.net,1991-12-02 07:20:01,22,4450
Natalie Oliver,Natalie_Oliver9270@nimogy.biz,1852-06-09 10:02:17,51,4451
Cedrick Villiger,Cedrick_Villiger8343@gembat.biz,1833-03-18 00:07:31,57,4452
Rosalyn Reyes,Rosalyn_Reyes5505@ovock.tech,1897-12-02 06:42:42,23,4453
Joyce Freeburn,Joyce_Freeburn14@cispeto.com,1886-01-10 22:05:29,64,4454
Luke Wilson,Luke_Wilson4953@bauros.biz,1876-03-12 04:27:27,56,4455
Elijah Potts,Elijah_Potts5399@qater.org,1922-06-22 06:09:57,42,4456
Winnie Hope,Winnie_Hope2332@zorer.org,1841-03-19 08:22:19,89,4457
Tom Lee,Tom_Lee9684@sheye.org,1980-11-04 04:23:46,72,4458
Susan Page ,Susan_Page 2540@eirey.tech,1885-10-26 11:57:09,18,4459
Rosa Drummond,Rosa_Drummond1970@deavo.com,1822-03-06 02:01:36,71,4460
Alex Johnson,Alex_Johnson5950@joiniaa.com,1995-05-05 13:49:45,21,4461
Irene Judd,Irene_Judd3087@twace.org,1825-01-30 10:03:58,63,4462
Taylor Tennant,Taylor_Tennant3227@hourpy.biz,1867-07-12 19:26:15,79,4463
Javier Stone,Javier_Stone1453@sheye.org,1891-09-19 15:39:50,48,4464
Caitlyn Martin,Caitlyn_Martin1129@nimogy.biz,1847-08-08 10:47:04,73,4465
Estrella Watson,Estrella_Watson657@yahoo.com,1918-07-11 13:48:44,31,4466
Sage Robinson,Sage_Robinson251@ubusive.com,1849-11-05 02:13:31,80,4467
Hailey Moss,Hailey_Moss6147@naiker.biz,2011-10-20 04:07:37,75,4468
Sabrina Fields,Sabrina_Fields5841@gembat.biz,1954-09-02 02:41:06,41,4469
Liam Grey,Liam_Grey6845@ubusive.com,1946-04-17 01:10:45,62,4470
Fiona Pope,Fiona_Pope3104@acrit.org,1971-12-20 18:25:16,24,4471
Peter Driscoll,Peter_Driscoll588@supunk.biz,1821-09-24 17:58:48,72,4472
Luke Carpenter,Luke_Carpenter2540@extex.org,1912-04-20 20:31:16,31,4473
Andie Keys,Andie_Keys940@nimogy.biz,1928-09-09 17:03:13,54,4474
Julius Murphy,Julius_Murphy224@fuliss.net,1879-05-08 15:49:17,44,4475
Roger Stone ,Roger_Stone 1094@cispeto.com,1939-06-28 02:00:18,90,4476
Mark Burge,Mark_Burge1074@gembat.biz,1869-05-05 02:05:21,87,4477
Danny Stone,Danny_Stone3803@typill.biz,1888-02-10 22:05:14,75,4478
Angelique Tennant,Angelique_Tennant9563@twipet.com,1978-07-19 15:13:34,25,4479
Joseph Dixon,Joseph_Dixon3452@gompie.com,1930-04-06 12:19:48,79,4480
Harry Connell,Harry_Connell4437@deons.tech,1852-10-19 07:57:17,32,4481
Kate Holmes,Kate_Holmes6077@sveldo.biz,1985-04-27 01:11:47,51,4482
Mabel Allen,Mabel_Allen2759@elnee.tech,1917-09-30 22:24:47,40,4483
Selena Coates,Selena_Coates4975@womeona.net,1856-02-15 13:46:51,29,4484
Samantha Widdows,Samantha_Widdows4058@irrepsy.com,1902-10-08 22:08:13,79,4485
Nate Donnelly,Nate_Donnelly4039@tonsy.org,1874-10-08 01:11:01,67,4486
Carter Silva,Carter_Silva215@gmail.com,2014-05-21 16:15:04,94,4487
Katelyn Phillips,Katelyn_Phillips6759@ovock.tech,1987-08-24 21:06:47,18,4488
Belinda Poulton,Belinda_Poulton548@naiker.biz,1910-06-18 02:51:17,39,4489
Sabina Bell,Sabina_Bell2723@bungar.biz,1928-01-02 12:54:01,59,4490
Jules Rowlands,Jules_Rowlands2910@corti.com,1861-09-28 00:49:26,47,4491
Chuck Addley,Chuck_Addley112@sveldo.biz,1895-06-09 16:06:13,93,4492
Manuel Alcroft,Manuel_Alcroft8044@qater.org,1998-03-31 11:02:43,52,4493
oe Webster,oe_Webster2934@ubusive.com,1972-03-31 17:52:33,65,4494
Jayden Shields,Jayden_Shields9347@ovock.tech,1843-09-10 22:44:09,63,4495
Victoria Cork,Victoria_Cork1032@nickia.com,1983-11-21 17:15:26,67,4496
Elle Uttley,Elle_Uttley323@deons.tech,1878-06-30 20:06:39,46,4497
Ema Simpson,Ema_Simpson6566@cispeto.com,1931-12-09 09:01:50,77,4498
Joseph Eyres,Joseph_Eyres1827@vetan.org,1986-05-13 07:57:37,60,4499
Aiden Wills,Aiden_Wills9565@guentu.biz,1909-06-30 04:23:50,71,4500
Jane Allington,Jane_Allington8184@ovock.tech,2010-07-13 20:01:35,26,4501
Matthew Wood,Matthew_Wood7216@nimogy.biz,2009-01-23 02:54:24,38,4502
Eduardo Griffiths,Eduardo_Griffiths1608@acrit.org,1844-02-17 09:34:45,22,4503
Andie Lowe,Andie_Lowe2043@cispeto.com,1832-10-11 15:03:14,72,4504
Nicholas Gray,Nicholas_Gray5224@twace.org,1870-03-20 02:42:16,94,4505
Sasha Mcgee,Sasha_Mcgee5958@deavo.com,1877-02-24 08:54:27,85,4506
Nicholas Lee,Nicholas_Lee5431@brety.org,1890-04-04 12:11:12,68,4507
William Groves,William_Groves7469@ubusive.com,1946-10-19 12:56:01,26,4508
Julius Hope,Julius_Hope8358@deavo.com,1842-10-29 01:34:29,36,4509
Cristal Hancock,Cristal_Hancock4153@twace.org,1943-08-17 01:48:46,82,4510
Cedrick Nelson,Cedrick_Nelson6536@nickia.com,1884-05-24 13:13:15,24,4511
Tyson Reyes,Tyson_Reyes3526@typill.biz,1992-07-29 22:24:49,68,4512
Elle Rose,Elle_Rose9799@ovock.tech,1922-09-14 09:15:36,76,4513
Jenna Yard,Jenna_Yard2486@elnee.tech,1845-10-02 03:39:09,49,4514
Rocco Hunt,Rocco_Hunt4196@cispeto.com,1870-12-27 19:14:36,39,4515
Owen Nielson,Owen_Nielson1719@corti.com,1961-09-15 04:31:42,31,4516
Jaylene Cadman,Jaylene_Cadman5584@cispeto.com,2019-11-22 06:37:54,73,4517
Bryon Hudson,Bryon_Hudson4494@deons.tech,1914-09-13 15:16:28,74,4518
Ethan Wellington,Ethan_Wellington3637@deons.tech,2006-07-26 16:58:44,76,4519
Margaret Jarrett,Margaret_Jarrett68@corti.com,1862-04-04 04:44:54,59,4520
Peyton Talbot,Peyton_Talbot9404@gompie.com,1877-12-23 08:32:04,19,4521
Bethany Mccall,Bethany_Mccall249@cispeto.com,1963-09-28 15:14:27,65,4522
Brad Faulkner,Brad_Faulkner2154@bauros.biz,1830-01-28 08:14:56,90,4523
Bethany Rycroft,Bethany_Rycroft9716@nimogy.biz,1902-12-30 19:41:46,83,4524
Maxwell Tyrrell,Maxwell_Tyrrell7442@nickia.com,1824-06-08 13:54:28,81,4525
Maggie Whittle,Maggie_Whittle3418@eirey.tech,1964-07-20 08:06:11,60,4526
Marvin Roman,Marvin_Roman1998@bauros.biz,1845-11-30 12:04:19,26,4527
Doug Yang,Doug_Yang6663@yahoo.com,1834-04-12 08:07:31,77,4528
Russel Stone,Russel_Stone1783@acrit.org,1878-06-19 14:01:42,98,4529
Joseph Allen,Joseph_Allen2668@guentu.biz,1900-08-15 13:41:58,62,4530
Michelle Evans,Michelle_Evans3872@bulaffy.com,1936-04-03 11:36:18,32,4531
Barry Rosenbloom,Barry_Rosenbloom4770@dionrab.com,1909-09-28 08:24:50,56,4532
Clint Murray,Clint_Murray3508@famism.biz,1842-03-29 10:11:45,69,4533
Owen Jordan,Owen_Jordan9915@eirey.tech,2012-07-18 19:21:15,80,4534
Marie Sherwood,Marie_Sherwood5536@vetan.org,1989-06-10 04:01:12,54,4535
Hadley Egerton,Hadley_Egerton5183@famism.biz,2011-09-18 03:14:20,84,4536
Johnny Hobson,Johnny_Hobson6813@deavo.com,1963-06-16 01:33:13,26,4537
Matt Jordan,Matt_Jordan957@nimogy.biz,1919-08-16 18:47:43,34,4538
Luke Simpson,Luke_Simpson3185@vetan.org,1874-05-16 18:37:55,41,4539
Rose Wade,Rose_Wade4542@iatim.tech,1910-05-21 03:01:49,91,4540
Rose Graham,Rose_Graham1050@zorer.org,2020-01-15 01:44:48,63,4541
Erin Allen,Erin_Allen1497@guentu.biz,1962-12-06 07:31:03,54,4542
Jack Welsch,Jack_Welsch9412@twipet.com,2014-10-11 22:40:27,37,4543
Enoch Wilkinson,Enoch_Wilkinson8372@joiniaa.com,1882-04-15 14:51:26,68,4544
William Graham,William_Graham3952@twace.org,1914-01-09 02:51:33,93,4545
Benjamin Morrison,Benjamin_Morrison4045@infotech44.tech,1887-12-03 22:50:48,91,4546
Denny Smith,Denny_Smith5855@gembat.biz,1896-07-16 08:39:43,65,4547
Juliette Allington,Juliette_Allington4509@gembat.biz,1997-08-02 14:13:47,85,4548
Carl King,Carl_King5419@twace.org,1964-02-26 18:32:50,24,4549
Joseph Wren,Joseph_Wren5611@vetan.org,1994-03-30 17:12:10,80,4550
Mona Johnson,Mona_Johnson9940@hourpy.biz,1947-11-16 12:30:11,25,4551
Joseph Lindsay,Joseph_Lindsay9991@yahoo.com,1996-12-11 05:44:26,58,4552
Susan Shaw,Susan_Shaw6480@eirey.tech,1889-06-21 09:30:49,46,4553
Luke Brett,Luke_Brett472@brety.org,1907-09-18 22:07:42,58,4554
Stacy Fields,Stacy_Fields7684@supunk.biz,1934-08-29 16:03:31,77,4555
Thea Forester,Thea_Forester6960@tonsy.org,1869-05-09 14:29:43,57,4556
Gabriel Flynn,Gabriel_Flynn8397@ovock.tech,1876-11-06 16:00:15,66,4557
Barney Pickard,Barney_Pickard9503@bretoux.com,1877-05-28 10:02:15,73,4558
Nate Mcgee,Nate_Mcgee1092@deavo.com,1852-01-02 14:20:51,58,4559
Claire Brown,Claire_Brown2432@jiman.org,1849-12-27 14:31:48,26,4560
Julius Gallacher,Julius_Gallacher9479@hourpy.biz,1928-07-05 21:48:22,91,4561
Ruth Plant,Ruth_Plant629@hourpy.biz,1996-03-16 01:33:07,82,4562
Florence Rainford,Florence_Rainford7662@sheye.org,1904-09-16 16:46:40,31,4563
Adalie Boden,Adalie_Boden1690@typill.biz,2013-02-01 12:01:16,31,4564
Alexander Beal,Alexander_Beal9691@deavo.com,1869-02-24 05:19:24,50,4565
Bart James,Bart_James342@irrepsy.com,1922-03-01 12:01:10,51,4566
Javier Seymour,Javier_Seymour2131@liret.org,1986-07-04 08:03:14,88,4567
Matt Palmer,Matt_Palmer9646@mafthy.com,1979-10-19 08:10:02,61,4568
Nathan Gavin,Nathan_Gavin2884@dionrab.com,1945-04-13 12:11:41,43,4569
Clint Cavanagh,Clint_Cavanagh8807@ubusive.com,1828-06-11 16:44:43,90,4570
Hadley Pierce,Hadley_Pierce5518@dionrab.com,1838-03-21 17:25:26,72,4571
Chadwick Parker,Chadwick_Parker6511@liret.org,1908-06-24 18:50:08,67,4572
Gwenyth Cox,Gwenyth_Cox9414@kideod.biz,1982-10-14 03:23:36,62,4573
Benjamin Kaur,Benjamin_Kaur1584@iatim.tech,2014-04-09 07:48:13,98,4574
Carl Selby,Carl_Selby310@tonsy.org,1831-06-06 12:12:37,91,4575
Ema Cadman,Ema_Cadman1430@vetan.org,1965-10-06 19:07:06,38,4576
Summer Casey,Summer_Casey9061@gompie.com,1918-11-26 21:48:00,39,4577
Doug Parker,Doug_Parker1713@bauros.biz,1851-11-28 09:19:44,49,4578
Anthony Holmes,Anthony_Holmes7270@twipet.com,1871-01-14 00:16:32,92,4579
Ethan Vernon,Ethan_Vernon9750@famism.biz,1920-04-13 07:49:27,74,4580
Carina Nicholls,Carina_Nicholls3755@sheye.org,1877-02-26 05:25:23,55,4581
Evie Gray,Evie_Gray7227@infotech44.tech,2015-12-02 13:04:36,43,4582
Selena Skinner,Selena_Skinner1077@twace.org,2010-11-10 05:38:07,37,4583
Willow Radcliffe,Willow_Radcliffe662@jiman.org,1935-11-02 17:22:56,18,4584
Logan Sheldon,Logan_Sheldon979@vetan.org,1943-09-20 18:58:00,23,4585
Maia Ianson,Maia_Ianson1441@gembat.biz,1914-10-25 09:04:14,85,4586
Ryan Richardson,Ryan_Richardson1621@vetan.org,1961-04-05 14:18:26,50,4587
Rebecca Carter,Rebecca_Carter6037@twipet.com,1998-02-02 17:10:29,60,4588
Sasha Griffiths,Sasha_Griffiths587@acrit.org,1939-06-25 08:42:49,83,4589
Isla Armstrong,Isla_Armstrong1400@infotech44.tech,1911-01-13 06:42:28,92,4590
Chris Buckley,Chris_Buckley6126@qater.org,1955-11-19 02:36:50,45,4591
Sebastian Cooper,Sebastian_Cooper7157@nickia.com,1973-06-01 21:14:48,19,4592
Carter Ellison,Carter_Ellison6599@eirey.tech,1925-09-19 01:57:36,86,4593
Rosalie Harrison,Rosalie_Harrison5949@grannar.com,1953-05-21 16:01:11,72,4594
Lily Radcliffe,Lily_Radcliffe5149@deons.tech,2001-09-05 02:25:28,35,4595
Payton Grey,Payton_Grey4672@gompie.com,1828-11-01 00:51:21,44,4596
Marvin Collins,Marvin_Collins219@deavo.com,1954-07-08 12:58:09,99,4597
Karen Bell,Karen_Bell1515@grannar.com,1933-04-24 01:56:33,45,4598
Owen Robertson,Owen_Robertson4090@bretoux.com,1940-01-08 03:13:01,59,4599
Manuel Atkinson,Manuel_Atkinson8740@dionrab.com,1885-04-26 17:49:47,52,4600
Carissa Ainsworth,Carissa_Ainsworth4761@nanoff.biz,1943-10-06 22:44:54,19,4601
Henry Rothwell,Henry_Rothwell370@bulaffy.com,2012-06-20 14:34:41,27,4602
Carmen Exton,Carmen_Exton6522@acrit.org,1856-06-02 05:10:05,36,4603
Rebecca Burge,Rebecca_Burge1593@infotech44.tech,1881-04-18 08:01:13,75,4604
Nathan Thorpe,Nathan_Thorpe54@womeona.net,1934-01-09 12:36:57,26,4605
Hank Vass,Hank_Vass6839@zorer.org,1827-05-03 03:36:06,99,4606
Hailey Appleton,Hailey_Appleton6980@gembat.biz,1972-10-10 21:08:03,67,4607
Rick Stewart,Rick_Stewart95@corti.com,1851-07-26 00:56:07,82,4608
Benjamin Craig,Benjamin_Craig9862@grannar.com,1940-12-20 01:27:16,95,4609
Lily Mann,Lily_Mann2300@ubusive.com,1987-07-22 16:35:46,81,4610
Luke Abbey,Luke_Abbey3653@cispeto.com,1833-04-24 19:07:11,77,4611
Hank Knight,Hank_Knight3285@gmail.com,1970-03-18 13:40:09,68,4612
Julianna Carson,Julianna_Carson1153@kideod.biz,1984-10-30 16:07:40,71,4613
Taylor Lowe,Taylor_Lowe3538@atink.com,1862-08-28 01:49:27,57,4614
Anthony Vinton,Anthony_Vinton5578@bungar.biz,2014-01-17 06:34:50,65,4615
Andie Hopkinson,Andie_Hopkinson1687@deons.tech,1857-06-14 12:26:54,75,4616
Winnie Wills,Winnie_Wills5449@twipet.com,1943-08-16 00:08:10,31,4617
Matthew Moss,Matthew_Moss6805@qater.org,1964-12-02 04:17:11,57,4618
Lucy Pope,Lucy_Pope1071@joiniaa.com,1900-11-25 21:00:15,96,4619
Rose Dixon,Rose_Dixon7713@twace.org,1830-05-26 11:42:16,43,4620
Lucy Gibson,Lucy_Gibson6926@guentu.biz,1922-01-16 19:45:18,48,4621
Daria Oldfield,Daria_Oldfield4390@atink.com,1865-12-19 10:19:08,90,4622
Ronald Boyle,Ronald_Boyle2222@cispeto.com,1835-07-25 18:25:33,83,4623
Nick Hastings,Nick_Hastings8854@womeona.net,1904-12-11 16:33:12,91,4624
Natalie Rixon,Natalie_Rixon8978@infotech44.tech,1901-09-12 08:28:37,91,4625
Ethan Bailey,Ethan_Bailey3947@muall.tech,2012-02-17 05:10:11,84,4626
Tania Jenkins,Tania_Jenkins5152@atink.com,1926-04-07 05:21:54,77,4627
Maria Dwyer,Maria_Dwyer2511@bretoux.com,1917-03-27 07:57:15,26,4628
Ada Moore,Ada_Moore6678@gembat.biz,1826-07-09 20:37:14,64,4629
George Brown,George_Brown4069@gembat.biz,1857-12-16 22:10:43,53,4630
Ramon Fox,Ramon_Fox9073@supunk.biz,1965-10-05 01:19:05,30,4631
Anabel Dallas,Anabel_Dallas885@deons.tech,1892-02-06 13:32:18,28,4632
Harry Campbell,Harry_Campbell3576@grannar.com,2008-06-20 11:41:02,27,4633
Rachael Graves,Rachael_Graves8209@bulaffy.com,1966-06-08 17:53:16,56,4634
George Khan,George_Khan843@bulaffy.com,1997-10-06 14:17:18,87,4635
Havana Gibbons,Havana_Gibbons6127@naiker.biz,1938-09-07 19:12:20,55,4636
Karla Coates,Karla_Coates9729@muall.tech,1924-01-05 01:05:10,47,4637
Ivy Marshall,Ivy_Marshall8413@atink.com,1837-07-27 01:02:26,72,4638
Hank Wilton,Hank_Wilton2050@cispeto.com,1838-08-21 06:36:01,44,4639
George Pearce,George_Pearce8164@liret.org,1943-09-17 06:33:26,50,4640
Michael Ellery,Michael_Ellery9489@eirey.tech,2008-01-06 03:01:26,75,4641
Harvey Moran,Harvey_Moran6860@atink.com,1830-03-07 21:04:27,63,4642
Luke Latham,Luke_Latham8473@corti.com,1827-09-29 02:26:35,62,4643
Peter Rossi,Peter_Rossi530@hourpy.biz,1972-08-11 01:26:56,64,4644
Mackenzie Eastwood,Mackenzie_Eastwood3214@naiker.biz,1830-07-14 18:50:39,33,4645
Elijah Corbett,Elijah_Corbett8899@atink.com,1905-01-23 10:16:26,35,4646
Chanelle Drew,Chanelle_Drew9122@guentu.biz,1833-03-11 05:41:50,50,4647
Rufus Carpenter,Rufus_Carpenter8991@vetan.org,2019-11-21 05:44:03,54,4648
Leroy Ellis,Leroy_Ellis4209@guentu.biz,1941-08-17 08:41:53,50,4649
Mike Nielson,Mike_Nielson7402@bauros.biz,1868-06-26 19:15:24,76,4650
Bernadette Chester,Bernadette_Chester2708@gembat.biz,1850-12-10 01:11:16,30,4651
Mya Jennson,Mya_Jennson102@infotech44.tech,1931-10-17 20:58:01,41,4652
Rufus Graham,Rufus_Graham4614@sveldo.biz,1860-04-02 11:22:08,48,4653
Kieth Hamilton,Kieth_Hamilton3474@vetan.org,1852-03-21 05:30:12,77,4654
Ethan Poole,Ethan_Poole7591@liret.org,1933-02-05 13:58:45,34,4655
Paula Bullock,Paula_Bullock1307@yahoo.com,1885-10-09 06:31:09,18,4656
Tess Cox,Tess_Cox9037@extex.org,1856-02-24 09:51:23,84,4657
Nathan Rehman,Nathan_Rehman3029@sheye.org,1923-04-27 01:02:13,62,4658
Bob Hunter,Bob_Hunter9511@yahoo.com,1883-09-01 17:11:18,41,4659
Winnie Gilmore,Winnie_Gilmore2183@deons.tech,1985-01-21 02:31:45,22,4660
Danny Olson,Danny_Olson9573@guentu.biz,2010-05-29 01:54:21,60,4661
Megan Holt,Megan_Holt6268@gmail.com,1841-08-17 02:06:51,73,4662
Bristol West,Bristol_West1153@bungar.biz,1937-05-25 00:32:12,95,4663
Luna Marshall,Luna_Marshall1840@gmail.com,2004-05-02 21:38:03,25,4664
Denis Abbot,Denis_Abbot8011@yahoo.com,1948-03-14 09:42:49,98,4665
Colleen Appleton,Colleen_Appleton1004@iatim.tech,2011-06-18 03:27:01,43,4666
Cassidy Hunter,Cassidy_Hunter4183@sveldo.biz,1963-01-03 22:07:14,55,4667
Marissa Bell,Marissa_Bell7772@elnee.tech,1933-06-03 08:44:05,42,4668
Joyce Notman,Joyce_Notman2279@gembat.biz,1897-09-30 20:10:32,52,4669
Peter Jeffery,Peter_Jeffery7464@nanoff.biz,1965-10-21 03:24:40,43,4670
Josephine Griffiths,Josephine_Griffiths3878@hourpy.biz,1879-10-10 22:52:39,24,4671
Francesca Penn,Francesca_Penn7276@twace.org,1943-08-14 18:28:12,77,4672
Drew Norton,Drew_Norton8269@nimogy.biz,1956-03-28 18:17:35,75,4673
Stella Milner,Stella_Milner7696@iatim.tech,1998-09-08 18:19:23,92,4674
Ramon Owen,Ramon_Owen4714@qater.org,1890-06-13 02:53:36,63,4675
Phillip Pitt,Phillip_Pitt9522@corti.com,1995-08-17 16:38:40,30,4676
Carla Morrow,Carla_Morrow9739@muall.tech,1943-04-10 07:36:06,37,4677
Claire Price,Claire_Price2925@bretoux.com,1989-10-17 06:06:58,46,4678
Noah Shields,Noah_Shields559@sheye.org,1975-11-27 17:06:17,79,4679
Ethan Townend,Ethan_Townend2549@elnee.tech,1973-03-10 16:30:48,36,4680
Chris Clark,Chris_Clark3713@sheye.org,1907-10-31 13:53:38,69,4681
Trisha Jackson,Trisha_Jackson3498@gompie.com,1938-01-30 22:13:11,89,4682
Fiona Hamilton,Fiona_Hamilton3570@famism.biz,1943-07-30 19:48:51,62,4683
Stephanie Morrow,Stephanie_Morrow7539@acrit.org,1840-04-05 02:18:17,46,4684
Denis Edmonds,Denis_Edmonds6564@nanoff.biz,1937-02-25 11:16:40,86,4685
Jamie Middleton,Jamie_Middleton9616@gmail.com,1973-12-26 03:26:18,29,4686
Matthew Quinton,Matthew_Quinton1026@corti.com,1980-11-08 07:53:00,56,4687
Phillip Kelly,Phillip_Kelly8528@nickia.com,1822-04-05 17:39:11,56,4688
Ryan Allen,Ryan_Allen343@bauros.biz,1950-05-08 10:18:22,64,4689
Carla Dann,Carla_Dann1474@bauros.biz,1912-04-18 18:21:09,48,4690
Harry Hale,Harry_Hale2259@acrit.org,1848-03-31 12:28:17,47,4691
Shannon Lee,Shannon_Lee8397@yahoo.com,1822-02-20 14:00:20,87,4692
Liv Summers,Liv_Summers4365@womeona.net,1984-10-16 14:46:05,34,4693
Lucas Payne,Lucas_Payne8197@gembat.biz,1923-06-11 06:53:40,68,4694
Eileen Leslie,Eileen_Leslie155@gompie.com,1909-08-15 09:09:06,79,4695
Kurt Jacobs,Kurt_Jacobs3135@fuliss.net,1871-10-26 01:49:41,61,4696
Enoch Richards,Enoch_Richards1002@atink.com,1939-01-14 22:25:37,60,4697
Danny Curtis,Danny_Curtis7413@bauros.biz,1897-02-28 22:30:50,24,4698
Jamie Bristow,Jamie_Bristow3438@acrit.org,1903-02-22 09:11:47,96,4699
Allison Craig,Allison_Craig1550@twace.org,1883-10-07 13:54:50,98,4700
Grace Randall,Grace_Randall5874@famism.biz,1849-08-20 10:15:32,69,4701
Michael Howard,Michael_Howard6206@sveldo.biz,1821-04-23 02:02:44,79,4702
Hailey Welsch,Hailey_Welsch6730@dionrab.com,1867-03-26 11:10:36,53,4703
Leilani Adler,Leilani_Adler8816@vetan.org,1908-06-28 21:05:17,34,4704
Carl Noon,Carl_Noon1794@nimogy.biz,2002-12-23 11:34:02,27,4705
Scarlett Eastwood,Scarlett_Eastwood1136@naiker.biz,1953-09-12 07:50:30,84,4706
Sloane Wellington,Sloane_Wellington1215@hourpy.biz,1859-05-08 20:05:00,73,4707
Payton Kennedy,Payton_Kennedy5407@naiker.biz,1835-04-04 03:26:58,30,4708
Karen Lyon,Karen_Lyon5035@liret.org,1868-08-29 20:32:05,96,4709
Bernadette Rosenbloom,Bernadette_Rosenbloom4866@grannar.com,1950-05-03 10:30:20,58,4710
Francesca Rogers,Francesca_Rogers3659@dionrab.com,1859-06-24 18:37:18,76,4711
Cedrick Thomas,Cedrick_Thomas3657@dionrab.com,1969-12-19 03:08:52,66,4712
Bryon Windsor,Bryon_Windsor475@mafthy.com,2014-05-05 10:14:58,30,4713
Selena Corbett,Selena_Corbett4941@twace.org,1885-06-24 07:45:26,20,4714
John Kelly,John_Kelly3920@kideod.biz,1859-04-28 04:11:24,84,4715
Johnny Myatt,Johnny_Myatt7513@gembat.biz,1959-07-19 09:31:46,25,4716
Benny Lakey,Benny_Lakey1677@sveldo.biz,1992-08-09 18:22:14,79,4717
Lorraine Graham,Lorraine_Graham8689@nanoff.biz,1822-11-10 02:35:35,49,4718
Leroy Dempsey,Leroy_Dempsey1812@nickia.com,1874-07-04 00:20:17,53,4719
Enoch Jobson,Enoch_Jobson3510@twipet.com,1994-01-05 14:03:16,65,4720
Belinda Wilkinson,Belinda_Wilkinson6590@gmail.com,1836-10-12 14:44:34,33,4721
Alex Sawyer,Alex_Sawyer3994@ubusive.com,1917-10-06 16:27:29,86,4722
Chad Coleman,Chad_Coleman8144@qater.org,1950-10-29 09:20:34,42,4723
Rosalie Hunt,Rosalie_Hunt166@extex.org,2007-05-03 06:10:47,65,4724
Jayden Matthews,Jayden_Matthews1018@hourpy.biz,1837-01-14 19:34:01,83,4725
Shay Robinson,Shay_Robinson4459@bauros.biz,2011-01-07 16:08:47,77,4726
Quinn Ralph,Quinn_Ralph2894@typill.biz,1930-06-23 11:54:24,50,4727
Bob Funnell,Bob_Funnell9202@tonsy.org,1929-04-08 15:58:57,80,4728
Felicity Henderson,Felicity_Henderson7821@atink.com,1859-12-11 11:51:15,20,4729
Cara Shepherd,Cara_Shepherd817@bungar.biz,1894-12-14 02:28:16,41,4730
Lindsay Khan,Lindsay_Khan6244@vetan.org,1943-08-22 12:37:14,35,4731
Madison Ralph,Madison_Ralph511@bulaffy.com,1983-09-22 21:22:08,68,4732
Owen Adler,Owen_Adler3770@tonsy.org,1826-10-31 03:33:58,85,4733
Elijah Rose,Elijah_Rose6921@tonsy.org,1999-05-31 15:41:10,61,4734
Judith James,Judith_James503@sheye.org,1911-01-18 22:18:10,26,4735
Mandy Pratt,Mandy_Pratt6700@gembat.biz,2007-04-17 05:46:25,65,4736
Louise Griffiths,Louise_Griffiths4337@naiker.biz,1834-01-23 01:27:50,19,4737
Alan Moss,Alan_Moss6123@ovock.tech,1866-02-17 00:36:36,78,4738
Paula Bentley,Paula_Bentley8903@supunk.biz,1956-12-11 20:01:28,38,4739
Hannah Morrow,Hannah_Morrow5912@dionrab.com,1964-12-03 04:10:15,74,4740
Caleb Thomas,Caleb_Thomas1546@infotech44.tech,1860-05-10 12:42:42,98,4741
Owen Furnell,Owen_Furnell6845@womeona.net,1941-09-26 12:44:02,26,4742
Colleen Mitchell,Colleen_Mitchell6102@gmail.com,1871-12-12 21:36:31,36,4743
Paula Stone ,Paula_Stone 9217@ubusive.com,1924-02-14 08:14:54,33,4744
Kenzie Dyson,Kenzie_Dyson4880@acrit.org,2018-09-21 16:35:03,56,4745
Leanne Allen,Leanne_Allen1566@corti.com,1899-09-30 12:49:45,75,4746
Noah Driscoll,Noah_Driscoll5067@ovock.tech,1833-02-19 06:14:20,19,4747
Joyce Ring,Joyce_Ring8587@ovock.tech,1829-05-10 16:29:15,49,4748
Denny Andrews,Denny_Andrews622@famism.biz,1937-05-25 16:11:25,94,4749
Adeline Rixon,Adeline_Rixon2182@ovock.tech,1869-03-27 22:47:31,41,4750
Alice Collis,Alice_Collis303@eirey.tech,1994-06-27 14:16:12,55,4751
Matt Bailey,Matt_Bailey3903@atink.com,1998-04-11 07:07:27,48,4752
Aeris Sloan,Aeris_Sloan4127@yahoo.com,1954-11-18 19:35:54,76,4753
Marina Cassidy,Marina_Cassidy9847@nimogy.biz,1839-04-23 02:31:47,32,4754
Jack Powell,Jack_Powell9724@eirey.tech,2015-07-19 22:04:03,22,4755
Denis Morley,Denis_Morley1586@bungar.biz,1937-10-08 14:49:00,65,4756
Janelle Cox,Janelle_Cox4969@gmail.com,1976-05-06 00:35:41,23,4757
Gladys Quinn,Gladys_Quinn2822@joiniaa.com,2004-01-21 02:50:09,22,4758
Joseph West,Joseph_West8669@typill.biz,1868-01-21 13:48:03,26,4759
Jayden Butler,Jayden_Butler2248@twace.org,2011-09-25 01:28:35,56,4760
Melody Penn,Melody_Penn9967@jiman.org,1840-05-07 12:03:44,18,4761
Abdul Jackson,Abdul_Jackson9500@zorer.org,1877-09-24 10:28:40,29,4762
Wade Andersson,Wade_Andersson5913@mafthy.com,1919-08-10 06:05:08,54,4763
Benjamin Torres,Benjamin_Torres6957@sveldo.biz,1887-11-10 08:32:34,75,4764
Evie Mcguire,Evie_Mcguire477@iatim.tech,1960-03-17 14:34:20,87,4765
Rae Clark,Rae_Clark4651@eirey.tech,1962-11-28 19:46:23,81,4766
Ivette Jefferson,Ivette_Jefferson3036@nanoff.biz,1987-12-31 11:57:49,62,4767
Marina Oatway,Marina_Oatway9870@elnee.tech,1959-05-08 03:28:56,91,4768
Julius Wallace,Julius_Wallace2917@ovock.tech,1871-02-14 19:46:25,51,4769
Ryan Burge,Ryan_Burge8137@zorer.org,1876-09-22 13:44:51,83,4770
Owen Yates,Owen_Yates8119@bungar.biz,1937-08-15 15:47:02,64,4771
Callie Walton,Callie_Walton5063@guentu.biz,1850-06-05 15:36:20,93,4772
Julian Butler,Julian_Butler4282@yahoo.com,1888-05-11 17:04:06,29,4773
Molly Cowan,Molly_Cowan1519@deavo.com,1868-10-28 21:54:21,48,4774
Gabriel Davies,Gabriel_Davies8710@qater.org,1852-10-18 16:37:54,77,4775
Elle Fulton,Elle_Fulton9638@naiker.biz,1913-04-06 02:19:45,66,4776
Oliver Bayliss,Oliver_Bayliss9055@irrepsy.com,1852-06-29 16:40:46,71,4777
Joseph Dunbar,Joseph_Dunbar9822@acrit.org,2017-07-30 22:39:34,89,4778
Percy Mcnally,Percy_Mcnally3915@grannar.com,1843-01-10 22:38:21,38,4779
Blake Bryson,Blake_Bryson7626@grannar.com,2012-04-02 07:49:23,74,4780
Deborah Broomfield,Deborah_Broomfield2650@cispeto.com,1986-10-08 16:25:36,84,4781
Chad Alexander,Chad_Alexander9078@extex.org,1962-06-02 10:17:21,47,4782
Bernadette Hill,Bernadette_Hill5510@cispeto.com,1943-07-11 13:29:26,50,4783
Tony Wilson,Tony_Wilson8903@kideod.biz,1930-02-07 06:53:52,76,4784
Scarlett Pickard,Scarlett_Pickard5492@bauros.biz,1959-09-11 19:14:45,86,4785
Payton Ogilvy,Payton_Ogilvy412@cispeto.com,1889-06-13 16:17:44,90,4786
Barry Grady,Barry_Grady2218@atink.com,1891-07-17 04:50:27,54,4787
Bob Gordon,Bob_Gordon6426@infotech44.tech,1945-03-12 01:46:46,85,4788
Sabina Roscoe,Sabina_Roscoe6099@zorer.org,1948-12-04 14:13:22,25,4789
Chuck Bryson,Chuck_Bryson31@corti.com,1856-09-04 12:47:23,50,4790
Ronald Gonzales,Ronald_Gonzales3235@supunk.biz,2016-08-13 13:49:04,90,4791
Melania Young,Melania_Young9285@twace.org,1992-01-05 11:22:20,59,4792
Anthony Reading,Anthony_Reading3713@vetan.org,1913-10-09 08:24:08,81,4793
Megan Gray,Megan_Gray3946@twipet.com,1970-07-15 13:24:12,91,4794
Sienna Armstrong,Sienna_Armstrong4918@typill.biz,1996-11-19 10:13:51,70,4795
Alexia Farrell,Alexia_Farrell8985@nimogy.biz,1934-04-24 12:23:41,93,4796
Celina Walter,Celina_Walter2990@hourpy.biz,1831-05-06 13:06:37,49,4797
Henry Redwood,Henry_Redwood4596@irrepsy.com,1999-04-27 18:58:33,78,4798
Daphne Marshall,Daphne_Marshall5161@deons.tech,1994-12-14 17:28:41,77,4799
Hank Vallory,Hank_Vallory2958@twipet.com,1989-12-28 02:49:39,79,4800
Sabina Bradley,Sabina_Bradley4922@gmail.com,1945-02-17 00:00:25,83,4801
Michael Whatson,Michael_Whatson9661@bungar.biz,1906-08-14 14:10:12,96,4802
Gloria Woodley,Gloria_Woodley9002@atink.com,1837-05-30 08:50:09,68,4803
Cassandra Talbot,Cassandra_Talbot8227@elnee.tech,1945-10-15 13:02:08,55,4804
Enoch Watson,Enoch_Watson8983@infotech44.tech,1955-07-05 08:43:21,88,4805
Adalie Townend,Adalie_Townend7080@irrepsy.com,1866-04-20 22:40:19,40,4806
Daphne Walton,Daphne_Walton8165@yahoo.com,1980-08-30 05:00:32,42,4807
Oliver Wade,Oliver_Wade7582@sveldo.biz,1920-09-03 00:29:55,57,4808
Adina Owen,Adina_Owen2985@joiniaa.com,1985-11-11 07:36:20,33,4809
Liam Sherwood,Liam_Sherwood8709@gembat.biz,1956-08-31 21:13:51,31,4810
Noemi Gilbert,Noemi_Gilbert631@fuliss.net,1939-04-06 21:51:35,97,4811
Russel Riley,Russel_Riley8500@grannar.com,1945-01-13 15:31:23,34,4812
Rick Atkinson,Rick_Atkinson3540@iatim.tech,2017-05-28 20:08:32,53,4813
Harvey Collins,Harvey_Collins7681@yahoo.com,1900-05-17 10:25:17,85,4814
Nick Baker,Nick_Baker3844@fuliss.net,1863-06-10 02:51:19,65,4815
Christine Abbot,Christine_Abbot6723@nimogy.biz,1987-09-22 15:49:25,19,4816
Enoch Hope,Enoch_Hope1693@joiniaa.com,1895-02-14 18:58:48,29,4817
Alan Collis,Alan_Collis5710@twipet.com,1821-09-10 13:16:20,52,4818
Gabriel Savage,Gabriel_Savage9724@joiniaa.com,1853-10-06 22:56:04,34,4819
Harry Harris,Harry_Harris2761@sveldo.biz,1846-07-15 03:49:57,69,4820
Carl Hardwick,Carl_Hardwick1831@supunk.biz,1976-09-28 03:15:22,74,4821
Lorraine Vaughan,Lorraine_Vaughan63@atink.com,1956-11-12 21:20:44,37,4822
Holly Foxley,Holly_Foxley6201@elnee.tech,1937-11-18 05:57:26,31,4823
Joseph Smith,Joseph_Smith7196@yahoo.com,1969-01-12 22:37:34,69,4824
Samantha Roman,Samantha_Roman3811@ovock.tech,1884-09-01 02:00:07,53,4825
Erick Bloom,Erick_Bloom7423@liret.org,1930-04-12 04:25:44,84,4826
Macy Potts,Macy_Potts2105@hourpy.biz,1916-11-25 02:45:58,51,4827
Daron Bell,Daron_Bell1224@liret.org,1954-06-04 06:31:38,26,4828
Analise Dempsey,Analise_Dempsey143@extex.org,1832-03-13 15:32:28,56,4829
Angelica Lane,Angelica_Lane7685@dionrab.com,1986-09-27 20:22:32,57,4830
Jennifer Bennett,Jennifer_Bennett7185@brety.org,1995-08-23 00:57:30,64,4831
Mason Bell,Mason_Bell6625@ubusive.com,1886-08-31 07:46:13,81,4832
Scarlett Stevenson,Scarlett_Stevenson5141@zorer.org,1851-11-30 09:58:02,50,4833
Hannah Powell,Hannah_Powell1838@guentu.biz,1848-03-09 04:07:16,26,4834
Johnathan Pickard,Johnathan_Pickard9120@tonsy.org,1994-10-22 17:12:25,79,4835
Carissa Murphy,Carissa_Murphy7808@muall.tech,1952-08-08 01:29:50,65,4836
William Santos,William_Santos1284@typill.biz,1900-10-10 15:34:45,33,4837
Barry Nelson,Barry_Nelson1210@bauros.biz,1844-05-10 11:22:19,99,4838
Dorothy Robinson,Dorothy_Robinson3006@guentu.biz,1948-06-22 16:12:30,36,4839
Danny Attwood,Danny_Attwood7096@muall.tech,2018-01-19 17:53:05,82,4840
Valerie Hogg,Valerie_Hogg2477@iatim.tech,1875-09-30 13:01:02,62,4841
Ron Smith,Ron_Smith8524@tonsy.org,1868-01-20 10:36:13,31,4842
Peter Wren,Peter_Wren5539@sveldo.biz,1903-03-02 21:47:27,80,4843
Rick Attwood,Rick_Attwood5469@typill.biz,1855-09-21 17:18:39,69,4844
Mayleen Smith,Mayleen_Smith9844@deons.tech,1903-02-28 12:24:30,52,4845
Rylee Flynn,Rylee_Flynn9305@sveldo.biz,1964-08-30 03:52:08,35,4846
Gladys Styles,Gladys_Styles2767@tonsy.org,1925-05-14 09:36:02,19,4847
Javier Tait,Javier_Tait6064@twace.org,2012-08-03 06:04:27,74,4848
Cassidy Squire,Cassidy_Squire438@eirey.tech,1858-01-17 21:20:25,24,4849
Leslie Khan,Leslie_Khan4679@twipet.com,1866-07-18 03:52:46,63,4850
Bethany Gavin,Bethany_Gavin4906@ovock.tech,1889-12-29 04:04:46,30,4851
Gil Redden,Gil_Redden4558@ubusive.com,1984-03-23 11:30:01,18,4852
Tyler Gilbert,Tyler_Gilbert9663@extex.org,1936-05-15 22:28:18,92,4853
Lucas Whittle,Lucas_Whittle9119@nickia.com,2013-06-05 03:47:05,91,4854
Michaela Pearce,Michaela_Pearce2764@nickia.com,2014-05-17 10:41:08,56,4855
Tiffany Reid,Tiffany_Reid7804@infotech44.tech,2012-06-13 16:24:29,48,4856
Lauren Bowen,Lauren_Bowen8893@ubusive.com,1823-07-27 17:29:46,48,4857
Winnie Kaur,Winnie_Kaur1327@yahoo.com,1963-04-25 11:54:18,19,4858
Jayden White,Jayden_White8537@tonsy.org,1860-11-16 12:29:55,76,4859
Boris Clarke,Boris_Clarke7176@grannar.com,1868-06-15 02:38:55,70,4860
Doug Kelly,Doug_Kelly7684@naiker.biz,1820-11-26 04:43:44,39,4861
Morgan Uttley,Morgan_Uttley4903@jiman.org,1833-07-25 09:52:41,28,4862
Monica Rosenbloom,Monica_Rosenbloom674@twace.org,2008-03-06 09:42:34,82,4863
Paula Mackenzie,Paula_Mackenzie6595@hourpy.biz,1847-12-10 08:33:03,33,4864
Sienna Stone,Sienna_Stone6795@eirey.tech,1909-04-11 14:47:26,57,4865
Wade Bishop,Wade_Bishop8104@nanoff.biz,2003-02-13 09:50:38,87,4866
Peter Nobbs,Peter_Nobbs9576@nickia.com,1942-09-24 19:26:39,28,4867
Belinda Wilcox,Belinda_Wilcox5151@sveldo.biz,1953-08-12 11:52:47,73,4868
Rick Newton,Rick_Newton1048@ovock.tech,1893-08-12 20:09:28,92,4869
Melinda Ward,Melinda_Ward2098@vetan.org,1928-10-03 15:47:00,71,4870
Celina Tailor,Celina_Tailor3242@sheye.org,1824-04-10 09:26:40,59,4871
Marjorie Richardson,Marjorie_Richardson9712@grannar.com,2013-05-26 04:02:00,42,4872
Mason Brock,Mason_Brock7518@supunk.biz,1863-12-16 20:36:53,65,4873
Julian Ballard,Julian_Ballard1621@famism.biz,1842-12-12 10:55:19,94,4874
Isabel Ripley,Isabel_Ripley9846@cispeto.com,1862-06-02 10:56:39,70,4875
Benjamin Whinter,Benjamin_Whinter7133@bulaffy.com,2011-02-15 05:22:54,63,4876
Mavis Summers,Mavis_Summers1194@cispeto.com,1955-02-04 14:52:53,53,4877
John Haines,John_Haines828@ubusive.com,1877-10-20 04:57:13,33,4878
Greta Adams,Greta_Adams2724@eirey.tech,1896-08-04 21:09:14,26,4879
Dasha Cooper,Dasha_Cooper7813@typill.biz,1860-06-30 20:20:28,87,4880
Angelica Nurton,Angelica_Nurton2265@atink.com,1831-05-22 21:41:22,69,4881
Brad Hepburn,Brad_Hepburn7419@sheye.org,1854-05-03 18:15:51,27,4882
Aiden Wellington,Aiden_Wellington8059@gompie.com,1899-09-24 06:54:16,28,4883
Felicity Patel,Felicity_Patel3889@iatim.tech,1866-09-22 20:43:07,33,4884
Wade Rehman,Wade_Rehman6097@acrit.org,1941-04-04 21:15:00,70,4885
Selena Connell,Selena_Connell3628@sveldo.biz,1833-08-18 20:13:39,79,4886
Ramon Kaur,Ramon_Kaur2575@eirey.tech,2003-11-24 18:45:06,62,4887
Henry Briggs,Henry_Briggs6843@muall.tech,1923-01-04 16:02:27,96,4888
Angela Dallas,Angela_Dallas6334@brety.org,1967-02-24 08:07:16,63,4889
Ivy Latham,Ivy_Latham3655@joiniaa.com,1915-09-02 18:30:21,53,4890
Doris Bryson,Doris_Bryson4651@gmail.com,1883-03-15 11:46:41,66,4891
Manuel Stone,Manuel_Stone7086@twipet.com,1978-07-30 01:47:30,60,4892
Carla Emerson,Carla_Emerson5547@gembat.biz,1938-01-06 00:45:16,32,4893
Rihanna Wright,Rihanna_Wright323@twace.org,1877-12-16 19:26:15,52,4894
Ryan Redden,Ryan_Redden6936@gembat.biz,1915-06-12 20:21:04,68,4895
Kieth Mitchell,Kieth_Mitchell8380@zorer.org,1851-10-25 15:35:15,82,4896
Boris King,Boris_King5299@zorer.org,1848-04-01 04:43:33,18,4897
Rick Ryan,Rick_Ryan962@twipet.com,2015-09-03 05:46:20,78,4898
Owen Graham,Owen_Graham6737@sheye.org,1964-05-30 04:49:09,98,4899
Mackenzie Norman,Mackenzie_Norman4651@sveldo.biz,1919-08-07 01:52:48,24,4900
Cara Irwin,Cara_Irwin629@nickia.com,1977-08-19 10:53:32,91,4901
Noah Page ,Noah_Page 5230@sveldo.biz,1952-05-28 00:49:44,30,4902
Bryon Rogers,Bryon_Rogers5911@joiniaa.com,1959-05-13 09:04:57,83,4903
Tara Morrison,Tara_Morrison2634@elnee.tech,1926-09-05 19:37:00,98,4904
Nicholas Redfern,Nicholas_Redfern2542@dionrab.com,1958-05-16 22:39:21,55,4905
Alan Herbert,Alan_Herbert6662@atink.com,2013-11-27 13:11:38,97,4906
Jacob Preston,Jacob_Preston7513@extex.org,1929-04-22 21:58:05,64,4907
Nathan Gordon,Nathan_Gordon7691@guentu.biz,1943-08-14 00:19:30,77,4908
Matthew Sherwood,Matthew_Sherwood5226@ubusive.com,1956-01-16 05:17:06,56,4909
Mason Windsor,Mason_Windsor375@iatim.tech,1998-04-22 09:32:15,61,4910
Angela Olson,Angela_Olson7936@muall.tech,1836-12-08 09:21:45,61,4911
Megan Barclay,Megan_Barclay9290@jiman.org,1943-05-08 15:23:25,43,4912
Martin Faulkner,Martin_Faulkner6221@vetan.org,1848-09-10 09:46:08,99,4913
Chris Latham,Chris_Latham9926@infotech44.tech,1961-06-27 03:54:51,38,4914
Bree Kent,Bree_Kent5837@womeona.net,1965-01-16 22:03:45,18,4915
Kieth Alldridge,Kieth_Alldridge9507@gembat.biz,1842-06-29 02:56:10,60,4916
Rick Jenkins,Rick_Jenkins7800@bretoux.com,1909-06-19 03:40:56,64,4917
Dakota Eaton,Dakota_Eaton1806@yahoo.com,1906-05-10 02:17:05,90,4918
Noemi Taylor,Noemi_Taylor1370@sheye.org,1865-12-02 08:06:45,88,4919
Elijah Thorne,Elijah_Thorne3544@grannar.com,1951-08-04 15:43:16,25,4920
Sloane Gilmour,Sloane_Gilmour2073@grannar.com,1917-07-01 10:55:53,82,4921
Alex Vollans,Alex_Vollans2988@acrit.org,1890-12-12 13:04:00,24,4922
Regina Tyrrell,Regina_Tyrrell962@infotech44.tech,1869-12-07 00:10:36,49,4923
Jacob Taylor,Jacob_Taylor8@ubusive.com,1992-09-09 05:47:34,41,4924
Tyson Eagle,Tyson_Eagle9842@zorer.org,1972-12-21 07:25:58,34,4925
Maribel Roscoe,Maribel_Roscoe1946@fuliss.net,1921-05-07 08:00:13,43,4926
Stacy Quinn,Stacy_Quinn5268@yahoo.com,1943-05-30 18:51:57,58,4927
Mike Owen,Mike_Owen7235@bretoux.com,1950-12-31 19:54:13,35,4928
Destiny Dickson,Destiny_Dickson4193@ubusive.com,1855-04-29 14:48:58,85,4929
Alexa Bailey,Alexa_Bailey2672@typill.biz,1914-02-23 02:40:56,38,4930
Alice Ripley,Alice_Ripley5068@deons.tech,1874-12-10 02:00:51,47,4931
Russel Fowler,Russel_Fowler188@supunk.biz,2002-06-07 02:52:11,87,4932
Elle Chapman,Elle_Chapman1412@fuliss.net,2000-04-12 04:13:54,87,4933
Javier Exton,Javier_Exton9727@eirey.tech,1912-12-02 02:39:19,22,4934
Martin Shea,Martin_Shea6349@nanoff.biz,1823-10-03 10:33:51,91,4935
Dorothy Emerson,Dorothy_Emerson1090@twipet.com,2016-04-15 13:19:28,32,4936
Hayden Coleman,Hayden_Coleman235@typill.biz,1920-07-20 11:47:45,94,4937
Victoria Robinson,Victoria_Robinson1482@sheye.org,1887-02-16 00:14:57,18,4938
Catherine Murray,Catherine_Murray214@corti.com,1887-03-29 15:50:40,40,4939
Enoch Lowe,Enoch_Lowe1546@extex.org,1864-06-26 12:54:48,72,4940
Martin Rigg,Martin_Rigg9451@deons.tech,2000-10-03 14:19:20,95,4941
Aisha Janes,Aisha_Janes4885@brety.org,1905-02-07 11:04:30,57,4942
Adina Carter,Adina_Carter4897@famism.biz,1828-02-12 06:23:09,62,4943
David Overson,David_Overson3137@irrepsy.com,1985-01-14 19:24:55,67,4944
Denny Sinclair,Denny_Sinclair7382@ubusive.com,1932-04-09 09:40:25,64,4945
Audrey Wood,Audrey_Wood3456@qater.org,1999-02-11 11:18:53,21,4946
Maia Eastwood,Maia_Eastwood7934@nanoff.biz,1990-01-28 20:02:00,91,4947
Charlotte Allen,Charlotte_Allen9253@naiker.biz,1914-01-26 02:22:09,57,4948
Rosie Cassidy,Rosie_Cassidy6004@hourpy.biz,1882-12-17 16:04:27,65,4949
Bob Payne,Bob_Payne8882@infotech44.tech,1908-08-23 04:42:33,57,4950
Nina Flynn,Nina_Flynn5270@extex.org,1943-10-31 07:28:32,48,4951
Charlize Johnson,Charlize_Johnson4207@elnee.tech,1830-04-25 06:33:56,87,4952
Rocco Andrews,Rocco_Andrews4322@mafthy.com,1827-11-18 13:14:56,46,4953
Domenic May,Domenic_May6894@hourpy.biz,1867-05-02 20:26:36,35,4954
Alexa Thomson,Alexa_Thomson930@typill.biz,1855-03-29 09:05:27,93,4955
Rose Stewart,Rose_Stewart7268@ubusive.com,1985-08-25 18:14:55,95,4956
Barney Donnelly,Barney_Donnelly2008@deons.tech,1898-03-08 07:26:34,33,4957
Harvey Brock,Harvey_Brock7429@zorer.org,2006-02-01 06:28:37,52,4958
Michelle Slater,Michelle_Slater402@nanoff.biz,1955-02-14 14:04:21,18,4959
Carla Addison,Carla_Addison6670@tonsy.org,1995-08-09 16:19:00,51,4960
Tom Palmer,Tom_Palmer2645@sheye.org,1892-01-23 15:01:50,50,4961
Bryon James,Bryon_James5134@bretoux.com,1925-02-04 07:28:01,52,4962
Leroy Bloom,Leroy_Bloom5898@sheye.org,1917-03-15 06:16:32,18,4963
Chuck Gaynor,Chuck_Gaynor2165@gompie.com,1959-05-22 00:30:15,85,4964
Cameron Snow,Cameron_Snow9649@irrepsy.com,1836-05-07 01:00:21,72,4965
Wade Rothwell,Wade_Rothwell5875@muall.tech,1939-01-27 19:53:28,41,4966
Sylvia Ebbs,Sylvia_Ebbs8471@nanoff.biz,1929-05-10 19:23:55,68,4967
Bryce Jenkins,Bryce_Jenkins2050@joiniaa.com,1852-04-12 00:07:06,75,4968
Sloane Callan,Sloane_Callan8876@elnee.tech,1821-06-28 15:52:33,98,4969
Aeris London,Aeris_London9778@sheye.org,1948-06-15 03:22:46,94,4970
Selena Mcguire,Selena_Mcguire7459@atink.com,1976-07-25 00:05:10,58,4971
Sofia Baxter,Sofia_Baxter7941@qater.org,1972-11-03 10:34:24,31,4972
Ramon Abbot,Ramon_Abbot9569@sheye.org,1901-12-04 17:13:26,80,4973
Owen Turner,Owen_Turner1767@corti.com,1978-03-04 05:10:43,71,4974
Christy Ramsey,Christy_Ramsey757@joiniaa.com,1842-01-09 07:14:07,99,4975
Diane Beal,Diane_Beal6286@dionrab.com,1865-12-11 18:06:57,79,4976
Enoch Edley,Enoch_Edley4237@irrepsy.com,2006-05-02 09:36:18,23,4977
Rosemary Lambert,Rosemary_Lambert7588@nanoff.biz,1877-03-06 06:44:32,72,4978
Evie Terry,Evie_Terry4469@gompie.com,1913-12-08 15:41:06,38,4979
Britney Craig,Britney_Craig9904@iatim.tech,1864-10-01 21:16:35,57,4980
Johnathan Brooks,Johnathan_Brooks636@irrepsy.com,2006-02-10 16:12:27,82,4981
Gil Mcneill,Gil_Mcneill3066@muall.tech,1922-10-29 15:12:50,99,4982
Tess King,Tess_King546@deons.tech,1901-10-09 01:50:07,95,4983
Janelle Jordan,Janelle_Jordan650@ovock.tech,1900-02-06 13:02:57,70,4984
Sadie Rees,Sadie_Rees3254@bretoux.com,2002-06-02 12:53:20,27,4985
Jenna Tate,Jenna_Tate6087@liret.org,1821-12-30 04:51:57,22,4986
Marigold Allington,Marigold_Allington5120@elnee.tech,2006-10-25 21:29:20,38,4987
Benjamin Ventura,Benjamin_Ventura2163@eirey.tech,1979-07-10 10:10:43,32,4988
Chester Rogers,Chester_Rogers179@supunk.biz,1945-02-02 13:31:49,95,4989
Fred Duvall,Fred_Duvall9189@sheye.org,2000-06-14 08:43:52,49,4990
Ally Hopkins,Ally_Hopkins893@tonsy.org,2007-03-06 11:11:21,53,4991
Marie Ross,Marie_Ross7912@gembat.biz,1963-12-27 07:03:07,84,4992
Jacob Weston,Jacob_Weston3977@famism.biz,1862-10-07 12:17:26,46,4993
Mya Stevenson,Mya_Stevenson3596@tonsy.org,1976-04-04 13:25:48,55,4994
Tania Miller,Tania_Miller4134@supunk.biz,1860-10-30 13:16:41,22,4995
Anais Cowan,Anais_Cowan852@famism.biz,1944-06-14 09:09:02,98,4996
Maxwell Dale,Maxwell_Dale235@fuliss.net,1985-03-23 16:45:35,53,4997
Lindsay Tennant,Lindsay_Tennant6619@nimogy.biz,2010-12-03 04:14:58,86,4998
Alessandra Rossi,Alessandra_Rossi3996@naiker.biz,1837-10-12 02:11:18,64,4999
Chad Gray,Chad_Gray8510@dionrab.com,2004-06-03 14:08:23,65,5000
Erick Burnley,Erick_Burnley2668@bungar.biz,1948-03-02 02:55:23,25,5001
Abbey Lynch,Abbey_Lynch2074@acrit.org,1843-08-15 13:20:14,94,5002
Clint Yang,Clint_Yang413@dionrab.com,1955-03-31 12:22:34,81,5003
Alison Thatcher,Alison_Thatcher4228@acrit.org,1984-12-23 13:19:27,30,5004
Abbey Clarke,Abbey_Clarke2312@atink.com,1860-07-28 06:10:29,96,5005
Jayden Tyrrell,Jayden_Tyrrell4669@zorer.org,2013-11-02 08:37:11,39,5006
Olivia Jarvis,Olivia_Jarvis6267@sheye.org,1892-12-30 07:43:50,60,5007
Brad Needham,Brad_Needham919@bungar.biz,1928-03-10 16:13:52,89,5008
Jacob Rose,Jacob_Rose6308@kideod.biz,1827-12-18 03:22:32,49,5009
Doug Vass,Doug_Vass2108@famism.biz,1876-07-26 18:10:27,82,5010
Jazmin Anderson,Jazmin_Anderson9808@elnee.tech,1832-06-18 09:48:31,44,5011
Rachael Baldwin,Rachael_Baldwin3329@zorer.org,1965-08-05 19:43:10,78,5012
Adalie Crawford,Adalie_Crawford4610@famism.biz,1932-11-07 02:39:02,71,5013
Kassandra Gunn,Kassandra_Gunn1086@extex.org,1988-02-29 01:52:11,49,5014
Johnny Broomfield,Johnny_Broomfield2258@twace.org,1887-10-17 05:47:20,44,5015
Henry Robe,Henry_Robe7292@gompie.com,2006-12-28 08:50:54,89,5016
Samantha Gonzales,Samantha_Gonzales8756@mafthy.com,1966-06-05 08:37:20,20,5017
Melania Summers,Melania_Summers7942@deons.tech,1999-06-13 02:56:19,76,5018
Johnny Pratt,Johnny_Pratt7199@gembat.biz,1950-06-28 12:01:32,22,5019
Maxwell Beal,Maxwell_Beal3230@kideod.biz,2005-04-20 12:57:36,50,5020
Logan Allcott,Logan_Allcott3126@muall.tech,1920-07-22 12:12:37,72,5021
Lillian Williams,Lillian_Williams2078@womeona.net,1942-03-10 08:03:39,95,5022
Bryon Kirby,Bryon_Kirby2885@gompie.com,1916-04-17 22:12:20,31,5023
Carl Middleton,Carl_Middleton9288@bauros.biz,1971-02-22 19:01:04,76,5024
Johnny Evans,Johnny_Evans8733@liret.org,1831-05-23 15:44:46,87,5025
Melinda Thorpe,Melinda_Thorpe6785@tonsy.org,1946-01-19 11:10:44,31,5026
Bryon Reid,Bryon_Reid4768@ubusive.com,1962-04-22 01:35:26,81,5027
Chadwick Saunders,Chadwick_Saunders9529@qater.org,1996-03-25 21:12:04,59,5028
Sharon Simmons,Sharon_Simmons4978@iatim.tech,1991-03-23 18:38:43,28,5029
Adelaide Ainsworth,Adelaide_Ainsworth9007@tonsy.org,1973-10-14 10:53:32,59,5030
Gil Dyson,Gil_Dyson155@sveldo.biz,1854-12-01 11:20:49,44,5031
Jayden Uttley,Jayden_Uttley2470@acrit.org,1883-02-27 21:21:50,56,5032
Lana Kerr,Lana_Kerr3331@womeona.net,1829-09-09 02:04:45,24,5033
William Appleton,William_Appleton5572@womeona.net,1969-10-10 20:23:23,55,5034
Nick Samuel,Nick_Samuel4096@kideod.biz,2013-12-25 13:01:32,89,5035
Barney Hewitt,Barney_Hewitt811@vetan.org,1926-08-02 04:57:29,22,5036
Faith Walker,Faith_Walker7560@guentu.biz,1950-01-06 14:32:41,67,5037
Clint Beal,Clint_Beal3982@twace.org,1905-11-10 14:27:52,63,5038
Rhea Oswald,Rhea_Oswald8984@liret.org,1886-01-19 22:34:55,18,5039
Eduardo Waterson,Eduardo_Waterson3422@gmail.com,2005-02-06 20:03:30,83,5040
Tyler Plumb,Tyler_Plumb9349@irrepsy.com,1886-07-18 02:39:56,33,5041
Boris Price,Boris_Price9362@vetan.org,2020-01-04 20:40:31,64,5042
Andie Baker,Andie_Baker7037@famism.biz,1914-01-22 13:37:01,34,5043
Benny Jarrett,Benny_Jarrett968@gembat.biz,1900-09-16 17:35:25,91,5044
Daron Fleming,Daron_Fleming7451@deons.tech,1982-12-10 19:57:43,49,5045
Maxwell Summers,Maxwell_Summers9387@sveldo.biz,1882-05-12 10:35:51,99,5046
Aiden Wright,Aiden_Wright7594@muall.tech,1889-08-20 18:58:42,34,5047
Anabel Hudson,Anabel_Hudson6267@gmail.com,1894-12-25 09:50:35,38,5048
Goldie Reyes,Goldie_Reyes6397@atink.com,1891-12-11 00:00:57,91,5049
Cara Reese,Cara_Reese4367@nanoff.biz,1962-05-16 15:51:06,79,5050
Liam Parr,Liam_Parr5381@atink.com,1972-09-19 21:53:33,78,5051
Rosie Walsh,Rosie_Walsh6282@supunk.biz,1838-07-10 13:00:35,41,5052
Stephanie Owen,Stephanie_Owen8290@eirey.tech,1835-03-04 12:48:26,71,5053
Angelica Riley,Angelica_Riley8555@liret.org,1968-03-09 08:20:29,50,5054
Britney Murphy,Britney_Murphy2376@fuliss.net,1895-08-16 03:05:03,24,5055
Phillip Wilson,Phillip_Wilson8160@elnee.tech,1870-03-14 20:24:17,24,5056
Kendra Thomas,Kendra_Thomas9169@yahoo.com,1890-08-06 18:08:23,70,5057
Leroy Rogers,Leroy_Rogers2034@zorer.org,1859-01-30 07:45:48,89,5058
Hope Matthews,Hope_Matthews3664@grannar.com,1831-10-10 06:55:24,97,5059
Chuck Mccall,Chuck_Mccall4179@tonsy.org,1880-03-13 15:30:12,71,5060
Colleen Powell,Colleen_Powell4056@supunk.biz,1989-03-11 03:03:56,37,5061
Penelope Stanton,Penelope_Stanton4279@atink.com,1973-05-01 08:05:21,97,5062
Liam Maxwell,Liam_Maxwell4340@sheye.org,1966-12-22 04:05:01,64,5063
Harvey Radley,Harvey_Radley1778@bretoux.com,2001-01-08 17:21:58,76,5064
Alexa Nielson,Alexa_Nielson1801@dionrab.com,1973-04-18 08:36:15,52,5065
Ryan Truscott,Ryan_Truscott2331@mafthy.com,1955-06-28 06:15:37,71,5066
Bart Vaughn,Bart_Vaughn3835@deavo.com,1838-12-13 12:24:06,38,5067
Rosalee Gilmour,Rosalee_Gilmour6531@famism.biz,1990-02-28 20:32:21,19,5068
Madelyn Whatson,Madelyn_Whatson5985@iatim.tech,2009-07-28 15:19:35,70,5069
Melinda Benfield,Melinda_Benfield3360@dionrab.com,1993-09-20 04:35:27,97,5070
Eileen Nelson,Eileen_Nelson50@joiniaa.com,2009-09-13 10:29:10,78,5071
Madison Hilton,Madison_Hilton6159@twipet.com,1833-02-16 04:26:44,81,5072
Alexa Tyler,Alexa_Tyler4769@muall.tech,1924-01-27 06:45:34,33,5073
Monica Rivers,Monica_Rivers4025@naiker.biz,1896-07-14 01:48:11,73,5074
Rylee Bryson,Rylee_Bryson8646@qater.org,1994-03-09 13:06:02,18,5075
Jules Hunt,Jules_Hunt6943@womeona.net,2019-11-29 03:02:21,91,5076
Danny Foxley,Danny_Foxley9803@dionrab.com,1923-05-25 15:28:48,93,5077
Nina Lee,Nina_Lee826@twipet.com,1875-10-22 01:56:37,81,5078
Kenzie Parker,Kenzie_Parker5777@womeona.net,2007-12-27 09:22:51,83,5079
Gabriel Edmonds,Gabriel_Edmonds2992@extex.org,1972-12-06 05:10:47,45,5080
Percy Clarke,Percy_Clarke1218@fuliss.net,1874-09-25 11:45:23,39,5081
Elijah Robinson,Elijah_Robinson5921@infotech44.tech,1926-05-20 22:20:26,28,5082
Jayden Reid,Jayden_Reid250@nimogy.biz,2014-03-24 21:56:05,62,5083
Cedrick Armstrong,Cedrick_Armstrong2971@gompie.com,1979-07-08 19:35:33,39,5084
Evelynn Windsor,Evelynn_Windsor6059@zorer.org,1823-11-12 14:51:19,56,5085
Cedrick Reese,Cedrick_Reese6807@eirey.tech,2004-12-10 11:15:25,21,5086
Marjorie Button,Marjorie_Button8576@gembat.biz,1826-08-28 01:06:01,32,5087
Paige Rehman,Paige_Rehman1742@nickia.com,1906-09-28 06:00:09,73,5088
Bart Olivier,Bart_Olivier6195@bauros.biz,1850-06-28 03:27:03,70,5089
Maribel Lowe,Maribel_Lowe5328@bulaffy.com,2007-08-03 22:07:22,86,5090
Cassidy Hobson,Cassidy_Hobson1417@naiker.biz,1903-01-25 02:32:01,84,5091
Claire Drummond,Claire_Drummond7538@nimogy.biz,1882-12-12 20:03:06,23,5092
Harry Mccall,Harry_Mccall3775@guentu.biz,1836-11-24 04:14:15,77,5093
Cara Kelly,Cara_Kelly3201@deavo.com,1986-03-15 04:28:48,45,5094
Liliana Weatcroft,Liliana_Weatcroft2430@fuliss.net,1983-02-28 11:25:49,67,5095
Daniel Upton,Daniel_Upton3214@infotech44.tech,1892-05-16 10:27:15,76,5096
Liam Clarke,Liam_Clarke2891@acrit.org,1915-06-08 19:46:02,88,5097
Domenic Taylor,Domenic_Taylor7655@yahoo.com,1870-11-27 03:47:21,23,5098
Abdul Addley,Abdul_Addley6628@nimogy.biz,1928-06-09 02:17:20,47,5099
Fred Farrant,Fred_Farrant1132@sveldo.biz,1850-08-13 07:09:52,62,5100
Isla Chappell,Isla_Chappell9756@irrepsy.com,1949-08-04 15:15:16,77,5101
Ilona Terry,Ilona_Terry1886@sveldo.biz,1910-11-25 11:37:35,84,5102
George Clarkson,George_Clarkson6754@corti.com,1900-08-12 03:07:38,90,5103
Wendy Dixon,Wendy_Dixon8258@sveldo.biz,2003-09-24 08:25:10,20,5104
Hayden Taylor,Hayden_Taylor6269@atink.com,1963-10-17 14:02:00,72,5105
Isla James,Isla_James710@tonsy.org,1900-11-26 05:42:28,24,5106
Diane Myatt,Diane_Myatt4002@naiker.biz,1864-11-19 16:16:04,33,5107
Makenzie Weatcroft,Makenzie_Weatcroft5700@ovock.tech,1915-12-02 12:48:31,81,5108
Kendra Harrington,Kendra_Harrington9805@gembat.biz,1870-01-12 10:50:37,76,5109
Marla Emmett,Marla_Emmett1063@grannar.com,1881-10-28 05:36:49,93,5110
Aisha Beal,Aisha_Beal8139@mafthy.com,1943-05-10 05:57:06,76,5111
Tyson Driscoll,Tyson_Driscoll6992@twipet.com,1891-11-01 10:37:10,62,5112
Liam Wellington,Liam_Wellington3635@cispeto.com,1902-04-13 02:20:00,71,5113
Daniel Williams,Daniel_Williams6026@naiker.biz,1912-11-21 03:17:22,67,5114
Russel Collingwood,Russel_Collingwood9176@qater.org,1869-08-28 10:14:48,34,5115
Tiffany Hobbs,Tiffany_Hobbs3042@twace.org,1844-01-12 15:35:17,33,5116
Cedrick Beal,Cedrick_Beal4699@corti.com,2010-12-25 10:34:53,85,5117
Tony Parr,Tony_Parr5867@womeona.net,1886-07-20 03:43:30,40,5118
Violet Malone,Violet_Malone8129@sheye.org,1941-10-06 11:39:27,72,5119
Michael Cooper,Michael_Cooper2054@deons.tech,1842-03-22 11:15:25,90,5120
Mabel Russel,Mabel_Russel9937@extex.org,1968-01-10 08:49:45,84,5121
Tom Spencer,Tom_Spencer238@eirey.tech,1948-01-21 08:09:40,90,5122
Remy Carpenter,Remy_Carpenter2397@famism.biz,1951-12-28 02:02:28,52,5123
Hayden Dyson,Hayden_Dyson6303@irrepsy.com,1827-09-30 12:31:48,21,5124
Vivian Douglas,Vivian_Douglas6539@nimogy.biz,1988-02-05 10:58:56,55,5125
Dalia Bryant,Dalia_Bryant5437@joiniaa.com,1823-04-15 17:05:56,45,5126
Dalia Murray,Dalia_Murray3554@infotech44.tech,1842-11-08 14:26:32,35,5127
Denis Morley,Denis_Morley6552@muall.tech,1987-02-18 20:27:32,34,5128
Elena Glynn,Elena_Glynn336@nimogy.biz,1923-08-05 06:44:12,55,5129
Jack Robinson,Jack_Robinson4800@elnee.tech,2001-02-14 06:31:40,65,5130
Marie Murphy,Marie_Murphy7385@acrit.org,1996-10-25 22:54:52,66,5131
Daron Amstead,Daron_Amstead7510@atink.com,1915-05-20 05:18:39,54,5132
Bree Collis,Bree_Collis840@ovock.tech,1955-03-01 06:50:13,79,5133
Callie Gonzales,Callie_Gonzales9742@fuliss.net,1858-08-07 16:20:40,84,5134
Jacob Radcliffe,Jacob_Radcliffe6243@ubusive.com,2011-08-11 20:48:20,95,5135
Davina Vollans,Davina_Vollans2424@sheye.org,1883-11-09 17:20:46,73,5136
Tony Cork,Tony_Cork1499@yahoo.com,1977-07-03 12:33:44,95,5137
Mabel Collins,Mabel_Collins8610@bungar.biz,1907-09-10 00:36:44,99,5138
Russel Donnelly,Russel_Donnelly2819@deons.tech,1938-09-30 10:31:12,74,5139
Nate Mcneill,Nate_Mcneill89@tonsy.org,1899-02-01 15:42:34,62,5140
Nicholas Pierce,Nicholas_Pierce3897@nanoff.biz,1973-03-19 07:00:18,44,5141
Marvin Varley,Marvin_Varley7905@guentu.biz,1851-08-04 14:23:03,54,5142
Rosalee Cox,Rosalee_Cox588@cispeto.com,1905-09-06 07:37:39,61,5143
Mark Rust,Mark_Rust2036@gompie.com,1913-05-15 08:07:06,44,5144
Russel Jennson,Russel_Jennson8886@supunk.biz,1878-02-05 17:45:06,21,5145
Jayden Edley,Jayden_Edley1478@liret.org,1906-04-23 22:01:51,79,5146
Adelaide Jenkin,Adelaide_Jenkin7909@mafthy.com,1821-06-02 02:23:12,52,5147
Chris Wigley,Chris_Wigley7427@nanoff.biz,1991-06-08 17:27:39,36,5148
Benny Allen,Benny_Allen6191@bauros.biz,1911-08-11 14:52:57,29,5149
Denny Brennan,Denny_Brennan3570@guentu.biz,1935-02-22 02:24:18,49,5150
Callie Cameron,Callie_Cameron6909@jiman.org,1879-12-01 22:53:57,48,5151
Aiden Keys,Aiden_Keys6382@dionrab.com,1994-01-18 04:43:02,28,5152
Peyton Mcleod,Peyton_Mcleod796@bungar.biz,1905-09-22 05:55:50,67,5153
Denny Redwood,Denny_Redwood2952@famism.biz,1887-11-25 00:48:21,54,5154
Boris Mann,Boris_Mann5924@corti.com,1822-02-09 00:36:17,19,5155
Jacob Knott,Jacob_Knott1835@yahoo.com,2010-01-19 21:27:45,86,5156
Regina Lindsay,Regina_Lindsay3736@iatim.tech,1878-02-22 07:02:34,77,5157
Tara Gray,Tara_Gray5920@muall.tech,1944-08-30 07:49:34,93,5158
Cameron Edley,Cameron_Edley8289@gembat.biz,1893-11-11 22:57:16,26,5159
Bob Richardson,Bob_Richardson5237@gmail.com,1904-01-30 15:31:56,34,5160
Cassandra Quinnell,Cassandra_Quinnell5604@nanoff.biz,1825-06-11 00:46:30,50,5161
Henry Sheldon,Henry_Sheldon8516@joiniaa.com,1914-11-08 09:13:09,39,5162
Freya Stone,Freya_Stone4779@bretoux.com,1883-11-07 07:50:12,37,5163
Mike Rose,Mike_Rose3817@eirey.tech,1910-12-30 12:05:39,33,5164
Hank Darcy,Hank_Darcy8753@irrepsy.com,1888-11-25 15:11:06,92,5165
Russel Judd,Russel_Judd6956@guentu.biz,1883-12-03 04:33:14,87,5166
Cara Speed,Cara_Speed2856@kideod.biz,1988-09-25 04:29:36,97,5167
Daron Rosenbloom,Daron_Rosenbloom9775@bulaffy.com,1844-06-25 20:53:58,97,5168
Percy Dixon,Percy_Dixon3112@gembat.biz,1918-02-25 09:10:28,93,5169
Ronald Coll,Ronald_Coll8146@irrepsy.com,1861-03-24 14:09:24,70,5170
Kenzie Stanton,Kenzie_Stanton1386@extex.org,1963-07-13 20:23:46,81,5171
Adela Robinson,Adela_Robinson2874@tonsy.org,1940-12-10 09:15:03,97,5172
Gabriel Leslie,Gabriel_Leslie6878@deavo.com,2001-01-07 10:44:29,75,5173
Boris Weasley,Boris_Weasley3628@hourpy.biz,1922-09-24 11:35:18,59,5174
Gabriel Villiger,Gabriel_Villiger7137@cispeto.com,2015-07-14 10:32:37,89,5175
Florence Lewis,Florence_Lewis4476@gembat.biz,1843-09-10 03:53:25,25,5176
Tony Reyes,Tony_Reyes929@jiman.org,1954-10-16 18:11:27,73,5177
Erick Morgan,Erick_Morgan5649@gmail.com,1901-10-30 14:17:10,77,5178
Lindsay Alldridge,Lindsay_Alldridge6364@bulaffy.com,1849-12-23 14:02:09,76,5179
Chloe Khan,Chloe_Khan2216@eirey.tech,1913-04-04 03:17:26,86,5180
Sebastian Kirby,Sebastian_Kirby9545@naiker.biz,2017-01-29 09:31:04,83,5181
Alexander Eddison,Alexander_Eddison7117@iatim.tech,1886-07-31 00:14:10,28,5182
Amy Quinton,Amy_Quinton7518@twipet.com,1913-01-13 14:42:18,92,5183
Jennifer Norris,Jennifer_Norris3375@grannar.com,1862-07-26 19:09:50,93,5184
Aeris Downing,Aeris_Downing3511@liret.org,1929-01-19 20:26:34,93,5185
Josh Drummond,Josh_Drummond3209@typill.biz,1899-04-18 04:19:38,44,5186
Julius Everett,Julius_Everett1758@womeona.net,1848-11-09 22:22:09,52,5187
Denis Wood,Denis_Wood2597@supunk.biz,2004-10-14 18:40:30,79,5188
Hank Tailor,Hank_Tailor3866@kideod.biz,1899-05-28 05:31:31,31,5189
Aiden Moreno,Aiden_Moreno5249@mafthy.com,1831-07-23 20:45:48,25,5190
Rufus Bolton,Rufus_Bolton1624@elnee.tech,1940-04-08 10:50:55,90,5191
Erica Shaw,Erica_Shaw9022@bauros.biz,1852-07-03 12:49:42,28,5192
Marissa Norris,Marissa_Norris9911@joiniaa.com,1822-12-29 07:51:40,44,5193
Rosalie Ulyatt,Rosalie_Ulyatt4386@tonsy.org,1833-03-28 20:57:56,88,5194
Mina Fenton,Mina_Fenton6414@mafthy.com,1919-08-24 15:35:45,52,5195
Regina Wren,Regina_Wren6920@nanoff.biz,1846-10-06 14:18:43,51,5196
Trisha Miller,Trisha_Miller6100@qater.org,1927-05-07 14:22:42,74,5197
Destiny Ballard,Destiny_Ballard8642@gembat.biz,1927-06-28 19:12:23,93,5198
Sofia Wright,Sofia_Wright2581@typill.biz,2017-12-04 22:10:15,22,5199
Destiny Kelly,Destiny_Kelly5585@mafthy.com,1883-12-02 04:58:46,22,5200
Joyce Mould,Joyce_Mould804@atink.com,2008-11-24 04:11:28,70,5201
Hazel Holmes,Hazel_Holmes8245@dionrab.com,1925-12-31 11:53:46,88,5202
Juliette Terry,Juliette_Terry6624@jiman.org,1962-01-30 07:18:15,91,5203
Denis Bright,Denis_Bright3504@dionrab.com,1827-02-17 19:01:06,89,5204
Mike Ramsey,Mike_Ramsey6298@bauros.biz,2018-05-05 15:23:28,23,5205
Mark Norman,Mark_Norman9280@cispeto.com,1897-12-31 04:13:47,53,5206
Hayden Uddin,Hayden_Uddin5804@bretoux.com,1910-02-08 00:32:44,21,5207
Nick Rigg,Nick_Rigg9193@famism.biz,1973-03-25 17:28:53,41,5208
Eduardo Savage,Eduardo_Savage2002@dionrab.com,1827-12-26 14:29:50,73,5209
Liliana Ianson,Liliana_Ianson6836@jiman.org,2008-10-31 19:06:19,43,5210
David Snell,David_Snell4489@supunk.biz,1892-02-12 11:16:51,78,5211
Fred Curtis,Fred_Curtis5255@supunk.biz,1955-01-26 00:42:29,40,5212
Michelle Haines,Michelle_Haines788@tonsy.org,1835-03-28 05:06:38,27,5213
Owen Saunders,Owen_Saunders5930@twipet.com,2007-12-20 06:22:48,76,5214
Jacob Fleming,Jacob_Fleming1134@famism.biz,1845-02-01 06:40:17,66,5215
Tony Cowan,Tony_Cowan538@cispeto.com,1917-07-30 09:33:14,43,5216
Eryn Welsch,Eryn_Welsch7624@hourpy.biz,2015-01-05 12:43:13,54,5217
Carmella Cartwright,Carmella_Cartwright7944@brety.org,1905-07-22 20:35:01,24,5218
George Allwood,George_Allwood544@gembat.biz,1973-04-07 00:05:04,84,5219
Winnie Ellery,Winnie_Ellery5119@vetan.org,1853-01-01 17:50:16,24,5220
George Farrell,George_Farrell8449@gembat.biz,1867-03-28 05:48:19,25,5221
Erick West,Erick_West1754@womeona.net,1931-09-08 12:33:32,23,5222
Julianna Edley,Julianna_Edley4231@bulaffy.com,1955-11-10 12:23:11,64,5223
Kate Flett,Kate_Flett9362@cispeto.com,1866-06-30 02:57:50,98,5224
Alexa Larkin,Alexa_Larkin9949@gembat.biz,1966-08-17 03:56:58,21,5225
Ethan Plumb,Ethan_Plumb2077@atink.com,1841-02-28 20:02:55,61,5226
Melanie Parker,Melanie_Parker7656@joiniaa.com,1938-11-08 11:36:39,41,5227
Logan Maxwell,Logan_Maxwell5736@womeona.net,1963-01-12 15:38:13,32,5228
Maribel Wood,Maribel_Wood1456@infotech44.tech,1921-09-29 16:06:46,51,5229
Tyler Farmer,Tyler_Farmer3206@twipet.com,1959-12-05 13:00:34,67,5230
Scarlett Cann,Scarlett_Cann7010@mafthy.com,1822-10-13 10:43:39,53,5231
Mackenzie Samuel,Mackenzie_Samuel7506@fuliss.net,1841-01-08 09:28:47,91,5232
Nathan Gordon,Nathan_Gordon2546@infotech44.tech,1902-03-12 12:23:17,86,5233
Angel Rowlands,Angel_Rowlands6147@ovock.tech,2012-08-21 06:41:33,95,5234
Maggie Ellwood,Maggie_Ellwood3505@extex.org,1835-06-30 05:17:18,32,5235
Percy Goldsmith,Percy_Goldsmith6893@brety.org,1991-07-08 16:01:43,32,5236
Bart Weatcroft,Bart_Weatcroft8312@ubusive.com,1968-06-13 04:11:47,22,5237
Sofia Daniells,Sofia_Daniells8540@qater.org,2004-06-20 21:28:15,90,5238
Harmony Lewis,Harmony_Lewis1094@gompie.com,2019-06-11 10:22:52,25,5239
Quinn Morrison,Quinn_Morrison3889@corti.com,1822-08-18 11:35:01,38,5240
Andie Weasley,Andie_Weasley2513@supunk.biz,1927-04-17 04:20:49,83,5241
Leroy Forester,Leroy_Forester8464@fuliss.net,1861-09-29 21:19:15,44,5242
Erick Holt,Erick_Holt7223@typill.biz,1926-02-06 17:31:21,86,5243
Nate Todd,Nate_Todd143@extex.org,1846-10-24 17:49:42,21,5244
Britney Norburn,Britney_Norburn943@nanoff.biz,2017-03-14 11:07:22,40,5245
Hank Stone ,Hank_Stone 7030@extex.org,1837-10-01 16:44:25,87,5246
Angel Mcgee,Angel_Mcgee162@supunk.biz,1933-09-05 18:44:50,89,5247
Savannah Cowan,Savannah_Cowan2168@womeona.net,1848-08-27 06:12:32,86,5248
Owen Fall,Owen_Fall895@sheye.org,1864-02-23 22:43:01,92,5249
Matt Redden,Matt_Redden8757@jiman.org,1843-01-30 03:30:40,68,5250
Angelina Hale,Angelina_Hale5133@qater.org,2012-08-08 13:07:09,87,5251
Joy Mullins,Joy_Mullins5972@hourpy.biz,1845-07-04 12:52:14,32,5252
Gina Maxwell,Gina_Maxwell9390@irrepsy.com,1903-04-01 15:43:55,52,5253
Lily Addison,Lily_Addison9324@muall.tech,1875-08-24 08:37:14,84,5254
Hayden Robinson,Hayden_Robinson1874@deons.tech,1996-08-11 18:48:02,29,5255
Daria Pope,Daria_Pope5137@yahoo.com,1843-09-15 00:19:02,53,5256
Melanie Logan,Melanie_Logan7461@qater.org,1830-04-24 00:16:55,63,5257
Piper Wellington,Piper_Wellington4406@womeona.net,1962-10-09 11:31:49,66,5258
Michaela Phillips,Michaela_Phillips8024@qater.org,1969-07-06 11:00:52,62,5259
Angelique Walker,Angelique_Walker8074@womeona.net,1982-02-15 15:48:20,22,5260
Joy Rose,Joy_Rose4977@supunk.biz,1954-04-24 13:48:57,44,5261
Chris Roberts,Chris_Roberts4519@hourpy.biz,1900-12-27 03:22:53,26,5262
Angela Villiger,Angela_Villiger4014@bretoux.com,1961-12-10 07:49:53,77,5263
Evelynn Gilbert,Evelynn_Gilbert7902@deavo.com,1838-12-29 22:11:24,32,5264
Mason Stevens,Mason_Stevens5672@bulaffy.com,1972-08-20 12:07:58,28,5265
Darlene Callan,Darlene_Callan2426@corti.com,1996-08-09 03:27:11,74,5266
Joseph Preston,Joseph_Preston2539@twipet.com,2014-06-10 06:41:43,77,5267
Doug Asher,Doug_Asher7269@ovock.tech,1997-03-20 22:48:28,62,5268
Laila Yarwood,Laila_Yarwood7758@dionrab.com,1968-10-05 16:56:17,86,5269
Caleb Windsor,Caleb_Windsor7235@hourpy.biz,1897-04-17 17:45:16,95,5270
Manuel James,Manuel_James2576@brety.org,1958-07-05 07:11:16,68,5271
Daron Willis,Daron_Willis6583@womeona.net,1852-06-07 20:08:10,63,5272
Callie Woodley,Callie_Woodley9107@sheye.org,1998-01-26 22:14:53,64,5273
Rihanna Amstead,Rihanna_Amstead5503@dionrab.com,1881-03-28 18:35:03,49,5274
Bob Appleton,Bob_Appleton6831@bungar.biz,1950-10-08 12:19:11,72,5275
Oliver Rogers,Oliver_Rogers7266@deavo.com,1844-09-23 10:28:28,86,5276
Alba Rothwell,Alba_Rothwell7151@irrepsy.com,1961-02-02 17:25:34,36,5277
Daron Kirby,Daron_Kirby8048@twace.org,1961-08-05 15:42:58,27,5278
Catherine Cox,Catherine_Cox2331@deons.tech,1925-03-26 14:48:50,96,5279
Janice Terry,Janice_Terry2193@nickia.com,1890-07-17 05:56:12,36,5280
David Davies,David_Davies9674@bretoux.com,1856-01-04 11:46:35,99,5281
Julian Giles,Julian_Giles3761@corti.com,1834-09-25 00:03:36,96,5282
Tom Walker,Tom_Walker6331@gmail.com,1831-03-27 04:51:08,81,5283
Sofia Sinclair,Sofia_Sinclair7682@liret.org,1870-04-05 20:05:54,92,5284
Alexander Booth,Alexander_Booth8516@cispeto.com,1847-10-20 18:43:43,66,5285
Gwenyth Hamilton,Gwenyth_Hamilton2498@twace.org,2008-06-29 11:06:35,38,5286
Owen Lakey,Owen_Lakey8212@womeona.net,1962-11-19 04:42:08,37,5287
Jade Allen,Jade_Allen7138@ovock.tech,1870-04-25 16:43:07,36,5288
Rosalyn Owens,Rosalyn_Owens5485@kideod.biz,1882-01-09 09:15:37,41,5289
Samara Whitehouse,Samara_Whitehouse6851@bungar.biz,1891-07-06 04:23:19,83,5290
Dasha Olson,Dasha_Olson5044@joiniaa.com,1902-07-03 00:36:17,90,5291
Samara Windsor,Samara_Windsor3709@fuliss.net,1924-01-16 11:05:22,35,5292
Eduardo Coleman,Eduardo_Coleman8607@cispeto.com,1898-09-09 10:26:46,66,5293
Aisha York,Aisha_York3266@twipet.com,1849-09-18 20:37:07,20,5294
Drew Beal,Drew_Beal7505@dionrab.com,2009-12-31 18:06:39,51,5295
Penelope Moore,Penelope_Moore1145@corti.com,2020-02-21 22:42:00,20,5296
Rosie Gordon,Rosie_Gordon7057@hourpy.biz,1997-07-08 08:39:04,88,5297
Leslie Adams,Leslie_Adams3497@bungar.biz,1922-08-03 22:20:46,63,5298
Carmen Stone,Carmen_Stone3732@bauros.biz,2010-03-25 07:17:49,42,5299
Chester Fleming,Chester_Fleming1050@famism.biz,1959-08-23 22:15:54,33,5300
Tony Vaughn,Tony_Vaughn8123@sheye.org,2010-08-01 03:39:10,98,5301
Evelynn Walker,Evelynn_Walker4505@elnee.tech,1950-09-30 18:26:56,90,5302
Dasha Ring,Dasha_Ring7768@deavo.com,1916-05-11 06:50:17,37,5303
Danny Lynn,Danny_Lynn5990@extex.org,1913-12-19 06:56:35,83,5304
Owen Farrow,Owen_Farrow8563@jiman.org,1918-05-18 05:10:39,51,5305
Clint Richardson,Clint_Richardson388@vetan.org,1916-04-18 06:15:05,42,5306
Jayden Lindop,Jayden_Lindop9362@elnee.tech,1886-04-10 05:19:27,96,5307
Paula Egerton,Paula_Egerton1464@dionrab.com,2007-03-19 22:57:30,36,5308
Gloria Shaw,Gloria_Shaw8855@acrit.org,1825-02-14 08:22:58,59,5309
Matt Reid,Matt_Reid3059@sveldo.biz,1923-11-15 06:10:24,94,5310
Leslie Knight,Leslie_Knight7164@yahoo.com,1829-02-04 15:09:56,73,5311
Bryon Dale,Bryon_Dale8713@yahoo.com,1940-02-10 02:28:34,52,5312
Juliet Jenkin,Juliet_Jenkin9614@naiker.biz,1892-05-28 22:32:01,63,5313
Kurt James,Kurt_James5761@infotech44.tech,1894-09-04 08:27:50,43,5314
Analise Tate,Analise_Tate3081@fuliss.net,1986-12-17 05:58:15,60,5315
Enoch Russell,Enoch_Russell29@extex.org,1900-01-28 12:44:54,73,5316
Percy Vass,Percy_Vass4040@fuliss.net,1961-01-07 17:10:53,72,5317
Selena Lee,Selena_Lee2758@famism.biz,1963-01-12 10:02:56,96,5318
Ramon Skinner,Ramon_Skinner5115@atink.com,1999-06-24 04:32:34,65,5319
Goldie Marshall,Goldie_Marshall1796@eirey.tech,1868-09-10 02:00:17,42,5320
Aurelia Flack,Aurelia_Flack6044@bretoux.com,1972-09-05 03:18:55,41,5321
Aiden Slater,Aiden_Slater9583@gompie.com,1835-05-19 19:36:14,27,5322
Peyton Ross,Peyton_Ross3246@hourpy.biz,1936-11-30 02:27:01,84,5323
Luke Warden,Luke_Warden6611@bulaffy.com,1824-01-06 20:39:12,49,5324
Cedrick Varley,Cedrick_Varley2946@vetan.org,1888-07-07 19:34:35,32,5325
Nick Gunn,Nick_Gunn1850@typill.biz,1985-04-22 11:45:45,76,5326
Carol Whittle,Carol_Whittle1325@nickia.com,1929-02-11 17:07:02,63,5327
Javier Drew,Javier_Drew8643@acrit.org,1941-03-05 14:17:42,58,5328
Marjorie Tanner,Marjorie_Tanner8587@joiniaa.com,1852-04-26 15:32:50,24,5329
Britney Oatway,Britney_Oatway4926@brety.org,1837-02-21 13:27:37,23,5330
Julian Summers,Julian_Summers524@extex.org,1867-04-08 01:52:49,34,5331
Natalie Cox,Natalie_Cox2852@extex.org,1847-01-22 18:25:42,59,5332
Maxwell Ainsworth,Maxwell_Ainsworth9649@yahoo.com,1832-01-23 06:54:07,40,5333
Rylee Lane,Rylee_Lane6461@bulaffy.com,1822-09-03 22:47:51,32,5334
Abdul Thompson,Abdul_Thompson6582@guentu.biz,1891-03-29 01:36:30,67,5335
Shay Osman,Shay_Osman1339@tonsy.org,1899-05-10 10:33:01,94,5336
Carl Bell,Carl_Bell5610@gembat.biz,1829-01-22 11:24:22,97,5337
Gabriel Radley,Gabriel_Radley5405@supunk.biz,1845-06-22 10:35:04,72,5338
Esmeralda Fulton,Esmeralda_Fulton5313@fuliss.net,1984-09-12 09:31:27,59,5339
Faith Forester,Faith_Forester9382@gembat.biz,2016-03-31 22:09:27,87,5340
Phillip Plant,Phillip_Plant5361@kideod.biz,1867-04-30 14:12:43,22,5341
Denis Vaughan,Denis_Vaughan3658@bungar.biz,1882-07-04 16:13:32,49,5342
Ellen Emmett,Ellen_Emmett8788@joiniaa.com,1965-01-04 05:36:19,51,5343
Joyce Bryson,Joyce_Bryson2365@hourpy.biz,1887-03-24 09:51:04,81,5344
Maxwell Baxter,Maxwell_Baxter4082@gompie.com,1962-06-07 21:23:58,92,5345
Joseph Myatt,Joseph_Myatt785@gembat.biz,1994-02-01 16:20:07,78,5346
Angela Doherty,Angela_Doherty3297@bungar.biz,1945-07-18 15:14:32,67,5347
Denis Redwood,Denis_Redwood7740@nanoff.biz,1909-08-19 04:31:17,75,5348
Marigold Reid,Marigold_Reid4251@atink.com,1894-09-15 15:04:01,96,5349
Henry Stone,Henry_Stone3426@naiker.biz,1860-12-20 07:27:28,96,5350
Angel Norris,Angel_Norris3926@fuliss.net,1904-08-24 13:49:53,80,5351
Ethan Bell,Ethan_Bell4132@ovock.tech,1844-10-29 08:27:10,63,5352
Chloe Ianson,Chloe_Ianson5891@extex.org,1981-10-16 01:48:57,97,5353
Anne Mccall,Anne_Mccall3479@nimogy.biz,1842-11-02 22:13:23,77,5354
Paula Smith,Paula_Smith2761@jiman.org,1910-01-29 00:20:23,73,5355
Manuel Emmott,Manuel_Emmott9292@fuliss.net,1899-05-24 10:15:24,35,5356
Samara Radcliffe,Samara_Radcliffe9274@iatim.tech,2014-01-10 02:41:42,86,5357
Marvin Verdon,Marvin_Verdon4500@naiker.biz,1839-04-05 10:55:18,61,5358
Mandy Gordon,Mandy_Gordon2990@atink.com,1877-03-24 09:07:19,42,5359
Jenna Mitchell,Jenna_Mitchell1949@supunk.biz,2017-11-26 22:14:38,42,5360
Johnny Reid,Johnny_Reid5716@grannar.com,1955-07-08 18:49:08,93,5361
Clint Miller,Clint_Miller8745@elnee.tech,1939-09-07 08:33:45,45,5362
Rosalee Rycroft,Rosalee_Rycroft4274@nanoff.biz,1899-12-04 07:50:03,83,5363
Rihanna Stevenson,Rihanna_Stevenson220@gembat.biz,1910-12-19 02:49:44,56,5364
Oliver Clark,Oliver_Clark4156@acrit.org,1847-08-15 17:55:44,83,5365
Lillian Edmonds,Lillian_Edmonds3182@sheye.org,1887-02-05 22:11:23,30,5366
Tom Gonzales,Tom_Gonzales3518@typill.biz,1968-06-19 05:54:39,98,5367
Amelia Mitchell,Amelia_Mitchell3047@qater.org,2007-03-11 00:56:04,21,5368
Lara Flack,Lara_Flack2622@nanoff.biz,1960-11-19 17:57:15,89,5369
Jade Brown,Jade_Brown5939@twace.org,1928-05-05 18:36:36,67,5370
Manuel Walsh,Manuel_Walsh7828@bretoux.com,1839-06-15 13:09:27,86,5371
Janelle Rogan,Janelle_Rogan3538@womeona.net,2012-06-23 19:30:10,26,5372
Leroy Lane,Leroy_Lane7952@corti.com,1930-04-08 01:13:10,43,5373
Jasmine White,Jasmine_White4680@twace.org,1973-03-17 02:18:55,24,5374
Ryan Mccormick,Ryan_Mccormick4247@grannar.com,1917-04-27 18:05:03,31,5375
Daron Bradshaw,Daron_Bradshaw5099@vetan.org,1950-04-20 04:28:17,81,5376
Chadwick Saunders,Chadwick_Saunders1515@brety.org,2005-08-21 15:38:13,81,5377
Kaylee Stark,Kaylee_Stark960@extex.org,1904-11-09 17:14:14,18,5378
Elle Khan,Elle_Khan90@iatim.tech,1980-06-10 21:48:50,57,5379
Mary Bennett,Mary_Bennett1727@famism.biz,1968-07-24 13:20:41,69,5380
Daphne Boyle,Daphne_Boyle2863@bretoux.com,1850-08-24 16:20:30,33,5381
Nicole Rees,Nicole_Rees2945@yahoo.com,1828-07-30 04:57:31,93,5382
Alexander Whinter,Alexander_Whinter7373@tonsy.org,1865-03-10 12:23:02,38,5383
Domenic Khan,Domenic_Khan6090@tonsy.org,1935-03-16 02:51:40,56,5384
Logan Richardson,Logan_Richardson6727@mafthy.com,1948-06-01 08:42:08,19,5385
Chloe Gordon,Chloe_Gordon7818@muall.tech,2015-08-18 08:08:05,25,5386
Nate Anderson,Nate_Anderson2655@acrit.org,1919-08-13 09:37:06,55,5387
Carmen Blackburn,Carmen_Blackburn553@qater.org,1900-04-03 12:06:08,63,5388
Gladys Page ,Gladys_Page 170@deavo.com,1862-04-19 13:44:56,35,5389
Maggie Slater,Maggie_Slater6007@qater.org,1964-08-10 06:02:18,25,5390
Joseph Hunter,Joseph_Hunter6822@deons.tech,1864-03-28 07:45:54,38,5391
Brad Powell,Brad_Powell5421@eirey.tech,1985-02-24 01:17:32,30,5392
Martin Jackson,Martin_Jackson8979@eirey.tech,2014-01-09 12:40:12,29,5393
Ruby Pond,Ruby_Pond585@bretoux.com,1837-07-14 04:33:55,58,5394
Gladys Coll,Gladys_Coll7195@sheye.org,2007-12-28 22:14:20,19,5395
Maggie Palmer,Maggie_Palmer1657@nanoff.biz,1941-01-28 01:42:24,27,5396
Phillip Robinson,Phillip_Robinson7830@sveldo.biz,2014-02-10 10:54:13,31,5397
Emely Rycroft,Emely_Rycroft604@jiman.org,1844-01-05 18:55:08,44,5398
Jayden Denton,Jayden_Denton1887@cispeto.com,1853-02-06 22:37:52,75,5399
Peter Hepburn,Peter_Hepburn8187@typill.biz,1864-02-21 05:03:35,82,5400
Deborah Raven,Deborah_Raven1789@supunk.biz,1846-10-04 13:25:52,22,5401
Tony Norton,Tony_Norton1005@twace.org,1899-07-24 07:21:16,95,5402
Rocco Nurton,Rocco_Nurton5253@nanoff.biz,1851-04-17 08:32:14,22,5403
Angelina Keys,Angelina_Keys3441@qater.org,2007-07-29 06:09:47,48,5404
George Dixon,George_Dixon8372@bulaffy.com,1993-07-14 20:03:40,51,5405
Michaela Rehman,Michaela_Rehman6545@typill.biz,1951-03-18 00:28:00,37,5406
Deborah Crawford,Deborah_Crawford8331@nanoff.biz,1831-07-24 18:13:15,33,5407
Daphne Speed,Daphne_Speed9142@supunk.biz,1905-12-11 01:11:36,42,5408
Adalind Rowe,Adalind_Rowe8406@atink.com,1821-01-05 22:40:31,33,5409
Kurt Rainford,Kurt_Rainford5645@mafthy.com,1922-09-17 08:53:38,87,5410
Carmella Wise,Carmella_Wise4997@twipet.com,1967-05-12 06:50:15,49,5411
Sienna Addis,Sienna_Addis7107@extex.org,1915-11-23 04:20:39,32,5412
David Mooney,David_Mooney674@jiman.org,1886-02-04 00:00:19,89,5413
Abbey Khan,Abbey_Khan7722@liret.org,1937-09-05 11:21:32,52,5414
Percy Lynn,Percy_Lynn1497@vetan.org,1843-06-05 21:25:34,27,5415
Estrella Taylor,Estrella_Taylor4866@sheye.org,2014-05-12 22:42:13,97,5416
Stacy Summers,Stacy_Summers3913@ubusive.com,1901-11-01 06:05:28,50,5417
Melanie Ellis,Melanie_Ellis2519@irrepsy.com,2013-01-24 15:32:26,30,5418
Logan Overson,Logan_Overson2112@grannar.com,1824-07-19 21:03:00,39,5419
Stephanie Ellery,Stephanie_Ellery5825@deavo.com,1902-10-17 13:01:48,35,5420
Alexander Jarrett,Alexander_Jarrett1892@atink.com,1916-04-03 05:58:00,83,5421
Luke Walsh,Luke_Walsh800@gompie.com,1845-11-19 19:19:49,43,5422
Dorothy Kirby,Dorothy_Kirby2250@sheye.org,1859-09-11 16:12:32,22,5423
Ilona Reese,Ilona_Reese2449@bretoux.com,1935-03-25 14:13:04,24,5424
Adalie Gates,Adalie_Gates2002@infotech44.tech,1860-08-31 11:02:01,65,5425
Brad Martin,Brad_Martin5122@brety.org,1947-11-20 17:42:24,95,5426
William Long,William_Long9581@elnee.tech,1947-08-07 15:01:45,98,5427
Goldie Edler,Goldie_Edler7522@womeona.net,1926-05-27 03:52:15,65,5428
Carmella Mason,Carmella_Mason9619@cispeto.com,1843-10-28 10:12:30,72,5429
Bethany Calderwood,Bethany_Calderwood1273@bretoux.com,1970-01-01 11:04:45,45,5430
Allison Vinton,Allison_Vinton359@deons.tech,2002-08-22 00:26:58,34,5431
Manuel Ripley,Manuel_Ripley8388@eirey.tech,1840-03-30 19:28:26,43,5432
Peter Sinclair,Peter_Sinclair1096@atink.com,1936-01-10 18:07:25,82,5433
Barney Blythe,Barney_Blythe9203@dionrab.com,1865-11-26 09:08:51,67,5434
Ronald Farrant,Ronald_Farrant3120@gembat.biz,2016-08-02 10:57:51,35,5435
Gabriel Collins,Gabriel_Collins4667@atink.com,1829-01-02 21:09:52,60,5436
Leslie Grant,Leslie_Grant2026@nanoff.biz,1895-05-10 16:32:45,19,5437
Johnathan Neal,Johnathan_Neal8414@gembat.biz,1855-03-30 05:12:53,32,5438
Clarissa Little,Clarissa_Little2253@zorer.org,2020-05-05 10:38:45,19,5439
Megan Vinton,Megan_Vinton3581@cispeto.com,1864-04-19 00:01:08,85,5440
Cedrick Goldsmith,Cedrick_Goldsmith8600@cispeto.com,1862-10-09 09:46:15,98,5441
Matthew Reynolds,Matthew_Reynolds7102@gmail.com,1874-06-17 14:46:19,32,5442
Barney Fowler,Barney_Fowler7600@bauros.biz,1912-09-28 09:14:19,98,5443
Rihanna Glass,Rihanna_Glass826@bungar.biz,1869-04-11 14:22:42,72,5444
Phillip Penn,Phillip_Penn7904@gembat.biz,1926-08-19 22:32:57,37,5445
Alexa Vallory,Alexa_Vallory9590@bulaffy.com,1850-11-12 02:26:06,22,5446
Javier Dillon,Javier_Dillon2825@typill.biz,1940-08-11 15:09:46,28,5447
Leroy Latham,Leroy_Latham6608@mafthy.com,1872-09-12 16:58:32,35,5448
Violet Vinton,Violet_Vinton1053@joiniaa.com,2010-11-26 11:06:10,81,5449
Natalie Ainsworth,Natalie_Ainsworth6604@zorer.org,1903-07-19 04:05:58,68,5450
Elly Evans,Elly_Evans8492@mafthy.com,1883-12-27 03:02:21,70,5451
Percy Douglas,Percy_Douglas9043@gompie.com,2005-03-31 20:20:51,87,5452
Benny Collins,Benny_Collins39@extex.org,1913-05-19 22:24:46,32,5453
Teagan Grant,Teagan_Grant9380@acrit.org,1951-02-12 01:24:30,25,5454
Russel Alexander,Russel_Alexander5329@ubusive.com,1823-04-24 06:21:04,96,5455
Holly Everett,Holly_Everett1328@cispeto.com,1878-09-16 19:45:50,28,5456
Matthew Brennan,Matthew_Brennan1869@mafthy.com,1987-08-28 02:56:32,93,5457
Camellia Waterhouse,Camellia_Waterhouse7890@famism.biz,1949-07-26 18:27:39,98,5458
Benjamin Edwards,Benjamin_Edwards8325@nickia.com,1862-03-15 08:51:25,23,5459
Nicholas Andrews,Nicholas_Andrews3950@sheye.org,1832-04-11 04:32:55,58,5460
Johnny Samuel,Johnny_Samuel1581@sveldo.biz,1828-02-08 00:25:04,88,5461
Paige Corbett,Paige_Corbett8673@ovock.tech,1959-12-22 09:25:31,48,5462
Lexi Eaton,Lexi_Eaton4832@deons.tech,1925-05-24 20:25:01,99,5463
Jessica Allen,Jessica_Allen1744@deons.tech,1990-12-28 18:09:42,69,5464
Louise Ellis,Louise_Ellis5652@mafthy.com,1911-04-08 04:41:26,23,5465
Abdul London,Abdul_London5726@famism.biz,1952-05-02 18:19:03,66,5466
Ryan Woodley,Ryan_Woodley900@joiniaa.com,1863-01-04 19:54:46,25,5467
Sebastian Connor,Sebastian_Connor9038@tonsy.org,1920-08-14 10:56:52,70,5468
Dorothy Parker,Dorothy_Parker9642@acrit.org,1956-11-06 05:55:07,52,5469
Claire Huggins,Claire_Huggins1288@corti.com,1943-06-21 12:41:08,49,5470
Anabel Camden,Anabel_Camden3628@nanoff.biz,1899-07-23 01:07:22,62,5471
Alexander Long,Alexander_Long4131@jiman.org,2003-12-03 13:26:43,77,5472
Carter Gallacher,Carter_Gallacher3611@yahoo.com,1900-10-16 03:34:24,64,5473
Angelina Moore,Angelina_Moore5124@famism.biz,1827-04-11 06:36:46,96,5474
Barney Simpson,Barney_Simpson5854@gembat.biz,1864-05-28 00:41:50,65,5475
David Bishop,David_Bishop4213@supunk.biz,1954-06-14 11:32:19,81,5476
Camellia Clifton,Camellia_Clifton8219@mafthy.com,1912-08-02 00:54:21,37,5477
Doug Lewin,Doug_Lewin7892@sveldo.biz,1997-11-08 08:12:08,84,5478
Chad Thompson,Chad_Thompson8323@grannar.com,1991-05-25 18:23:07,49,5479
Mandy Lewis,Mandy_Lewis77@nimogy.biz,1849-04-07 08:42:58,79,5480
Cecilia Denton,Cecilia_Denton6148@ovock.tech,1831-11-25 10:10:18,59,5481
Alessandra Hill,Alessandra_Hill5129@joiniaa.com,1983-09-20 17:52:16,78,5482
Goldie Potts,Goldie_Potts9801@nimogy.biz,1997-05-25 15:38:05,96,5483
Phillip Mullins,Phillip_Mullins3948@vetan.org,1869-08-16 02:06:51,57,5484
Rick Pierce,Rick_Pierce6135@deons.tech,1877-04-24 07:46:34,89,5485
Melinda Todd,Melinda_Todd2666@deons.tech,1933-02-21 07:20:54,23,5486
Kurt Webster,Kurt_Webster3502@extex.org,1949-03-08 01:00:52,32,5487
Anabelle Harris,Anabelle_Harris7932@ubusive.com,1830-10-18 12:11:52,51,5488
Leslie Wren,Leslie_Wren2168@gompie.com,1823-08-06 04:55:18,22,5489
Joseph Butler,Joseph_Butler8108@deons.tech,1943-04-10 12:42:36,54,5490
Jaylene Reyes,Jaylene_Reyes4191@nanoff.biz,1970-03-03 11:38:55,20,5491
Percy Farrell,Percy_Farrell5251@cispeto.com,1920-01-01 16:50:45,98,5492
David Ramsey,David_Ramsey8402@liret.org,2012-03-12 10:11:40,76,5493
Alexander Morgan,Alexander_Morgan4500@nanoff.biz,1867-06-19 00:37:02,85,5494
Jazmin Dann,Jazmin_Dann2844@famism.biz,1986-06-13 06:38:17,67,5495
Isla Miller,Isla_Miller6340@fuliss.net,1845-11-26 14:02:11,35,5496
Jayden Bishop,Jayden_Bishop2369@womeona.net,1855-10-12 12:00:20,40,5497
Charlotte Potts,Charlotte_Potts9544@kideod.biz,1998-04-24 02:24:46,50,5498
Erick Rowan,Erick_Rowan926@hourpy.biz,1984-10-15 20:55:26,21,5499
Louise Darcy,Louise_Darcy8403@womeona.net,1869-04-13 13:45:45,89,5500
Katelyn Dyson,Katelyn_Dyson173@sveldo.biz,1976-08-20 20:58:10,27,5501
Elijah Lee,Elijah_Lee7883@womeona.net,1918-01-05 08:51:24,75,5502
Rae Rosenbloom,Rae_Rosenbloom3109@nickia.com,1929-06-26 14:57:24,34,5503
Ada Davies,Ada_Davies9224@sveldo.biz,1898-08-16 11:52:58,21,5504
Josh Gunn,Josh_Gunn3335@fuliss.net,1902-08-21 16:39:17,21,5505
Mya Jones,Mya_Jones633@gompie.com,1962-12-20 16:58:20,63,5506
Piper Bryant,Piper_Bryant9782@typill.biz,1959-04-08 12:19:40,30,5507
Michelle Thomas,Michelle_Thomas3583@bauros.biz,1901-10-26 18:13:17,38,5508
Ramon Jackson,Ramon_Jackson3748@acrit.org,1935-03-09 22:34:20,49,5509
Emely Eaton,Emely_Eaton4309@bulaffy.com,1827-12-24 07:46:30,44,5510
Sabina Williams,Sabina_Williams1527@famism.biz,1891-03-29 19:00:18,31,5511
Chris Ramsey,Chris_Ramsey1020@deavo.com,1851-01-26 05:11:37,37,5512
Doug Saunders,Doug_Saunders2986@irrepsy.com,1917-05-31 22:26:26,76,5513
Angelique Vernon,Angelique_Vernon9731@supunk.biz,1916-11-09 00:30:18,99,5514
Chuck Morrow,Chuck_Morrow1789@cispeto.com,1859-05-27 18:25:42,80,5515
Livia Bryson,Livia_Bryson2772@vetan.org,1999-03-18 08:39:40,64,5516
Alma Garner,Alma_Garner5928@dionrab.com,1989-07-04 17:42:41,36,5517
Julian Faulkner,Julian_Faulkner6365@cispeto.com,1970-06-26 15:47:47,40,5518
Angelica Thompson,Angelica_Thompson6857@bulaffy.com,2015-07-19 20:25:22,58,5519
Johnny Waterhouse,Johnny_Waterhouse7485@vetan.org,1885-10-16 09:40:06,71,5520
Roger Clifton,Roger_Clifton4925@vetan.org,1835-02-01 05:30:45,87,5521
Ryan Lane,Ryan_Lane4061@guentu.biz,1987-01-06 15:51:39,26,5522
Noemi Janes,Noemi_Janes2084@twace.org,1983-11-14 20:07:01,33,5523
Angela Graham,Angela_Graham1428@qater.org,1939-05-19 19:13:04,87,5524
Sylvia Bristow,Sylvia_Bristow5231@twipet.com,1925-11-20 10:25:50,82,5525
Adeline Jacobs,Adeline_Jacobs25@nimogy.biz,1838-07-13 16:30:21,83,5526
David Palmer,David_Palmer5758@cispeto.com,1862-08-18 20:43:32,42,5527
Chad Rigg,Chad_Rigg8300@gmail.com,1936-09-17 15:48:54,67,5528
Nick Attwood,Nick_Attwood2420@womeona.net,1978-10-04 22:41:26,80,5529
Nicholas Addis,Nicholas_Addis2775@nickia.com,1946-09-04 20:05:00,24,5530
Winnie Jones,Winnie_Jones5576@sheye.org,1862-11-07 17:10:37,27,5531
Noah Bradley,Noah_Bradley7673@elnee.tech,1963-11-16 19:14:02,77,5532
Ethan Clarke,Ethan_Clarke7954@elnee.tech,1958-02-01 13:30:09,77,5533
Benny Mitchell,Benny_Mitchell8384@ovock.tech,1951-02-21 13:42:27,44,5534
Erick Russell,Erick_Russell3253@ubusive.com,2012-08-07 16:05:50,95,5535
Adina Mccall,Adina_Mccall2868@qater.org,1917-08-21 09:04:07,25,5536
Vanessa Baker,Vanessa_Baker9096@joiniaa.com,1993-01-03 01:44:48,81,5537
Percy Healy,Percy_Healy7194@nickia.com,1904-06-12 02:57:27,56,5538
Peter Spencer,Peter_Spencer2219@bungar.biz,1834-07-05 11:31:58,55,5539
Cassidy Bradley,Cassidy_Bradley3796@nimogy.biz,1984-03-27 18:08:53,56,5540
Eileen Attwood,Eileen_Attwood747@hourpy.biz,1957-03-18 19:19:35,53,5541
Alessia Hunter,Alessia_Hunter6499@twace.org,1853-07-05 12:46:57,46,5542
Jazmin Potter,Jazmin_Potter3685@grannar.com,1941-11-07 11:23:02,88,5543
Davina Power,Davina_Power9955@mafthy.com,2019-05-11 04:35:23,38,5544
Ethan Ward,Ethan_Ward5496@dionrab.com,1976-08-02 20:55:15,60,5545
Kieth Miller,Kieth_Miller5609@sveldo.biz,1885-10-22 04:53:31,35,5546
Chad Wigley,Chad_Wigley7521@typill.biz,1903-11-21 09:36:03,28,5547
Anthony Warner,Anthony_Warner7307@twace.org,1855-11-11 14:13:17,80,5548
Ryan Jordan,Ryan_Jordan5187@mafthy.com,1946-11-29 18:29:51,40,5549
Stacy Hewitt,Stacy_Hewitt1869@deons.tech,1977-04-13 20:10:43,72,5550
Jayden Hilton,Jayden_Hilton1292@grannar.com,1881-05-18 13:26:25,94,5551
Elle Gosling,Elle_Gosling7731@cispeto.com,1937-05-19 06:46:09,32,5552
Vicky Collingwood,Vicky_Collingwood7856@ubusive.com,1955-07-07 20:12:38,45,5553
Russel Reading,Russel_Reading6260@gmail.com,1903-02-01 15:01:57,41,5554
Nate Power,Nate_Power9408@gompie.com,1983-10-04 15:17:39,58,5555
Charlotte Raven,Charlotte_Raven5737@yahoo.com,1919-06-18 12:06:47,89,5556
Lucas Wise,Lucas_Wise1015@iatim.tech,1868-09-26 11:58:23,26,5557
Monica Moore,Monica_Moore8693@atink.com,1877-08-17 19:46:12,60,5558
Oliver Norburn,Oliver_Norburn1460@qater.org,1861-07-18 10:53:35,89,5559
Logan Boden,Logan_Boden936@guentu.biz,1945-08-20 12:56:17,44,5560
Cynthia Reyes,Cynthia_Reyes5767@vetan.org,1863-12-02 06:08:25,79,5561
Joseph Reyes,Joseph_Reyes2813@zorer.org,1980-10-27 20:38:15,53,5562
Cameron Gibson,Cameron_Gibson5250@liret.org,1882-10-06 01:42:58,60,5563
Maria Knight,Maria_Knight8882@gembat.biz,1884-06-17 16:56:32,69,5564
Daron Gaynor,Daron_Gaynor8489@gembat.biz,1841-05-30 16:55:13,24,5565
Emmanuelle Rose,Emmanuelle_Rose8718@womeona.net,1962-08-12 06:21:20,41,5566
Benny Hepburn,Benny_Hepburn9102@fuliss.net,1977-12-02 06:58:04,63,5567
Daniel Wright,Daniel_Wright6273@cispeto.com,1919-03-17 02:32:18,28,5568
Cecilia Owen,Cecilia_Owen9108@sheye.org,1987-12-29 03:36:21,58,5569
Florence Irving,Florence_Irving2510@irrepsy.com,1891-10-21 03:33:49,52,5570
Johnathan Gibbons,Johnathan_Gibbons6680@extex.org,1987-12-07 18:04:21,21,5571
Boris Verdon,Boris_Verdon2080@nickia.com,1831-02-16 01:14:08,31,5572
Catherine Matthews,Catherine_Matthews5876@cispeto.com,1966-01-25 07:50:09,30,5573
Benny Knight,Benny_Knight8839@twipet.com,2003-09-06 05:48:54,93,5574
Barney Page ,Barney_Page 3196@bulaffy.com,1880-07-12 06:23:33,51,5575
Noah Redden,Noah_Redden6702@typill.biz,1859-10-15 01:16:08,39,5576
Helen Tyrrell,Helen_Tyrrell2099@nimogy.biz,1823-02-13 00:09:54,80,5577
Alan Edwards,Alan_Edwards2214@twace.org,1924-05-23 08:19:39,35,5578
Cedrick Blackburn,Cedrick_Blackburn7550@zorer.org,1908-03-15 03:02:04,25,5579
Chuck Barclay,Chuck_Barclay6502@supunk.biz,1842-06-15 04:02:37,91,5580
Charlize Whitehouse,Charlize_Whitehouse8132@vetan.org,1830-10-09 13:11:32,41,5581
Jules Higgs,Jules_Higgs9359@qater.org,1947-03-07 15:09:20,38,5582
Kieth Dowson,Kieth_Dowson8228@bulaffy.com,1985-11-12 12:39:48,19,5583
Jennifer Harrison,Jennifer_Harrison7811@ovock.tech,1878-07-23 09:27:08,84,5584
Davina Knight,Davina_Knight7824@twipet.com,1845-10-13 08:43:47,80,5585
oe Weldon,oe_Weldon3742@yahoo.com,1876-12-12 00:39:53,81,5586
Karen Becker,Karen_Becker5317@ovock.tech,1914-11-21 00:48:58,63,5587
Hank Harris,Hank_Harris5360@supunk.biz,2000-11-04 11:18:31,81,5588
Harvey Addis,Harvey_Addis703@grannar.com,1881-08-26 14:18:44,72,5589
Madison Garner,Madison_Garner3708@bretoux.com,2011-05-18 13:56:48,84,5590
Benny Bowen,Benny_Bowen2595@womeona.net,1874-11-19 00:09:57,28,5591
Julian Ellery,Julian_Ellery1396@ubusive.com,1955-03-18 00:17:57,71,5592
Anne Latham,Anne_Latham3331@twipet.com,1915-11-16 14:37:12,54,5593
Bob Patel,Bob_Patel7285@nimogy.biz,1996-11-13 01:35:31,41,5594
Peter Tobin,Peter_Tobin6126@zorer.org,1925-04-07 14:24:02,70,5595
Adalind Saunders,Adalind_Saunders1773@infotech44.tech,1894-08-25 11:24:56,22,5596
Nathan Miller,Nathan_Miller5406@hourpy.biz,1869-06-26 05:23:26,54,5597
Jack Riley,Jack_Riley6895@gmail.com,1892-10-31 08:26:26,81,5598
Sharon Higgs,Sharon_Higgs5719@womeona.net,1822-03-16 12:18:44,43,5599
Phillip Stanley,Phillip_Stanley4762@muall.tech,1999-12-28 12:47:46,69,5600
Wade Adams,Wade_Adams5908@famism.biz,1917-09-04 12:17:47,68,5601
Rosalie Ward,Rosalie_Ward1863@gembat.biz,1906-10-23 18:22:01,84,5602
Jolene Wright,Jolene_Wright1413@dionrab.com,2010-08-22 18:16:02,56,5603
Ruth Jackson,Ruth_Jackson8266@corti.com,1947-06-17 05:00:31,20,5604
Leroy Gordon,Leroy_Gordon1388@bretoux.com,1889-10-25 15:27:16,35,5605
Marvin Fowler,Marvin_Fowler9717@bungar.biz,1890-07-06 13:48:31,25,5606
Leroy Vangness,Leroy_Vangness3446@sheye.org,1904-02-15 08:07:41,64,5607
Mike Lambert,Mike_Lambert9826@acrit.org,1907-04-29 10:29:48,76,5608
Anais Cooper,Anais_Cooper8397@acrit.org,1958-01-01 18:41:52,29,5609
Mona Connell,Mona_Connell4428@ubusive.com,1863-04-12 00:08:21,91,5610
Eden Matthews,Eden_Matthews7102@yahoo.com,1885-01-07 07:47:36,59,5611
Alba Noach,Alba_Noach8132@hourpy.biz,1895-11-05 05:24:58,25,5612
Ron Little,Ron_Little5542@cispeto.com,1970-09-14 07:23:38,28,5613
Jayden Rainford,Jayden_Rainford9223@brety.org,1958-12-03 12:17:47,20,5614
Kieth Duvall,Kieth_Duvall3844@liret.org,2017-07-03 09:39:35,96,5615
Oliver Mcnally,Oliver_Mcnally2735@jiman.org,1880-12-01 07:12:11,40,5616
Karen Murphy,Karen_Murphy4940@dionrab.com,1946-06-06 21:04:04,29,5617
Greta Shaw,Greta_Shaw9486@deavo.com,1946-02-15 13:50:19,60,5618
Catherine Ellis,Catherine_Ellis6918@nanoff.biz,1984-09-02 02:51:38,53,5619
Sarah Dowson,Sarah_Dowson5368@yahoo.com,1916-02-25 19:34:17,66,5620
Freya Stanton,Freya_Stanton4694@twace.org,1823-12-27 00:12:33,71,5621
Sadie Eyres,Sadie_Eyres6799@ovock.tech,1894-06-18 02:27:19,39,5622
Makenzie Mcleod,Makenzie_Mcleod6381@sheye.org,1914-02-25 19:03:54,36,5623
Gabriel Hopkins,Gabriel_Hopkins7317@irrepsy.com,2012-10-25 01:18:32,30,5624
Emmanuelle Swan,Emmanuelle_Swan9988@brety.org,2002-10-09 10:24:34,71,5625
Nathan Vangness,Nathan_Vangness468@deons.tech,2020-03-16 21:56:41,72,5626
Anthony Nanton,Anthony_Nanton3405@zorer.org,1955-03-28 20:08:12,99,5627
Hayden Cartwright,Hayden_Cartwright1829@kideod.biz,1942-12-20 17:25:53,88,5628
Jack Griffiths,Jack_Griffiths2763@zorer.org,1899-09-22 17:29:38,56,5629
Penelope Gardner,Penelope_Gardner8822@extex.org,1993-01-04 14:56:07,23,5630
Nicholas Patel,Nicholas_Patel5856@ubusive.com,1935-06-20 11:03:35,56,5631
Aiden Bell,Aiden_Bell8457@nickia.com,1965-08-21 10:00:28,56,5632
Alma Robertson,Alma_Robertson7486@infotech44.tech,1862-04-28 03:01:11,65,5633
Kurt Smith,Kurt_Smith8394@qater.org,1957-11-20 05:52:55,41,5634
Winnie Cartwright,Winnie_Cartwright1774@liret.org,1927-07-28 01:45:12,39,5635
Willow Ogilvy,Willow_Ogilvy6675@nanoff.biz,1941-08-01 18:26:36,28,5636
Russel Reid,Russel_Reid198@irrepsy.com,1910-05-12 04:12:58,98,5637
Logan Lloyd,Logan_Lloyd1937@grannar.com,1856-11-18 11:19:31,52,5638
Christine Potts,Christine_Potts9442@tonsy.org,1902-02-13 07:37:39,38,5639
Samara Ainsworth,Samara_Ainsworth8128@guentu.biz,1911-12-12 19:52:41,81,5640
Paula Lucas,Paula_Lucas2341@sheye.org,1982-06-29 11:17:06,98,5641
Jamie Uddin,Jamie_Uddin2003@infotech44.tech,1822-02-17 14:54:48,22,5642
Ruth Randall,Ruth_Randall7502@sveldo.biz,1961-02-17 07:15:18,25,5643
Teagan Myatt,Teagan_Myatt7528@deons.tech,1881-11-04 14:33:10,49,5644
Gabriel Nelson,Gabriel_Nelson6894@twace.org,1897-12-26 19:03:49,89,5645
Carter Lindsay,Carter_Lindsay6516@iatim.tech,1971-10-31 07:01:07,23,5646
Jessica Williams,Jessica_Williams215@muall.tech,1921-05-03 20:10:06,72,5647
Leilani Warden,Leilani_Warden4476@nanoff.biz,1843-10-07 01:49:36,76,5648
Sebastian Woods,Sebastian_Woods4404@twipet.com,1901-01-03 12:56:07,45,5649
Maribel Todd,Maribel_Todd1134@guentu.biz,1946-02-22 01:28:02,69,5650
Isla Ward,Isla_Ward1736@corti.com,1967-05-03 04:35:28,60,5651
Rosalyn Goodman,Rosalyn_Goodman4112@gembat.biz,1870-08-05 19:31:43,38,5652
Marina Mccall,Marina_Mccall7734@nickia.com,1981-02-25 14:37:33,62,5653
Keira Potts,Keira_Potts9899@gembat.biz,1852-03-14 06:14:56,63,5654
Nicole Ogilvy,Nicole_Ogilvy6013@muall.tech,1927-01-29 04:02:52,69,5655
Erica Kennedy,Erica_Kennedy7904@nickia.com,1941-11-30 14:10:29,73,5656
George Watson,George_Watson9388@kideod.biz,1844-05-28 15:24:12,22,5657
Logan Saunders,Logan_Saunders1853@yahoo.com,1823-03-05 09:26:07,29,5658
Harry Thorne,Harry_Thorne9315@bauros.biz,1932-08-11 18:01:18,66,5659
David Dixon,David_Dixon2831@kideod.biz,1951-12-26 20:32:09,60,5660
Cristal Savage,Cristal_Savage8342@nickia.com,1860-11-10 21:33:44,72,5661
Ethan Richardson,Ethan_Richardson3687@famism.biz,1923-01-24 18:06:11,90,5662
Martin Gilmour,Martin_Gilmour6158@womeona.net,1992-05-29 19:17:43,48,5663
Kirsten Redfern,Kirsten_Redfern6105@eirey.tech,1994-08-14 17:53:15,62,5664
Sebastian Brennan,Sebastian_Brennan6570@joiniaa.com,1890-06-11 01:22:13,94,5665
Remy Murray,Remy_Murray2698@liret.org,1868-06-21 14:12:17,84,5666
Anabelle Sloan,Anabelle_Sloan3842@grannar.com,1880-04-11 20:26:06,32,5667
Carter Tanner,Carter_Tanner6399@eirey.tech,1830-08-20 08:26:12,32,5668
Peter Power,Peter_Power8102@womeona.net,1887-12-19 12:01:23,19,5669
Gemma Ross,Gemma_Ross4525@tonsy.org,2017-07-25 09:51:06,27,5670
Teagan Dunbar,Teagan_Dunbar543@tonsy.org,2002-12-08 21:42:00,31,5671
Elijah Grant,Elijah_Grant1204@extex.org,1997-10-15 13:01:49,34,5672
Holly Verdon,Holly_Verdon937@ovock.tech,1857-08-03 07:23:26,40,5673
Rufus Turner,Rufus_Turner908@deavo.com,1860-11-03 04:00:36,69,5674
Harvey Leslie,Harvey_Leslie2210@atink.com,1823-07-31 12:28:26,42,5675
Lucas Rust,Lucas_Rust9134@acrit.org,1944-04-28 12:10:05,99,5676
Caleb Pope,Caleb_Pope7389@womeona.net,1892-02-03 20:53:24,83,5677
Ryan James,Ryan_James2184@naiker.biz,2012-07-06 19:49:55,95,5678
Paula Morgan,Paula_Morgan1444@zorer.org,1865-05-26 10:24:44,25,5679
William Waterson,William_Waterson6245@yahoo.com,1996-02-26 12:16:40,83,5680
Martin Latham,Martin_Latham6556@iatim.tech,1986-02-02 00:47:07,49,5681
Julian Tennant,Julian_Tennant1520@gmail.com,1969-01-10 13:07:51,43,5682
Russel Yard,Russel_Yard3176@atink.com,1949-06-27 15:45:10,93,5683
Diane Murphy,Diane_Murphy1412@typill.biz,2019-02-15 17:17:30,21,5684
Carla Redfern,Carla_Redfern3702@bretoux.com,2004-10-29 18:44:15,42,5685
Faith Woodley,Faith_Woodley3659@bulaffy.com,1957-12-20 10:44:29,98,5686
Sebastian Sherry,Sebastian_Sherry2039@infotech44.tech,1866-04-09 13:05:20,48,5687
Mark Rossi,Mark_Rossi8312@sveldo.biz,1865-01-19 03:46:00,36,5688
Noah Nelson,Noah_Nelson8859@iatim.tech,2018-10-24 03:46:13,27,5689
Ember Fox,Ember_Fox5430@zorer.org,2014-09-18 00:05:23,24,5690
Fred Woodley,Fred_Woodley8831@ubusive.com,1820-10-24 18:33:15,74,5691
Cynthia Kennedy,Cynthia_Kennedy2763@twace.org,1871-06-29 16:43:34,97,5692
Mike Gibbons,Mike_Gibbons2396@qater.org,2008-07-30 11:03:56,28,5693
Gina Villiger,Gina_Villiger9347@guentu.biz,1846-06-13 11:37:32,68,5694
Ryan Donnelly,Ryan_Donnelly5404@mafthy.com,1988-04-27 06:30:24,68,5695
Jayden Allen,Jayden_Allen4328@extex.org,1931-12-31 19:09:01,49,5696
Emerald Reid,Emerald_Reid1354@corti.com,1914-01-19 06:47:23,18,5697
Savannah Mason,Savannah_Mason9652@typill.biz,1921-10-10 06:18:38,19,5698
Angela Edley,Angela_Edley3330@guentu.biz,2001-10-04 12:56:55,44,5699
Bryon Fenton,Bryon_Fenton1703@twace.org,1901-07-24 21:22:02,27,5700
Chris Blythe,Chris_Blythe4018@zorer.org,1848-01-18 02:32:37,58,5701
Caleb Moreno,Caleb_Moreno140@brety.org,1919-09-23 02:17:14,66,5702
Noemi Addis,Noemi_Addis728@brety.org,1904-07-09 11:01:49,50,5703
Leslie Skinner,Leslie_Skinner5449@irrepsy.com,1855-04-22 20:14:27,79,5704
Ronald Curtis,Ronald_Curtis4486@yahoo.com,1970-10-02 18:34:25,69,5705
Marla Seymour,Marla_Seymour4548@tonsy.org,1863-01-29 14:02:39,54,5706
Aurelia Graham,Aurelia_Graham2332@bungar.biz,1900-07-25 05:56:32,63,5707
Violet Calderwood,Violet_Calderwood4960@naiker.biz,2002-06-15 00:24:02,97,5708
Lindsay Morgan,Lindsay_Morgan2147@sveldo.biz,1998-08-05 17:48:20,38,5709
Denis Speed,Denis_Speed200@sveldo.biz,1965-10-13 06:05:30,70,5710
Hayden Quinnell,Hayden_Quinnell8803@fuliss.net,1905-12-17 19:37:39,41,5711
Maxwell Owen,Maxwell_Owen7030@qater.org,1964-01-12 11:28:07,21,5712
Hazel Myatt,Hazel_Myatt2947@extex.org,1974-04-07 06:47:22,22,5713
Daniel Grey,Daniel_Grey4029@irrepsy.com,1967-03-03 20:41:11,73,5714
David Burge,David_Burge619@famism.biz,1893-04-17 19:51:09,50,5715
Harvey Alcroft,Harvey_Alcroft4699@extex.org,1834-10-14 05:43:52,38,5716
Rosalie Newton,Rosalie_Newton6195@nickia.com,1877-10-31 06:35:13,27,5717
Gladys Stevenson,Gladys_Stevenson4518@extex.org,1929-02-09 06:32:14,69,5718
Tyson Olivier,Tyson_Olivier9836@hourpy.biz,1979-04-24 21:25:24,50,5719
Tony Samuel,Tony_Samuel9548@grannar.com,1822-04-29 19:31:22,80,5720
Megan Wood,Megan_Wood519@grannar.com,1904-05-31 12:30:28,54,5721
Kamila Owen,Kamila_Owen2506@bretoux.com,1962-11-15 09:16:46,90,5722
Marigold Crawford,Marigold_Crawford8290@iatim.tech,1961-01-27 22:19:53,98,5723
Raquel Varndell,Raquel_Varndell4839@gompie.com,1958-08-13 18:34:25,51,5724
Isabel Ward,Isabel_Ward9803@vetan.org,1979-07-05 14:33:37,85,5725
Ryan Kennedy,Ryan_Kennedy4992@elnee.tech,1863-05-19 01:47:24,88,5726
Celina Rossi,Celina_Rossi4902@bauros.biz,1828-08-28 12:00:40,69,5727
Rocco Hobson,Rocco_Hobson3799@vetan.org,1999-02-06 20:11:12,86,5728
Tyson Powell,Tyson_Powell816@supunk.biz,1845-05-25 00:39:03,46,5729
Grace Lynch,Grace_Lynch5710@infotech44.tech,1836-04-28 19:27:13,64,5730
Miriam Boyle,Miriam_Boyle152@bulaffy.com,1975-12-28 16:21:52,61,5731
Marigold Stanton,Marigold_Stanton5888@naiker.biz,1821-08-20 11:30:06,68,5732
Holly Wilkinson,Holly_Wilkinson3452@extex.org,2011-03-20 15:16:23,61,5733
Mona Alcroft,Mona_Alcroft6524@gompie.com,1908-08-19 12:40:10,67,5734
Phillip Slater,Phillip_Slater5223@yahoo.com,1975-07-21 08:33:46,97,5735
Nicholas Jones,Nicholas_Jones6183@womeona.net,1905-01-06 15:31:01,95,5736
Isabel Ward,Isabel_Ward3509@irrepsy.com,1997-08-26 20:55:01,46,5737
Skylar White,Skylar_White5043@gembat.biz,1896-02-02 01:25:18,35,5738
Barney Ingham,Barney_Ingham4281@ovock.tech,1967-06-09 01:20:06,29,5739
Agnes Weston,Agnes_Weston2342@corti.com,2013-05-03 15:25:02,29,5740
Chad Marshall,Chad_Marshall4335@cispeto.com,1973-09-11 22:50:23,31,5741
Sonya Jenkins,Sonya_Jenkins8085@gmail.com,1823-04-20 21:31:23,79,5742
Angelica Calderwood,Angelica_Calderwood8917@gompie.com,1907-02-09 03:06:00,38,5743
Benjamin Warner,Benjamin_Warner1733@ubusive.com,1844-11-18 12:03:53,33,5744
Sharon Stubbs,Sharon_Stubbs9554@sheye.org,1928-11-14 18:49:50,57,5745
Javier Yarlett,Javier_Yarlett2981@ubusive.com,1887-01-21 14:38:50,24,5746
Liam Lambert,Liam_Lambert1557@irrepsy.com,1966-02-26 19:02:28,38,5747
Bree Gardner,Bree_Gardner2157@extex.org,1941-02-02 13:51:06,20,5748
Nicholas Vangness,Nicholas_Vangness5335@liret.org,1925-01-07 13:05:49,18,5749
Piper Goldsmith,Piper_Goldsmith8269@gompie.com,1996-07-01 08:46:28,22,5750
Abdul Judd,Abdul_Judd6024@fuliss.net,1849-05-30 12:48:18,77,5751
Joseph Butler,Joseph_Butler8280@kideod.biz,1878-04-05 14:18:54,95,5752
Madison Harrison,Madison_Harrison4748@bauros.biz,1930-10-03 15:46:37,26,5753
Alex Martin,Alex_Martin635@ubusive.com,1991-04-12 21:38:30,24,5754
Enoch Fox,Enoch_Fox1247@jiman.org,1968-05-25 08:22:21,41,5755
Makenzie Yarwood,Makenzie_Yarwood5311@bulaffy.com,2011-11-15 13:52:49,56,5756
Raquel Butler,Raquel_Butler2000@corti.com,2000-10-17 08:27:29,67,5757
Ramon Rigg,Ramon_Rigg8478@infotech44.tech,1892-01-27 22:03:11,19,5758
Mark Hammond,Mark_Hammond3455@qater.org,1855-09-03 22:50:08,48,5759
Robyn Gallacher,Robyn_Gallacher463@vetan.org,1866-06-16 13:34:37,48,5760
Cedrick Thomas,Cedrick_Thomas7622@ovock.tech,1874-11-20 06:00:33,63,5761
Erica Bayliss,Erica_Bayliss8284@twipet.com,1855-09-26 07:49:20,43,5762
Joy Curtis,Joy_Curtis1278@ubusive.com,1880-01-20 04:44:14,78,5763
Jacob Richards,Jacob_Richards8265@muall.tech,1876-11-10 09:39:23,65,5764
Davina Cattell,Davina_Cattell5900@gmail.com,1973-08-25 08:57:44,53,5765
Joseph Crawley,Joseph_Crawley3248@elnee.tech,1990-02-15 13:44:25,71,5766
Erica Forester,Erica_Forester8208@naiker.biz,1944-12-22 01:51:10,18,5767
Carla Ellwood,Carla_Ellwood7621@supunk.biz,2015-04-03 05:43:44,64,5768
Elijah Collins,Elijah_Collins8066@hourpy.biz,1822-08-21 03:06:22,83,5769
Mason Snow,Mason_Snow7536@corti.com,1901-04-02 04:27:47,79,5770
Peter Baxter,Peter_Baxter7544@nickia.com,1869-01-25 07:28:54,56,5771
Alexander Mitchell,Alexander_Mitchell8713@nimogy.biz,1996-09-13 11:56:58,81,5772
Chuck Ogilvy,Chuck_Ogilvy3779@twipet.com,1838-05-18 09:40:15,99,5773
Joseph Wilson,Joseph_Wilson26@zorer.org,1914-01-06 09:13:07,66,5774
Esmeralda Lowe,Esmeralda_Lowe9231@nanoff.biz,1994-05-02 15:21:03,68,5775
Wade Patel,Wade_Patel182@jiman.org,1963-02-02 22:24:27,65,5776
Goldie Eagle,Goldie_Eagle9354@nimogy.biz,1994-04-11 20:58:58,36,5777
Jayden Sloan,Jayden_Sloan3949@deons.tech,1987-01-11 18:32:11,52,5778
Rhea Townend,Rhea_Townend6607@sveldo.biz,1931-01-30 06:54:43,31,5779
Julia Hall,Julia_Hall5489@naiker.biz,1832-05-15 10:14:14,43,5780
Ron Wheeler,Ron_Wheeler8241@atink.com,1940-11-08 09:05:54,53,5781
Lana Mullins,Lana_Mullins320@nanoff.biz,1967-05-31 00:32:48,28,5782
Ramon Hudson,Ramon_Hudson8336@sheye.org,1912-10-08 11:16:36,20,5783
George Quinn,George_Quinn8910@kideod.biz,1968-01-12 16:47:30,59,5784
Shay Parker,Shay_Parker3109@eirey.tech,1826-11-15 18:44:22,21,5785
Irene Redden,Irene_Redden1133@deavo.com,2016-11-06 09:31:03,74,5786
Kendra Connell,Kendra_Connell9045@famism.biz,1893-07-02 02:19:33,53,5787
Elijah London,Elijah_London3224@infotech44.tech,1905-05-29 22:55:34,77,5788
Beatrice Oatway,Beatrice_Oatway5681@infotech44.tech,1917-02-14 03:12:10,57,5789
Alexia Baldwin,Alexia_Baldwin8312@joiniaa.com,1826-12-04 16:04:15,90,5790
Rosalyn Dickson,Rosalyn_Dickson9536@yahoo.com,1991-03-13 20:05:08,41,5791
Chris Sawyer,Chris_Sawyer3364@fuliss.net,1888-06-22 05:53:55,63,5792
Daniel Briggs,Daniel_Briggs952@sveldo.biz,1987-08-16 10:11:53,95,5793
Daniel Flynn,Daniel_Flynn7112@typill.biz,1862-05-28 13:55:32,27,5794
Robyn Rowlands,Robyn_Rowlands9020@corti.com,1986-02-06 05:23:48,23,5795
Hayden Burge,Hayden_Burge7060@muall.tech,2019-06-25 07:04:49,33,5796
Caydence Swift,Caydence_Swift1952@grannar.com,1834-01-11 18:13:30,83,5797
Katelyn Becker,Katelyn_Becker8141@ovock.tech,1856-10-11 19:14:35,41,5798
Tyler Franks,Tyler_Franks8480@twace.org,2007-03-25 17:57:03,85,5799
Rufus Wright,Rufus_Wright3556@brety.org,2009-04-22 19:51:20,52,5800
Matt Doherty,Matt_Doherty220@bretoux.com,1926-10-07 09:19:44,56,5801
Roger Connell,Roger_Connell5495@mafthy.com,1887-11-14 06:19:03,69,5802
Alexander Mcnally,Alexander_Mcnally6996@bulaffy.com,1870-09-17 03:00:05,18,5803
Elle Underhill,Elle_Underhill1772@jiman.org,1934-03-20 03:21:31,67,5804
Jack Johnson,Jack_Johnson5912@nickia.com,1980-01-30 00:32:44,49,5805
Kaylee Potts,Kaylee_Potts7226@twace.org,1856-10-01 19:10:06,22,5806
Luke Collis,Luke_Collis7570@atink.com,1853-10-06 04:17:16,20,5807
Eduardo Ellis,Eduardo_Ellis4617@sveldo.biz,1994-07-06 14:33:01,27,5808
Rick Hudson,Rick_Hudson7023@acrit.org,1975-03-15 03:09:03,25,5809
Thea Ebden,Thea_Ebden4789@eirey.tech,1838-08-14 04:26:25,59,5810
Julian Attwood,Julian_Attwood7261@liret.org,1964-05-10 17:20:35,38,5811
Katelyn Redwood,Katelyn_Redwood9918@hourpy.biz,1969-07-27 03:32:24,49,5812
Ember Collis,Ember_Collis1964@bretoux.com,1855-08-05 15:18:13,19,5813
Ethan Briggs,Ethan_Briggs5162@cispeto.com,1919-03-22 07:31:28,69,5814
Rocco Mcneill,Rocco_Mcneill8011@womeona.net,1908-01-02 19:15:37,58,5815
Owen Quinton,Owen_Quinton541@cispeto.com,1935-12-13 11:04:24,21,5816
Marissa Ellery,Marissa_Ellery5843@gompie.com,1896-01-11 03:37:28,46,5817
Martin Milner,Martin_Milner7799@acrit.org,1855-02-21 10:26:39,89,5818
Tyson Lane,Tyson_Lane7264@deons.tech,1828-12-31 03:05:00,94,5819
Jessica Rogan,Jessica_Rogan4332@mafthy.com,1938-05-18 16:57:13,30,5820
Alexia Evans,Alexia_Evans3017@deons.tech,1878-05-31 13:15:41,45,5821
Rosalie Redden,Rosalie_Redden5355@deavo.com,1941-09-04 17:23:28,61,5822
Tyler Lee,Tyler_Lee5448@ubusive.com,1849-08-11 12:37:10,80,5823
Jamie Moss,Jamie_Moss5097@gompie.com,1852-06-16 14:21:37,84,5824
Hayden Brown,Hayden_Brown6668@hourpy.biz,2014-08-28 19:34:43,98,5825
Mark Vaughan,Mark_Vaughan7090@bulaffy.com,1869-11-21 12:13:57,95,5826
Tom Allington,Tom_Allington9321@zorer.org,1945-08-18 19:53:56,62,5827
Alma Gunn,Alma_Gunn6816@dionrab.com,1896-08-26 15:57:42,47,5828
Tom Warren,Tom_Warren1983@ovock.tech,1856-01-05 22:29:35,44,5829
Chelsea Wilton,Chelsea_Wilton6962@yahoo.com,1923-07-16 18:26:47,33,5830
Tom Reid,Tom_Reid1935@yahoo.com,1905-01-23 12:47:38,61,5831
Ryan Moreno,Ryan_Moreno6107@muall.tech,1985-05-22 01:51:58,74,5832
Johnny Bolton,Johnny_Bolton6300@bungar.biz,1927-10-17 00:03:37,62,5833
Dorothy Mcnally,Dorothy_Mcnally5285@gembat.biz,1892-04-19 07:41:09,60,5834
Maxwell Egerton,Maxwell_Egerton775@bauros.biz,1827-08-03 20:46:03,35,5835
Noah Edmonds,Noah_Edmonds1219@gompie.com,1983-07-07 14:58:15,58,5836
Peter Ralph,Peter_Ralph1041@bungar.biz,1894-11-25 09:57:23,41,5837
Nate Sherwood,Nate_Sherwood4695@famism.biz,1907-10-02 10:13:52,91,5838
Barry Benson,Barry_Benson4294@deons.tech,1957-09-11 17:02:56,50,5839
Bryon Ellwood,Bryon_Ellwood6706@deons.tech,1853-12-24 00:44:08,48,5840
Carter Warner,Carter_Warner7720@deavo.com,1843-07-17 04:58:04,28,5841
Luke Wright,Luke_Wright3747@zorer.org,1861-01-29 10:43:01,38,5842
Chadwick Taylor,Chadwick_Taylor9919@gompie.com,1854-05-24 20:02:21,89,5843
Julian Rivers,Julian_Rivers5093@jiman.org,1959-12-27 18:14:42,97,5844
Angelina Horton,Angelina_Horton8305@dionrab.com,1881-08-31 05:03:47,91,5845
Mark Eddison,Mark_Eddison9001@bauros.biz,1872-04-29 20:23:12,62,5846
Marvin Kelly,Marvin_Kelly2041@brety.org,1943-07-27 07:35:06,31,5847
Analise Leslie,Analise_Leslie585@bauros.biz,1996-07-21 09:11:54,38,5848
Denis Crawley,Denis_Crawley4742@nanoff.biz,1843-12-22 00:10:45,18,5849
Tyson Upton,Tyson_Upton1769@sheye.org,1889-04-08 02:44:06,54,5850
Mary Brock,Mary_Brock6325@cispeto.com,1916-07-22 06:39:08,88,5851
Sara Ebbs,Sara_Ebbs9550@mafthy.com,1891-08-22 20:08:02,67,5852
Cara Waterhouse,Cara_Waterhouse1027@supunk.biz,2011-03-22 04:49:17,51,5853
Margaret Allington,Margaret_Allington4872@twipet.com,1883-08-06 20:35:56,74,5854
Bryon Rodgers,Bryon_Rodgers8987@atink.com,1833-08-02 21:04:34,51,5855
Eileen Garcia,Eileen_Garcia5070@hourpy.biz,1983-03-28 18:50:14,64,5856
Jack Mcgregor,Jack_Mcgregor7408@sveldo.biz,1864-04-20 14:57:39,41,5857
Mark Larsen,Mark_Larsen3455@sheye.org,1876-11-23 02:55:56,43,5858
Britney Brennan,Britney_Brennan8939@infotech44.tech,1978-04-23 20:33:38,56,5859
Bart Thornton,Bart_Thornton3938@joiniaa.com,1901-09-11 22:17:46,94,5860
Chuck Bentley,Chuck_Bentley2988@ovock.tech,1847-08-22 17:22:44,62,5861
Manuel Douglas,Manuel_Douglas9335@gompie.com,1852-04-18 04:28:45,43,5862
Henry Jackson,Henry_Jackson2004@bauros.biz,1903-12-06 21:47:55,47,5863
Melanie Fall,Melanie_Fall277@guentu.biz,1825-01-05 16:56:56,86,5864
Maya Savage,Maya_Savage1122@naiker.biz,1952-09-05 03:25:48,38,5865
Rowan Donnelly,Rowan_Donnelly4770@iatim.tech,1890-08-16 15:11:31,61,5866
Grace Long,Grace_Long3926@liret.org,1990-07-19 16:51:02,62,5867
Jocelyn Blackwall,Jocelyn_Blackwall9342@bretoux.com,1975-07-09 05:12:24,26,5868
Clint Asher,Clint_Asher6949@twace.org,1986-02-04 07:39:24,62,5869
Marjorie Woods,Marjorie_Woods4261@muall.tech,1828-08-18 02:25:52,94,5870
Jayden Ranks,Jayden_Ranks2864@typill.biz,1823-06-15 22:34:10,87,5871
Chad Healy,Chad_Healy4406@eirey.tech,1955-11-25 00:43:15,50,5872
Alison Thompson,Alison_Thompson4972@nanoff.biz,2003-08-01 18:05:17,39,5873
Harvey Edwards,Harvey_Edwards4861@atink.com,2018-03-30 03:40:52,26,5874
Boris Vaughan,Boris_Vaughan5614@elnee.tech,2006-03-17 16:57:10,96,5875
Nate Ralph,Nate_Ralph4841@supunk.biz,1998-04-16 18:52:06,91,5876
Hayden Cattell,Hayden_Cattell9153@nanoff.biz,1878-05-14 02:17:16,39,5877
Nicholas Norris,Nicholas_Norris1606@womeona.net,1980-10-21 12:53:03,37,5878
Norah Callan,Norah_Callan3304@liret.org,1888-06-10 14:49:05,39,5879
Maia Stark,Maia_Stark9936@guentu.biz,2019-02-24 10:33:23,30,5880
Lana Harrison,Lana_Harrison9039@joiniaa.com,1965-06-01 11:00:55,66,5881
Daniel Sloan,Daniel_Sloan8727@deavo.com,1902-05-30 21:56:41,85,5882
Quinn Johnson,Quinn_Johnson196@deons.tech,1880-06-17 17:51:16,62,5883
Kieth Ingham,Kieth_Ingham9103@elnee.tech,1968-01-30 02:01:53,58,5884
Selena Douglas,Selena_Douglas4917@ovock.tech,1870-07-17 09:41:16,57,5885
Camellia Faulkner,Camellia_Faulkner5811@cispeto.com,1928-08-01 05:39:47,27,5886
Rick Parker,Rick_Parker4031@liret.org,1887-02-06 09:54:26,98,5887
Lindsay Bell,Lindsay_Bell2002@infotech44.tech,2018-06-20 08:42:04,87,5888
Bart Rogers,Bart_Rogers7977@corti.com,1997-04-18 02:54:23,90,5889
Jack Mullins,Jack_Mullins7945@cispeto.com,1867-05-10 21:29:15,67,5890
Aiden Lee,Aiden_Lee3036@tonsy.org,1846-12-25 09:40:36,60,5891
Clint Evans,Clint_Evans9620@liret.org,2007-06-22 00:54:53,46,5892
Rufus Addison,Rufus_Addison5566@irrepsy.com,1991-03-04 16:15:40,77,5893
Hannah aoui,Hannah_aoui4708@fuliss.net,1897-07-12 18:16:36,47,5894
Marissa Bolton,Marissa_Bolton8811@brety.org,2019-06-25 19:14:33,65,5895
Ramon Cooper,Ramon_Cooper9086@supunk.biz,1885-07-28 22:41:49,44,5896
Ethan Collins,Ethan_Collins8852@kideod.biz,1876-02-18 01:07:55,87,5897
Joseph Hope,Joseph_Hope5526@guentu.biz,1977-07-14 04:37:49,56,5898
Victoria Knight,Victoria_Knight1076@womeona.net,1836-09-27 06:32:04,74,5899
Barney Weatcroft,Barney_Weatcroft2867@bungar.biz,1876-09-15 10:24:25,54,5900
Fred Holt,Fred_Holt7126@elnee.tech,1910-04-27 15:01:00,67,5901
Nate Radcliffe,Nate_Radcliffe3631@bretoux.com,2015-12-19 11:52:20,48,5902
Michelle Vaughn,Michelle_Vaughn2561@kideod.biz,1830-03-26 07:01:36,68,5903
Mike Goldsmith,Mike_Goldsmith3871@womeona.net,1879-08-18 03:57:39,24,5904
John Butler,John_Butler4823@gompie.com,1832-05-16 05:04:57,96,5905
George Power,George_Power652@irrepsy.com,1908-09-01 15:02:15,49,5906
Owen Robinson,Owen_Robinson4030@eirey.tech,1887-10-15 03:28:49,19,5907
Martha Jenkins,Martha_Jenkins2755@ovock.tech,1960-03-06 22:33:40,49,5908
Alexa Wren,Alexa_Wren6707@typill.biz,1977-03-23 16:08:54,25,5909
Barney Notman,Barney_Notman2865@bungar.biz,1973-02-05 20:07:13,36,5910
Raquel Reynolds,Raquel_Reynolds9485@sveldo.biz,1880-10-14 07:46:06,81,5911
Cecilia Jones,Cecilia_Jones8854@gompie.com,2005-04-07 13:43:34,56,5912
Julia Mcneill,Julia_Mcneill7448@supunk.biz,1968-04-24 18:54:20,34,5913
Alexander Yoman,Alexander_Yoman4596@irrepsy.com,1833-11-22 22:06:32,59,5914
Nicole London,Nicole_London1446@vetan.org,1922-11-05 16:48:42,18,5915
Charlize Marshall,Charlize_Marshall7489@vetan.org,2003-09-06 04:29:32,49,5916
Faith Parsons,Faith_Parsons9106@ovock.tech,1949-02-21 17:53:24,58,5917
Audrey Poulton,Audrey_Poulton832@yahoo.com,1954-05-18 22:24:07,90,5918
Doug Pitt,Doug_Pitt3298@fuliss.net,1958-12-25 06:34:49,62,5919
Rosalyn Pearson,Rosalyn_Pearson1730@extex.org,1823-08-24 11:07:11,97,5920
Rosa Robinson,Rosa_Robinson2212@famism.biz,1960-12-12 21:27:41,95,5921
Enoch Gray,Enoch_Gray6665@gmail.com,1931-03-03 04:06:52,38,5922
Alexia Russell,Alexia_Russell8722@iatim.tech,1918-03-13 21:00:05,19,5923
Ema Mullins,Ema_Mullins1637@atink.com,1855-07-19 12:58:16,43,5924
Susan Rose,Susan_Rose8917@vetan.org,1840-11-14 02:52:47,54,5925
Nathan Plant,Nathan_Plant9506@vetan.org,1930-09-15 17:31:35,64,5926
Tom Mcgregor,Tom_Mcgregor6908@sheye.org,1839-12-18 12:12:30,34,5927
Sonya Hooper,Sonya_Hooper5783@cispeto.com,1924-02-08 07:09:15,60,5928
Lynn Craig,Lynn_Craig6483@liret.org,1978-08-12 14:15:32,66,5929
Gabriel Martin,Gabriel_Martin7052@womeona.net,1979-09-12 10:10:06,59,5930
Josh Gray,Josh_Gray6041@kideod.biz,1934-01-16 12:38:25,26,5931
Oliver Dunbar,Oliver_Dunbar789@nanoff.biz,1972-12-16 16:42:27,98,5932
Darlene Newman,Darlene_Newman9236@naiker.biz,2015-10-15 19:08:02,76,5933
Britney Richardson,Britney_Richardson7659@infotech44.tech,1923-04-14 14:35:12,71,5934
Eileen Savage,Eileen_Savage4492@acrit.org,1981-03-10 17:18:31,80,5935
Matthew Vane,Matthew_Vane1313@yahoo.com,1870-04-08 05:26:47,56,5936
Lucas Fenton,Lucas_Fenton7260@famism.biz,1843-11-15 12:29:06,71,5937
Lucy Rogers,Lucy_Rogers8174@brety.org,1921-12-03 10:12:33,98,5938
Luna Rossi,Luna_Rossi2845@muall.tech,1882-03-07 09:54:43,77,5939
Crystal Ellis,Crystal_Ellis7417@bungar.biz,1989-08-08 08:05:23,37,5940
Jessica Goldsmith,Jessica_Goldsmith8779@muall.tech,2006-11-05 05:52:23,60,5941
Marie Lane,Marie_Lane8257@eirey.tech,1856-08-09 18:18:04,78,5942
Benjamin Oakley,Benjamin_Oakley3751@gmail.com,2002-07-05 07:45:52,90,5943
Paige Clarke,Paige_Clarke3330@brety.org,2011-10-05 07:42:37,77,5944
Erica Thomson,Erica_Thomson2203@ovock.tech,1877-08-20 07:56:29,79,5945
Tyler Stevens,Tyler_Stevens6691@womeona.net,1946-02-28 11:48:30,78,5946
Julianna Jacobs,Julianna_Jacobs5085@supunk.biz,1902-01-18 04:32:05,41,5947
Henry Stewart,Henry_Stewart3541@muall.tech,1859-12-10 02:31:25,24,5948
Jacob Walsh,Jacob_Walsh1363@qater.org,1837-01-11 07:08:47,26,5949
Vera Craig,Vera_Craig8879@twace.org,1944-03-23 11:00:49,62,5950
Enoch Jones,Enoch_Jones2054@bulaffy.com,2013-04-14 08:39:00,45,5951
Doug Bentley,Doug_Bentley4391@atink.com,1864-10-13 04:51:39,42,5952
Gil Wallace,Gil_Wallace9909@hourpy.biz,1887-11-06 20:46:13,21,5953
Bernadette Ramsey,Bernadette_Ramsey8881@extex.org,1983-01-23 11:04:13,90,5954
Carol Campbell,Carol_Campbell4744@gompie.com,1917-10-21 02:45:43,92,5955
Danielle Stewart,Danielle_Stewart5405@irrepsy.com,1825-07-25 00:51:21,64,5956
Keira Wills,Keira_Wills9731@iatim.tech,1908-08-19 06:30:26,45,5957
Percy Wright,Percy_Wright7830@mafthy.com,1897-04-16 21:15:24,46,5958
Savannah Hewitt,Savannah_Hewitt3245@vetan.org,1835-04-26 16:09:24,97,5959
Chloe Rose,Chloe_Rose6626@naiker.biz,1848-05-27 05:09:49,29,5960
Naomi Talbot,Naomi_Talbot3926@tonsy.org,1885-08-22 22:33:56,25,5961
Shelby Edmonds,Shelby_Edmonds192@ubusive.com,2018-10-10 11:06:21,63,5962
David Corbett,David_Corbett4853@gompie.com,1840-10-16 09:57:58,54,5963
Enoch Hammond,Enoch_Hammond2801@twace.org,1947-12-28 17:39:08,40,5964
Daphne Watson,Daphne_Watson3165@zorer.org,1822-12-30 03:40:19,83,5965
Percy Dubois,Percy_Dubois2851@elnee.tech,1842-06-01 11:49:49,24,5966
Angela Bryant,Angela_Bryant5106@ovock.tech,1882-12-18 07:10:52,75,5967
Denis Williams,Denis_Williams965@irrepsy.com,1929-04-07 20:46:36,62,5968
Julian Lewin,Julian_Lewin2011@typill.biz,1826-10-30 22:08:50,19,5969
Tom Walton,Tom_Walton619@acrit.org,1839-12-12 13:40:21,63,5970
Maggie Veale,Maggie_Veale6263@mafthy.com,1978-04-20 03:40:48,90,5971
Danny Booth,Danny_Booth2827@twace.org,1859-01-12 07:21:41,92,5972
Crystal Pratt,Crystal_Pratt8689@grannar.com,1872-10-05 00:53:43,47,5973
Jocelyn Redden,Jocelyn_Redden548@zorer.org,2016-05-24 21:01:36,20,5974
Nicholas Hope,Nicholas_Hope9703@typill.biz,1909-02-25 16:32:54,31,5975
Rebecca Vallins,Rebecca_Vallins4605@eirey.tech,1914-02-12 14:54:04,44,5976
Wade Morgan,Wade_Morgan4584@bungar.biz,2017-12-20 06:09:23,30,5977
Nicholas Stone,Nicholas_Stone6693@yahoo.com,1821-03-29 20:21:03,26,5978
Leanne Willis,Leanne_Willis5750@vetan.org,1967-07-20 05:56:47,51,5979
Ronald Downing,Ronald_Downing2922@liret.org,1952-07-31 08:50:02,85,5980
Renee Bryson,Renee_Bryson7773@bulaffy.com,1909-07-04 10:19:25,37,5981
John Vollans,John_Vollans9669@naiker.biz,1889-02-27 05:21:50,33,5982
Bryon Gilmore,Bryon_Gilmore9961@typill.biz,1871-11-29 08:27:25,47,5983
Ember Talbot,Ember_Talbot2229@ovock.tech,2015-01-04 06:12:39,31,5984
Vicky Lomax,Vicky_Lomax5723@hourpy.biz,1834-07-30 03:58:29,91,5985
Aileen Harris,Aileen_Harris8487@dionrab.com,1983-11-07 04:09:57,70,5986
Kieth Douglas,Kieth_Douglas773@mafthy.com,1931-05-20 21:38:00,84,5987
Rosalie Ramsey,Rosalie_Ramsey6882@bulaffy.com,1995-12-02 18:46:10,78,5988
Chadwick Adams,Chadwick_Adams5383@ovock.tech,1949-08-12 00:27:09,29,5989
Tony Taylor,Tony_Taylor298@dionrab.com,1875-08-25 22:25:57,40,5990
Ruby Williams,Ruby_Williams6871@qater.org,1895-09-04 06:18:54,32,5991
Havana Saunders,Havana_Saunders2326@cispeto.com,1964-10-22 00:21:07,96,5992
Ruby Whitehouse,Ruby_Whitehouse8761@famism.biz,2002-10-14 18:39:36,70,5993
Nathan Potts,Nathan_Potts8985@vetan.org,1949-04-08 09:16:41,64,5994
Tess Khan,Tess_Khan9803@atink.com,1888-07-16 03:00:30,46,5995
Margaret Mills,Margaret_Mills191@brety.org,1947-08-04 22:05:37,94,5996
Mary Graham,Mary_Graham2869@bretoux.com,1942-10-03 14:05:36,89,5997
Abdul Newman,Abdul_Newman5624@vetan.org,1987-01-29 21:29:43,76,5998
Eve Truscott,Eve_Truscott2650@joiniaa.com,1868-09-11 01:46:09,98,5999
Darlene Collins,Darlene_Collins7636@extex.org,1965-01-12 22:15:40,61,6000
Gil Evans,Gil_Evans6376@yahoo.com,1915-09-15 22:43:24,92,6001
Jamie Avery,Jamie_Avery9275@nanoff.biz,1975-06-23 10:25:52,22,6002
Belinda Dixon,Belinda_Dixon6298@liret.org,1827-08-12 02:52:33,90,6003
Georgia Sloan,Georgia_Sloan2058@extex.org,1958-08-28 09:30:14,93,6004
Bryon Gavin,Bryon_Gavin2585@twipet.com,1853-03-03 21:41:34,36,6005
Gemma Judd,Gemma_Judd6192@extex.org,2000-03-10 03:44:24,98,6006
Miley Swift,Miley_Swift5360@dionrab.com,1822-07-21 15:09:55,57,6007
Anthony Larsen,Anthony_Larsen9566@naiker.biz,1860-04-24 10:39:20,22,6008
Luke Holt,Luke_Holt3470@iatim.tech,1875-09-28 07:12:12,25,6009
Owen Gilmour,Owen_Gilmour2589@gompie.com,1857-02-08 03:49:11,40,6010
Enoch Matthews,Enoch_Matthews1091@qater.org,1880-06-05 08:24:48,83,6011
Peter Sanchez,Peter_Sanchez3549@zorer.org,2006-12-18 17:48:53,82,6012
Victoria Miller,Victoria_Miller8571@bungar.biz,1964-08-07 19:55:22,68,6013
Rick Reading,Rick_Reading657@grannar.com,1887-04-18 14:11:29,44,6014
Emmanuelle Martin,Emmanuelle_Martin4144@iatim.tech,1834-10-04 05:44:22,70,6015
Aisha Kelly,Aisha_Kelly3998@gompie.com,1831-06-09 18:53:10,28,6016
Hazel Yarlett,Hazel_Yarlett2102@bauros.biz,1987-03-19 00:20:47,62,6017
Ryan Denton,Ryan_Denton5807@zorer.org,1979-11-16 01:31:12,88,6018
Margot Nash,Margot_Nash7362@gembat.biz,1963-02-11 15:04:28,58,6019
Dakota Chadwick,Dakota_Chadwick3633@zorer.org,1917-02-13 19:10:38,83,6020
Isabella Jarrett,Isabella_Jarrett8359@gmail.com,1987-08-17 22:20:30,82,6021
Stacy Shields,Stacy_Shields3146@iatim.tech,1891-03-28 20:17:00,21,6022
Jade Addis,Jade_Addis3014@yahoo.com,1928-02-22 12:57:41,50,6023
Jackeline Vollans,Jackeline_Vollans4146@naiker.biz,1943-12-07 03:42:22,48,6024
Bryon Hopkins,Bryon_Hopkins7031@cispeto.com,1864-03-26 01:41:42,60,6025
Carrie Khan,Carrie_Khan6197@muall.tech,1849-03-11 00:38:47,85,6026
Gabriel Griffiths,Gabriel_Griffiths1261@qater.org,1840-10-21 09:16:30,19,6027
Chester Dixon,Chester_Dixon6422@ubusive.com,1983-08-19 08:09:46,84,6028
Denis Parr,Denis_Parr1847@naiker.biz,1893-06-18 16:14:44,71,6029
Rufus Dallas,Rufus_Dallas5501@deons.tech,1960-02-01 15:25:50,51,6030
Enoch Logan,Enoch_Logan7039@bretoux.com,1911-09-30 14:30:17,86,6031
Paula Cavanagh,Paula_Cavanagh9870@ubusive.com,1908-02-11 17:27:20,57,6032
Javier Lomax,Javier_Lomax8761@joiniaa.com,1961-01-01 05:22:33,69,6033
Tom Plumb,Tom_Plumb3869@fuliss.net,1962-01-04 15:32:51,44,6034
Maxwell Brock,Maxwell_Brock9232@zorer.org,1973-07-02 14:54:12,70,6035
Alan Spencer,Alan_Spencer3680@yahoo.com,1947-07-25 06:18:17,68,6036
Brad Horton,Brad_Horton6773@deavo.com,1985-12-09 12:27:57,69,6037
Sonya Stanton,Sonya_Stanton135@sheye.org,1857-03-04 04:34:00,70,6038
Emery Silva,Emery_Silva9161@nimogy.biz,1998-12-10 19:55:21,49,6039
Denny Reynolds,Denny_Reynolds2556@sveldo.biz,1911-03-06 05:16:12,21,6040
Natalie Wilkinson,Natalie_Wilkinson5823@zorer.org,1958-08-06 14:04:35,87,6041
Ron Holt,Ron_Holt6470@grannar.com,2003-05-11 02:02:57,85,6042
Maribel Barrett,Maribel_Barrett5951@tonsy.org,1905-04-07 22:19:53,43,6043
Helen Knott,Helen_Knott9530@joiniaa.com,1995-06-20 08:34:02,18,6044
Samara Yoman,Samara_Yoman5191@ovock.tech,1974-10-27 01:35:41,33,6045
Hank Redfern,Hank_Redfern3910@dionrab.com,1948-10-29 01:21:23,54,6046
Daron Khan,Daron_Khan2971@guentu.biz,1918-04-13 06:20:13,73,6047
Caleb Robe,Caleb_Robe9710@gompie.com,1857-07-11 05:34:37,51,6048
Eryn Collins,Eryn_Collins7133@infotech44.tech,1974-04-08 14:58:51,81,6049
Ramon Poulton,Ramon_Poulton6081@twipet.com,2008-11-12 14:02:37,56,6050
Kamila Mcgregor,Kamila_Mcgregor157@iatim.tech,1984-05-13 04:19:48,91,6051
Chris Heaton,Chris_Heaton9837@dionrab.com,1886-03-05 15:26:19,27,6052
Joyce Griffiths,Joyce_Griffiths4624@guentu.biz,1936-04-15 07:23:39,69,6053
Barry Wilkinson,Barry_Wilkinson1772@bungar.biz,1957-06-21 00:36:05,29,6054
Nicholas Khan,Nicholas_Khan9835@supunk.biz,1883-05-24 06:11:32,97,6055
Daphne Vallory,Daphne_Vallory5089@vetan.org,1855-09-25 04:53:07,21,6056
Hailey Weston,Hailey_Weston1943@ubusive.com,1855-09-02 12:32:02,49,6057
Deborah Rycroft,Deborah_Rycroft1940@womeona.net,1928-07-28 03:29:04,64,6058
Leah Broomfield,Leah_Broomfield7016@acrit.org,1901-04-04 11:26:33,80,6059
Penelope Patel,Penelope_Patel399@nickia.com,1978-09-10 15:57:38,34,6060
Julian Jordan,Julian_Jordan1657@muall.tech,1864-06-06 18:30:57,23,6061
Fred Gordon,Fred_Gordon5690@brety.org,1886-03-22 21:56:49,93,6062
Henry Clark,Henry_Clark2936@bulaffy.com,1863-04-25 12:19:31,78,6063
Javier Whatson,Javier_Whatson8745@sheye.org,1938-06-14 22:40:02,29,6064
Kieth Reading,Kieth_Reading4933@deavo.com,1970-07-28 06:54:18,45,6065
Danny Vass,Danny_Vass7401@womeona.net,1961-09-09 17:50:15,53,6066
Allison Willis,Allison_Willis2298@tonsy.org,1996-03-23 20:56:46,29,6067
Rosemary Umney,Rosemary_Umney7016@bretoux.com,1954-06-12 13:28:34,30,6068
Selena Utterson,Selena_Utterson1900@guentu.biz,1856-06-19 00:05:19,23,6069
Marvin Woods,Marvin_Woods6123@corti.com,1847-10-01 00:14:18,86,6070
Johnny Campbell,Johnny_Campbell1623@fuliss.net,1935-11-20 18:25:25,89,6071
Leroy Walsh,Leroy_Walsh1011@cispeto.com,1821-12-01 10:46:19,18,6072
Hayden James,Hayden_James7163@twipet.com,1858-02-09 19:17:13,32,6073
Freya Shaw,Freya_Shaw7415@twipet.com,1942-09-09 11:50:10,44,6074
Naomi Paterson,Naomi_Paterson4693@infotech44.tech,1937-08-29 19:18:06,56,6075
Wade Daniells,Wade_Daniells2991@extex.org,1835-05-10 16:24:50,85,6076
Erica Jenkins,Erica_Jenkins2520@gembat.biz,1968-12-19 01:31:47,90,6077
Harry Cadman,Harry_Cadman77@iatim.tech,1872-04-24 02:08:43,76,6078
Caleb Lowe,Caleb_Lowe7476@corti.com,1907-03-02 10:51:44,35,6079
David Roberts,David_Roberts3664@mafthy.com,1994-03-15 08:24:15,36,6080
Bryon Nelson,Bryon_Nelson2234@extex.org,1839-09-22 14:53:39,77,6081
Eden Aldridge,Eden_Aldridge1527@corti.com,1862-08-26 07:27:45,81,6082
Valerie Evans,Valerie_Evans5931@extex.org,1895-11-29 13:14:24,80,6083
Hanna Reyes,Hanna_Reyes5167@gembat.biz,2018-08-12 00:56:44,50,6084
Bob Craig,Bob_Craig333@jiman.org,1887-06-25 10:49:51,48,6085
Celia Edley,Celia_Edley4790@bungar.biz,1881-07-01 12:54:13,67,6086
Chadwick Vaughan,Chadwick_Vaughan9128@qater.org,1868-08-27 15:08:55,59,6087
Jacob Graham,Jacob_Graham3718@ovock.tech,1973-02-02 22:43:19,71,6088
Sydney Judd,Sydney_Judd412@liret.org,2013-04-20 01:24:34,91,6089
Dasha Clifton,Dasha_Clifton1530@guentu.biz,1910-09-15 01:17:11,20,6090
Darlene Clayton,Darlene_Clayton3671@nanoff.biz,1852-05-18 04:16:30,31,6091
Sienna Russell,Sienna_Russell5824@nickia.com,1969-07-04 22:26:40,90,6092
Brad Mcneill,Brad_Mcneill466@dionrab.com,1842-04-28 15:32:28,59,6093
Chanelle Garner,Chanelle_Garner3027@extex.org,1948-03-24 19:00:51,23,6094
Courtney Reyes,Courtney_Reyes4218@mafthy.com,1945-12-10 11:08:28,29,6095
Andrea Hancock,Andrea_Hancock3078@qater.org,1898-07-13 16:50:17,23,6096
Mason Clark,Mason_Clark168@kideod.biz,1943-10-20 05:17:34,20,6097
Kieth Price,Kieth_Price6295@twace.org,1901-02-23 08:08:27,54,6098
Clint Nicolas,Clint_Nicolas3342@famism.biz,1843-12-23 02:14:27,67,6099
Matt Graham,Matt_Graham7974@grannar.com,1838-11-09 22:51:57,97,6100
Dorothy Pearce,Dorothy_Pearce4426@jiman.org,1912-03-22 00:57:10,53,6101
Harry Villiger,Harry_Villiger8609@kideod.biz,2016-12-10 13:27:56,45,6102
Ronald Sloan,Ronald_Sloan9842@twace.org,1995-03-08 06:46:04,20,6103
Clint Mcnally,Clint_Mcnally4900@dionrab.com,1900-02-26 22:37:04,66,6104
Percy Michael,Percy_Michael230@mafthy.com,1882-11-10 14:49:20,65,6105
Clint Cartwright,Clint_Cartwright6416@kideod.biz,1894-02-18 08:33:18,49,6106
Wade Umney,Wade_Umney1453@fuliss.net,1920-05-05 09:53:46,22,6107
Davina Evans,Davina_Evans3713@liret.org,1901-10-01 21:47:23,85,6108
Hope Todd,Hope_Todd4941@womeona.net,2001-12-13 13:30:02,75,6109
Taylor Quinn,Taylor_Quinn6872@elnee.tech,1994-12-20 04:54:00,25,6110
Julian Brett,Julian_Brett2817@gompie.com,1929-06-06 02:31:24,21,6111
Madelyn Dickson,Madelyn_Dickson4954@twace.org,1964-11-12 18:24:36,26,6112
Irene Egerton,Irene_Egerton995@famism.biz,1941-09-11 14:41:55,47,6113
Kate Rigg,Kate_Rigg2966@bungar.biz,1925-07-10 09:09:54,98,6114
Gil Farrow,Gil_Farrow64@jiman.org,1907-12-04 05:48:32,75,6115
Erick Thorpe,Erick_Thorpe9015@tonsy.org,2017-03-01 20:55:14,96,6116
Tyson Rogers,Tyson_Rogers570@qater.org,1903-07-25 17:51:33,68,6117
Benjamin Emerson,Benjamin_Emerson6278@ubusive.com,1985-07-11 18:49:49,67,6118
Elly Bryson,Elly_Bryson2456@jiman.org,1898-03-04 16:52:05,95,6119
Alessia Dixon,Alessia_Dixon9718@deons.tech,1892-09-05 11:03:09,87,6120
Karla Page ,Karla_Page 9408@gmail.com,1914-03-08 07:40:34,48,6121
Lynn Blythe,Lynn_Blythe6337@mafthy.com,1837-01-01 06:20:46,55,6122
Josh Lucas,Josh_Lucas6152@ovock.tech,1994-07-13 15:29:32,96,6123
Boris Cork,Boris_Cork9842@ovock.tech,1824-09-17 12:12:51,83,6124
Gabriel Quinn,Gabriel_Quinn7248@bauros.biz,1946-05-12 07:17:22,99,6125
Elena Wilson,Elena_Wilson7040@atink.com,1974-04-12 13:37:58,59,6126
Logan Vass,Logan_Vass6150@yahoo.com,1912-06-07 07:07:40,64,6127
Tyler Reading,Tyler_Reading9918@supunk.biz,1956-12-18 13:03:50,44,6128
Lorraine Carter,Lorraine_Carter5452@zorer.org,1860-11-28 10:57:49,32,6129
Daniel Brooks,Daniel_Brooks3582@yahoo.com,1870-03-23 20:41:41,42,6130
Dorothy Baker,Dorothy_Baker8280@irrepsy.com,1827-03-12 15:16:18,55,6131
Clint Fowler,Clint_Fowler6582@infotech44.tech,1894-06-11 16:34:43,85,6132
Florence Whittle,Florence_Whittle5047@sveldo.biz,1940-08-11 19:06:57,29,6133
Candace Jarvis,Candace_Jarvis5678@yahoo.com,1885-01-21 18:17:03,86,6134
Hadley Lane,Hadley_Lane3859@infotech44.tech,2006-03-02 03:33:22,71,6135
Adalind Wilkinson,Adalind_Wilkinson8677@bretoux.com,2007-08-04 21:06:42,90,6136
Michael Mills,Michael_Mills1696@nickia.com,1886-12-25 03:12:36,71,6137
Taylor Blackwall,Taylor_Blackwall9079@twipet.com,1979-06-27 15:53:30,33,6138
Brad Thorne,Brad_Thorne3137@mafthy.com,1918-09-27 20:29:15,26,6139
Adelaide Saunders,Adelaide_Saunders1880@iatim.tech,2018-02-01 20:29:42,71,6140
Carter Tait,Carter_Tait7292@deons.tech,1849-07-30 17:02:34,59,6141
Lynn Norton,Lynn_Norton5301@joiniaa.com,2008-02-10 18:58:34,32,6142
Mason Miller,Mason_Miller5248@eirey.tech,1996-01-12 19:19:16,42,6143
Hank Shaw,Hank_Shaw8780@joiniaa.com,1927-11-17 07:00:13,54,6144
Jane Tutton,Jane_Tutton7582@qater.org,1895-08-09 02:02:45,75,6145
Emmanuelle Santos,Emmanuelle_Santos5461@liret.org,1840-12-09 22:24:28,34,6146
Isabel Gonzales,Isabel_Gonzales2756@vetan.org,1833-05-06 19:41:06,90,6147
Sienna Holmes,Sienna_Holmes1343@kideod.biz,1933-02-21 17:11:39,89,6148
Samara Abbey,Samara_Abbey5779@twace.org,1821-10-27 06:37:38,43,6149
Cedrick Eaton,Cedrick_Eaton304@twace.org,1875-06-13 01:37:09,82,6150
Chelsea Wooldridge,Chelsea_Wooldridge8942@dionrab.com,1893-09-18 03:46:05,72,6151
Bryce Warden,Bryce_Warden5992@kideod.biz,1926-08-23 20:11:08,66,6152
Barry Quinton,Barry_Quinton8030@bretoux.com,1964-05-08 06:42:00,33,6153
Cecilia Pickard,Cecilia_Pickard8922@acrit.org,1888-07-02 19:39:29,80,6154
Peter Lloyd,Peter_Lloyd9950@infotech44.tech,1974-11-28 03:54:34,67,6155
Leslie Roberts,Leslie_Roberts5617@extex.org,1884-07-13 08:07:34,47,6156
Luke Fowler,Luke_Fowler9040@nanoff.biz,1867-09-24 17:50:14,26,6157
Bristol Harrison,Bristol_Harrison3879@brety.org,1885-03-04 15:02:49,62,6158
Nate Fall,Nate_Fall4073@naiker.biz,1939-03-10 14:27:53,20,6159
Julian Drake,Julian_Drake1449@nickia.com,1911-11-03 15:37:48,77,6160
Emery Flynn,Emery_Flynn4854@bungar.biz,1858-09-05 04:06:49,72,6161
Aisha Whittle,Aisha_Whittle308@naiker.biz,1968-03-07 06:22:07,66,6162
Parker Dobson,Parker_Dobson2294@twace.org,2010-08-07 02:32:42,40,6163
Gabriel Farrant,Gabriel_Farrant1158@womeona.net,1872-01-20 15:38:28,66,6164
Caleb Collins,Caleb_Collins2498@gmail.com,1948-01-21 10:03:20,94,6165
Johnny Malone,Johnny_Malone2293@sveldo.biz,1967-06-06 08:26:20,97,6166
Margaret Brown,Margaret_Brown5652@yahoo.com,1946-10-07 02:10:29,61,6167
Rick Reyes,Rick_Reyes5260@tonsy.org,1838-12-22 14:40:50,58,6168
Deborah Patel,Deborah_Patel7810@deons.tech,1882-01-24 11:00:00,82,6169
Vanessa Holt,Vanessa_Holt5172@cispeto.com,1973-09-12 03:04:12,78,6170
Brad Pearson,Brad_Pearson8166@zorer.org,1935-02-02 09:58:02,19,6171
Ron Rogers,Ron_Rogers8492@kideod.biz,1825-05-15 10:35:28,77,6172
Gloria Mcnally,Gloria_Mcnally7110@muall.tech,1988-05-16 07:21:00,52,6173
Ruth Gaynor,Ruth_Gaynor1227@ovock.tech,1868-09-07 11:22:53,59,6174
Emely Wilkinson,Emely_Wilkinson9849@deavo.com,1865-02-13 14:27:03,58,6175
Caleb Roman,Caleb_Roman4971@vetan.org,1911-08-23 02:50:10,20,6176
Gil Parker,Gil_Parker6328@famism.biz,1923-01-28 04:27:52,35,6177
Alison Knight,Alison_Knight9742@qater.org,1945-06-20 03:10:00,52,6178
Denis Richardson,Denis_Richardson5182@deons.tech,1906-12-31 22:57:30,58,6179
Catherine Eagle,Catherine_Eagle8849@eirey.tech,1983-01-01 11:19:54,33,6180
Ethan Mcneill,Ethan_Mcneill8414@infotech44.tech,1875-01-31 19:36:38,98,6181
Carter Thomson,Carter_Thomson7602@hourpy.biz,1903-12-09 17:27:32,69,6182
Wade Miller,Wade_Miller3979@dionrab.com,1997-07-08 19:47:43,20,6183
Erick Oldfield,Erick_Oldfield8171@supunk.biz,1825-04-13 06:27:32,84,6184
Paige Curtis,Paige_Curtis5340@nanoff.biz,1863-10-11 18:26:03,85,6185
Tyler Evans,Tyler_Evans2995@nickia.com,1980-10-05 05:09:45,24,6186
Gabriel Chapman,Gabriel_Chapman6168@zorer.org,1923-05-03 15:01:21,83,6187
Anabel Waterson,Anabel_Waterson7329@yahoo.com,1851-01-08 20:24:13,88,6188
Lorraine Osman,Lorraine_Osman9076@infotech44.tech,1831-08-15 00:56:09,66,6189
Kendra Knight,Kendra_Knight4837@supunk.biz,1935-03-31 11:41:38,72,6190
Samara Pierce,Samara_Pierce2537@nimogy.biz,1976-09-15 03:02:16,59,6191
Harvey Stubbs,Harvey_Stubbs9007@extex.org,1824-11-09 06:57:38,85,6192
Danny Kerr,Danny_Kerr7791@fuliss.net,1822-03-26 13:25:20,55,6193
Maxwell Kennedy,Maxwell_Kennedy5645@bretoux.com,1879-10-30 07:29:12,33,6194
Thea Stewart,Thea_Stewart6423@nimogy.biz,2017-01-20 04:47:28,48,6195
Cassidy Hewitt,Cassidy_Hewitt8400@nanoff.biz,1988-09-14 20:17:14,74,6196
Fred Mooney,Fred_Mooney8200@qater.org,1963-02-10 01:22:34,75,6197
Stephanie Holmes,Stephanie_Holmes4553@bulaffy.com,1919-07-24 00:13:05,19,6198
Abdul Strong,Abdul_Strong9783@atink.com,1849-02-27 02:53:22,56,6199
Gabriel Reynolds,Gabriel_Reynolds5303@extex.org,1860-08-23 06:50:46,97,6200
Erick Donovan,Erick_Donovan7915@nickia.com,1924-12-26 17:35:55,73,6201
Isla Goldsmith,Isla_Goldsmith2236@qater.org,1908-09-09 17:42:39,75,6202
Marvin Powell,Marvin_Powell1207@bretoux.com,1954-04-24 12:13:27,75,6203
Javier Poole,Javier_Poole1206@deons.tech,1824-11-07 12:08:18,69,6204
Clint Clark,Clint_Clark7077@muall.tech,1960-02-03 18:01:39,62,6205
Benny Norman,Benny_Norman874@supunk.biz,1976-09-01 18:05:28,99,6206
Maya Owens,Maya_Owens2345@irrepsy.com,1950-12-27 05:04:07,86,6207
Adina Fulton,Adina_Fulton378@ubusive.com,1833-09-12 03:16:27,68,6208
Rufus Nash,Rufus_Nash9332@jiman.org,1948-11-16 22:20:43,44,6209
Russel Paterson,Russel_Paterson3095@iatim.tech,1991-08-21 08:43:13,18,6210
Boris Vincent,Boris_Vincent8396@muall.tech,1978-11-20 03:09:45,44,6211
Kaylee Townend,Kaylee_Townend8633@atink.com,1919-08-22 22:11:56,86,6212
Noah Jenkin,Noah_Jenkin8076@iatim.tech,1907-09-23 22:06:23,56,6213
Tyson Quinton,Tyson_Quinton4660@nanoff.biz,1842-02-20 13:42:16,57,6214
Erick Bailey,Erick_Bailey4146@deavo.com,1953-09-12 18:47:09,29,6215
Hank Whinter,Hank_Whinter4059@bretoux.com,1928-12-25 08:05:12,35,6216
Tyler Dale,Tyler_Dale3033@iatim.tech,1859-05-08 11:09:41,21,6217
Harmony Camden,Harmony_Camden4706@acrit.org,1995-12-25 07:55:06,96,6218
Marilyn Emmett,Marilyn_Emmett2669@mafthy.com,1919-05-24 14:37:08,69,6219
Rufus Mccormick,Rufus_Mccormick716@muall.tech,1907-11-24 01:16:45,59,6220
Carla Terry,Carla_Terry1129@liret.org,1945-01-30 06:18:03,53,6221
Alessia Powell,Alessia_Powell2468@vetan.org,1953-11-21 02:28:42,29,6222
Manuel Jacobs,Manuel_Jacobs708@ubusive.com,1899-02-25 17:49:47,92,6223
Bart Redwood,Bart_Redwood6000@naiker.biz,2010-01-21 01:49:01,96,6224
Nicholas Bryant,Nicholas_Bryant7147@joiniaa.com,1873-10-09 11:15:27,99,6225
Carrie Nash,Carrie_Nash6310@ovock.tech,1883-10-29 14:02:46,87,6226
Havana Flanders,Havana_Flanders1610@vetan.org,1854-06-12 06:22:26,71,6227
Quinn aoui,Quinn_aoui7628@bulaffy.com,1869-02-22 06:17:39,22,6228
Shannon Ashley,Shannon_Ashley8224@gompie.com,1871-08-22 11:31:38,56,6229
Kate Quinton,Kate_Quinton1818@deons.tech,1980-08-25 18:24:05,37,6230
Lucy Graham,Lucy_Graham8167@gmail.com,1832-05-04 02:46:42,75,6231
Florence Gray,Florence_Gray7321@infotech44.tech,1895-07-14 01:40:34,47,6232
Emerald Roscoe,Emerald_Roscoe9826@acrit.org,1940-06-05 05:16:39,27,6233
Michaela Larsen,Michaela_Larsen4280@deons.tech,1970-01-03 15:32:26,59,6234
Danny Tindall,Danny_Tindall9525@elnee.tech,2008-11-22 14:18:12,76,6235
Rachael Harper,Rachael_Harper7445@grannar.com,1862-02-08 09:48:27,81,6236
Clarissa Harrington,Clarissa_Harrington5950@jiman.org,1853-07-06 03:55:38,36,6237
Aiden Willson,Aiden_Willson776@gembat.biz,2015-08-06 21:46:32,51,6238
Lindsay Mcguire,Lindsay_Mcguire9619@gmail.com,1880-03-16 01:26:51,89,6239
Maria Lewis,Maria_Lewis6721@nimogy.biz,1884-03-15 13:13:40,40,6240
Johnathan Wilde,Johnathan_Wilde9926@yahoo.com,1872-04-09 20:43:31,65,6241
Rick Attwood,Rick_Attwood468@typill.biz,2003-03-03 17:09:13,97,6242
Hanna Webster,Hanna_Webster7734@zorer.org,1982-09-02 09:33:23,90,6243
Jenna Steer,Jenna_Steer2716@iatim.tech,1872-09-02 05:04:55,26,6244
Daron Tutton,Daron_Tutton2857@vetan.org,1967-08-16 13:02:50,80,6245
Hazel Collins,Hazel_Collins7090@atink.com,1835-03-31 14:52:07,35,6246
Bryon Stone ,Bryon_Stone 6467@tonsy.org,1926-12-09 11:00:24,63,6247
Kamila Everett,Kamila_Everett1226@gompie.com,1984-01-14 18:46:09,28,6248
Callie Haines,Callie_Haines6295@ubusive.com,2013-03-13 16:23:06,63,6249
Chadwick Miller,Chadwick_Miller7152@eirey.tech,1833-07-27 21:15:05,24,6250
Naomi Noon,Naomi_Noon2998@sveldo.biz,1992-09-03 04:51:08,45,6251
Rosa Benfield,Rosa_Benfield9914@fuliss.net,1924-07-01 14:42:18,36,6252
Sage Needham,Sage_Needham8593@bulaffy.com,1879-05-21 17:29:51,59,6253
Caleb Harrison,Caleb_Harrison760@bulaffy.com,1944-08-15 16:23:30,56,6254
Violet Edler,Violet_Edler7823@jiman.org,1982-06-06 14:56:42,77,6255
Sonya Wilkinson,Sonya_Wilkinson8677@twipet.com,1838-11-28 16:45:22,84,6256
Chanelle Grady,Chanelle_Grady6334@irrepsy.com,1970-12-29 03:38:04,49,6257
Alexa Martin,Alexa_Martin8376@irrepsy.com,2006-09-16 20:06:34,26,6258
Mike Wise,Mike_Wise1591@dionrab.com,1947-02-03 13:48:46,85,6259
Helen Chadwick,Helen_Chadwick7095@acrit.org,1832-04-11 20:36:18,60,6260
Elle Faulkner,Elle_Faulkner3298@bulaffy.com,1863-04-02 00:06:23,46,6261
Cameron Harrison,Cameron_Harrison2800@atink.com,1886-01-01 20:48:33,86,6262
Daron Reid,Daron_Reid2579@irrepsy.com,1995-09-03 04:28:28,51,6263
Harmony Neville,Harmony_Neville590@elnee.tech,1956-12-19 20:27:14,88,6264
Alessia Mcleod,Alessia_Mcleod4374@vetan.org,1882-04-14 17:43:32,20,6265
Robyn Richardson,Robyn_Richardson4771@acrit.org,1894-01-18 02:36:50,20,6266
Angelica Lee,Angelica_Lee9894@twipet.com,2012-05-19 18:07:50,56,6267
Lana Cooper,Lana_Cooper7113@liret.org,1966-05-08 20:25:38,31,6268
Julianna Kelly,Julianna_Kelly4510@eirey.tech,1821-11-29 04:18:42,23,6269
Mark Hancock,Mark_Hancock2142@qater.org,1830-05-27 18:25:08,70,6270
Teagan Underhill,Teagan_Underhill901@vetan.org,1963-12-02 10:20:14,68,6271
Julius Horton,Julius_Horton7018@bulaffy.com,1931-05-08 14:11:43,41,6272
Martha Gordon,Martha_Gordon7891@guentu.biz,1845-10-06 19:21:51,33,6273
Lana Stevenson,Lana_Stevenson110@nickia.com,1925-07-01 13:49:49,61,6274
Hayden Lloyd,Hayden_Lloyd1054@gompie.com,1996-08-09 07:53:18,41,6275
Mary Graham,Mary_Graham8471@guentu.biz,2019-05-22 04:06:11,57,6276
Barney Ripley,Barney_Ripley511@nimogy.biz,1830-07-25 09:56:02,48,6277
Enoch Watt,Enoch_Watt1998@bauros.biz,1998-10-16 09:18:12,19,6278
Eduardo Richardson,Eduardo_Richardson5853@bauros.biz,1877-12-20 16:26:07,72,6279
Juliette Snell,Juliette_Snell3538@muall.tech,1909-01-27 09:01:24,60,6280
Jacob Reid,Jacob_Reid9394@twipet.com,1950-09-20 06:29:05,99,6281
Josh Doherty,Josh_Doherty1713@nimogy.biz,2010-10-14 01:52:17,51,6282
Nancy Abbot,Nancy_Abbot3696@famism.biz,1924-09-16 03:58:32,43,6283
Lorraine Vincent,Lorraine_Vincent6973@womeona.net,1906-09-01 01:06:16,26,6284
Alan Keys,Alan_Keys1265@sveldo.biz,1910-08-14 13:28:39,75,6285
Vera Parker,Vera_Parker1@gembat.biz,1925-02-12 12:29:52,81,6286
Jayden Wilkinson,Jayden_Wilkinson7915@corti.com,1853-05-22 22:11:37,38,6287
Eduardo Ross,Eduardo_Ross1891@joiniaa.com,1836-12-12 14:41:15,66,6288
Phillip Hamilton,Phillip_Hamilton8466@bulaffy.com,2018-07-26 15:53:29,19,6289
Keira Donovan,Keira_Donovan5099@mafthy.com,1965-01-02 06:32:37,94,6290
Molly Dempsey,Molly_Dempsey4184@typill.biz,1913-08-18 20:31:35,28,6291
Alexander Bullock,Alexander_Bullock3072@hourpy.biz,1993-12-22 22:06:52,59,6292
Miley Powell,Miley_Powell6206@acrit.org,1882-08-07 16:05:35,73,6293
Gil Webster,Gil_Webster3339@sveldo.biz,1929-06-25 18:53:01,54,6294
Tony Bolton,Tony_Bolton3690@sveldo.biz,1832-03-27 08:53:39,76,6295
Javier Jackson,Javier_Jackson1227@kideod.biz,1899-01-05 16:13:03,59,6296
Alex Walker,Alex_Walker9222@bretoux.com,1989-07-20 17:52:11,41,6297
Makenzie Rivers,Makenzie_Rivers4413@elnee.tech,1891-05-30 17:19:30,42,6298
Erick Redden,Erick_Redden8883@bulaffy.com,1948-05-29 09:56:52,77,6299
Logan Thatcher,Logan_Thatcher5250@nimogy.biz,1872-02-27 04:22:03,39,6300
Russel Heaton,Russel_Heaton3815@muall.tech,1961-05-11 02:13:41,25,6301
Sylvia Haines,Sylvia_Haines7586@grannar.com,2008-12-15 09:02:00,73,6302
Gladys Chester,Gladys_Chester4612@kideod.biz,1914-09-04 04:32:44,31,6303
Christine Adams,Christine_Adams2569@extex.org,1921-08-15 01:01:13,35,6304
Abbey Torres,Abbey_Torres7984@sveldo.biz,1914-10-14 20:05:57,79,6305
Rylee Gavin,Rylee_Gavin3767@typill.biz,1919-12-28 10:15:55,33,6306
Jacqueline Griffiths,Jacqueline_Griffiths5298@bungar.biz,1864-08-12 02:26:44,20,6307
Sylvia Samuel,Sylvia_Samuel7948@twace.org,1877-02-20 12:12:20,97,6308
Britney Stark,Britney_Stark3@bretoux.com,1820-07-04 00:52:26,59,6309
Belinda Lewis,Belinda_Lewis435@deavo.com,1824-02-29 15:42:50,90,6310
Mona Middleton,Mona_Middleton9461@guentu.biz,1916-02-14 07:34:14,60,6311
Mackenzie Holmes,Mackenzie_Holmes9617@mafthy.com,1894-09-27 22:28:12,94,6312
Rihanna Walsh,Rihanna_Walsh2598@extex.org,1826-04-29 06:45:04,26,6313
Elly Tobin,Elly_Tobin4638@vetan.org,1852-08-19 18:36:06,86,6314
Chad Griffiths,Chad_Griffiths9247@grannar.com,1980-09-22 21:08:26,46,6315
Sharon Nelson,Sharon_Nelson9279@nimogy.biz,1853-10-09 09:03:56,88,6316
Benny Morris,Benny_Morris1482@bungar.biz,1846-06-07 20:26:21,53,6317
Jennifer Shepherd,Jennifer_Shepherd3782@jiman.org,1971-05-10 12:04:41,32,6318
Elena Hamilton,Elena_Hamilton7329@famism.biz,1896-09-21 07:24:45,53,6319
Jenna Wilde,Jenna_Wilde2443@iatim.tech,1839-10-08 21:29:58,52,6320
Audrey Evans,Audrey_Evans137@sheye.org,1964-03-29 19:07:38,94,6321
Denny Thornton,Denny_Thornton7788@bauros.biz,1833-02-12 05:45:05,62,6322
Aiden Lane,Aiden_Lane9232@deavo.com,1990-01-03 15:07:43,32,6323
Ally Niles,Ally_Niles2902@twipet.com,1947-06-16 08:18:56,44,6324
Gwen Oakley,Gwen_Oakley8392@hourpy.biz,1896-03-09 08:52:29,64,6325
Shay Ashwell,Shay_Ashwell4459@mafthy.com,1899-08-10 18:50:18,93,6326
Fred Chappell,Fred_Chappell4797@twace.org,1928-04-26 06:03:28,27,6327
Eduardo Casey,Eduardo_Casey7706@fuliss.net,1949-11-05 16:48:05,44,6328
Hayden Noon,Hayden_Noon1749@bretoux.com,1947-07-06 15:37:40,91,6329
Rufus Robe,Rufus_Robe431@twipet.com,1984-12-01 18:16:42,41,6330
Daron Wilton,Daron_Wilton3743@zorer.org,2005-07-10 08:36:25,95,6331
Ellen Riley,Ellen_Riley9876@kideod.biz,1871-07-04 01:12:09,58,6332
Martin Ashley,Martin_Ashley5938@twipet.com,1858-09-21 21:44:28,33,6333
Nick Rogan,Nick_Rogan8027@gembat.biz,1855-04-13 09:15:18,50,6334
Bart Clifford,Bart_Clifford7413@liret.org,1991-04-19 17:00:35,20,6335
Keira Harrington,Keira_Harrington2279@elnee.tech,1914-09-25 21:47:05,73,6336
Liliana Seymour,Liliana_Seymour2498@deons.tech,1859-07-26 19:56:45,40,6337
Rocco Mann,Rocco_Mann7654@liret.org,1984-10-28 10:37:21,53,6338
Daniel Morris,Daniel_Morris4581@kideod.biz,1878-07-09 07:52:22,79,6339
Harry Miller,Harry_Miller6285@supunk.biz,1950-08-01 20:56:38,21,6340
Hailey Nayler,Hailey_Nayler3306@nanoff.biz,2003-10-02 15:20:00,67,6341
Darlene Todd,Darlene_Todd6534@liret.org,1835-09-13 10:40:47,83,6342
Grace Saunders,Grace_Saunders275@yahoo.com,1874-06-28 14:16:21,65,6343
Jamie Mcgee,Jamie_Mcgee3149@elnee.tech,1950-07-19 15:48:17,61,6344
Kieth Doherty,Kieth_Doherty7810@deavo.com,2010-11-14 03:30:23,44,6345
Peyton Nobbs,Peyton_Nobbs8540@tonsy.org,1824-04-28 04:12:18,91,6346
Nathan Parker,Nathan_Parker4291@nimogy.biz,1929-11-27 07:07:12,65,6347
Danielle Villiger,Danielle_Villiger2727@nanoff.biz,1992-08-20 02:46:18,23,6348
Tony Needham,Tony_Needham436@gmail.com,1957-04-20 07:07:07,52,6349
Juliette Malone,Juliette_Malone3953@jiman.org,1869-04-11 00:26:05,31,6350
Kate Mills,Kate_Mills8094@bungar.biz,1935-12-31 19:51:40,44,6351
Luke Clayton,Luke_Clayton2378@sheye.org,1847-08-17 11:55:03,18,6352
Hank Dann,Hank_Dann7941@atink.com,2006-10-29 02:58:00,93,6353
Vivian Weldon,Vivian_Weldon1561@elnee.tech,1842-05-19 18:04:07,83,6354
Nick Clarkson,Nick_Clarkson7975@corti.com,1823-07-05 13:16:36,28,6355
Gil Addley,Gil_Addley929@ovock.tech,1911-02-21 00:30:38,99,6356
Ema Reid,Ema_Reid7570@irrepsy.com,1878-12-03 16:43:47,72,6357
Faith Harper,Faith_Harper2580@atink.com,1968-04-06 17:12:17,28,6358
Harvey Mcgregor,Harvey_Mcgregor8816@nanoff.biz,1979-02-03 05:35:11,98,6359
Nicholas Gordon,Nicholas_Gordon1261@bretoux.com,2019-07-07 13:40:19,34,6360
Rosa Griffiths,Rosa_Griffiths9622@typill.biz,1885-09-01 05:08:55,35,6361
Morgan Craig,Morgan_Craig5275@iatim.tech,1953-01-30 11:57:34,73,6362
Cecilia Andersson,Cecilia_Andersson8299@gompie.com,2019-11-30 00:41:55,31,6363
Alison Eyres,Alison_Eyres1050@hourpy.biz,1926-01-21 07:23:03,87,6364
Charlotte Trent,Charlotte_Trent9845@jiman.org,1880-01-28 02:52:29,71,6365
Chloe Terry,Chloe_Terry6469@atink.com,1857-05-03 06:38:23,85,6366
Michael Bennett,Michael_Bennett7720@dionrab.com,1951-08-27 21:06:40,26,6367
Henry Dallas,Henry_Dallas7248@twace.org,2012-08-22 10:32:33,39,6368
Livia Watson,Livia_Watson2854@muall.tech,1923-10-14 21:13:56,71,6369
Kamila Grant,Kamila_Grant2468@womeona.net,1823-02-03 20:53:53,67,6370
Julia Martin,Julia_Martin3909@ubusive.com,1909-02-05 16:22:30,32,6371
Matthew Niles,Matthew_Niles1383@bungar.biz,1861-04-17 07:54:07,64,6372
Julius Briggs,Julius_Briggs384@zorer.org,1947-04-18 01:39:11,27,6373
Bob Turner,Bob_Turner9552@guentu.biz,1998-05-07 21:47:56,34,6374
Eden Notman,Eden_Notman7815@bulaffy.com,1918-09-25 13:51:18,44,6375
Ellen Stone,Ellen_Stone3428@guentu.biz,1959-03-05 19:09:30,74,6376
Sabrina Hall,Sabrina_Hall4125@sveldo.biz,1862-01-30 02:07:14,21,6377
Caleb Bishop,Caleb_Bishop9228@bauros.biz,1849-10-19 22:21:07,49,6378
Elijah Jenkin,Elijah_Jenkin8661@elnee.tech,1838-08-30 17:17:03,33,6379
Joseph Nanton,Joseph_Nanton2614@hourpy.biz,1976-12-05 08:17:39,75,6380
Ruby Irving,Ruby_Irving2832@famism.biz,1850-06-11 00:50:35,79,6381
Rufus Hastings,Rufus_Hastings1424@nickia.com,1855-07-05 15:19:57,19,6382
Mike Duvall,Mike_Duvall635@fuliss.net,1925-06-11 05:41:05,97,6383
Ivy Walter,Ivy_Walter4343@extex.org,1929-06-14 13:03:48,41,6384
Marina Hunter,Marina_Hunter3033@irrepsy.com,1925-05-04 16:08:34,71,6385
Bart Phillips,Bart_Phillips6469@eirey.tech,1942-02-23 09:32:16,60,6386
Jaylene Stone,Jaylene_Stone6294@infotech44.tech,1830-01-10 18:34:09,28,6387
Rick Morris,Rick_Morris6929@ovock.tech,1927-07-06 01:45:35,57,6388
Bernadette Barrett,Bernadette_Barrett4446@zorer.org,1965-10-22 08:02:10,48,6389
Andie Baxter,Andie_Baxter3076@gmail.com,1971-09-27 03:04:19,52,6390
Elena Powell,Elena_Powell4694@dionrab.com,1917-10-18 12:37:41,76,6391
Owen Wilkinson,Owen_Wilkinson7896@brety.org,1986-10-05 04:18:45,38,6392
Mavis Goodman,Mavis_Goodman7896@extex.org,1930-07-12 18:11:19,33,6393
Kieth Wills,Kieth_Wills1731@sheye.org,1950-11-17 02:37:22,48,6394
Sara Keys,Sara_Keys4659@qater.org,1919-04-13 01:00:34,61,6395
Denis Flett,Denis_Flett750@brety.org,2008-10-15 16:11:28,60,6396
Denny Dyson,Denny_Dyson5095@ubusive.com,1926-09-24 04:46:01,23,6397
Ruth Kelly,Ruth_Kelly3881@dionrab.com,2015-04-23 09:55:55,58,6398
Harvey Cadman,Harvey_Cadman7881@muall.tech,1928-03-08 15:21:26,86,6399
Cedrick Reynolds,Cedrick_Reynolds8689@deavo.com,1985-03-06 09:49:07,43,6400
Adalind Parker,Adalind_Parker5112@typill.biz,2014-03-18 20:54:00,79,6401
Samara Reynolds,Samara_Reynolds9885@famism.biz,1989-12-17 17:30:50,83,6402
Alexander Pratt,Alexander_Pratt1863@atink.com,1987-06-18 09:03:39,38,6403
Naomi Tyler,Naomi_Tyler6371@tonsy.org,1854-02-22 19:05:58,73,6404
Joseph Avery,Joseph_Avery6991@bretoux.com,1847-12-15 14:09:48,88,6405
Irene Cobb,Irene_Cobb3349@irrepsy.com,1913-03-30 22:47:21,97,6406
Manuel Reynolds,Manuel_Reynolds7560@tonsy.org,2004-12-04 22:36:46,89,6407
Selena Eaton,Selena_Eaton1872@nanoff.biz,1838-12-23 10:37:51,18,6408
Leroy Graves,Leroy_Graves8130@nanoff.biz,1951-03-21 14:28:10,78,6409
William Thorne,William_Thorne199@twace.org,1975-05-12 11:35:29,50,6410
William Ashley,William_Ashley9496@qater.org,1906-04-27 08:46:09,48,6411
Ada Brooks,Ada_Brooks3507@naiker.biz,1878-12-25 14:25:34,62,6412
Melinda Murphy,Melinda_Murphy576@nickia.com,2017-04-04 20:30:03,50,6413
Manuel Herbert,Manuel_Herbert4782@qater.org,1850-05-18 20:16:56,78,6414
Denis Hunt,Denis_Hunt8063@brety.org,1994-07-01 02:22:14,86,6415
Valentina Chadwick,Valentina_Chadwick9664@deons.tech,1955-01-20 13:18:16,88,6416
Kimberly Eddison,Kimberly_Eddison7702@naiker.biz,1847-10-25 04:26:29,69,6417
Dalia Gaynor,Dalia_Gaynor8460@eirey.tech,1912-04-17 04:37:18,83,6418
Caleb Hale,Caleb_Hale2228@liret.org,1924-04-07 19:09:22,32,6419
Eden Cooper,Eden_Cooper1022@liret.org,1904-01-24 02:32:01,67,6420
Phillip Lane,Phillip_Lane6087@elnee.tech,1986-04-18 13:10:41,69,6421
Maggie Vallins,Maggie_Vallins4745@extex.org,2018-06-08 13:29:31,39,6422
Rosalie Mcguire,Rosalie_Mcguire3336@dionrab.com,1990-05-20 07:21:36,86,6423
Martin Baker,Martin_Baker7210@twace.org,1866-04-13 14:39:47,51,6424
Mason Yang,Mason_Yang7515@nickia.com,1937-03-15 13:31:07,37,6425
Rick Cooper,Rick_Cooper7627@bretoux.com,1945-07-10 13:32:31,64,6426
Wade James,Wade_James8688@twipet.com,1991-10-25 08:16:20,79,6427
Eduardo Weldon,Eduardo_Weldon1282@ubusive.com,1947-08-27 13:18:38,58,6428
Mike Ebden,Mike_Ebden3904@fuliss.net,1966-02-24 14:49:24,59,6429
David Ross,David_Ross2266@guentu.biz,1959-08-29 02:34:27,85,6430
Mark Larsen,Mark_Larsen3679@guentu.biz,1999-04-01 20:51:24,72,6431
Quinn Mould,Quinn_Mould344@twipet.com,1965-01-05 22:09:50,64,6432
Clint Cavanagh,Clint_Cavanagh8295@sveldo.biz,1868-08-08 18:28:13,70,6433
Ronald Tanner,Ronald_Tanner8341@jiman.org,2019-01-03 13:51:29,27,6434
Angelina Tate,Angelina_Tate7558@irrepsy.com,1894-06-25 04:05:55,32,6435
Greta Reese,Greta_Reese8998@mafthy.com,1961-06-14 10:21:15,71,6436
Lana Wellington,Lana_Wellington7807@twace.org,1827-03-22 09:03:44,42,6437
Charlotte Newman,Charlotte_Newman7349@bauros.biz,1916-08-26 02:05:21,78,6438
Danny Andersson,Danny_Andersson565@bungar.biz,1935-11-13 06:56:14,64,6439
Analise Parker,Analise_Parker8510@yahoo.com,1895-12-25 02:37:36,53,6440
Rylee Russel,Rylee_Russel6407@famism.biz,1944-12-06 06:58:09,27,6441
Bryon Cooper,Bryon_Cooper5192@vetan.org,1898-12-31 20:34:50,64,6442
Nick Tyler,Nick_Tyler1949@brety.org,2001-11-19 10:47:41,48,6443
Russel Weasley,Russel_Weasley9193@naiker.biz,1995-06-08 08:52:00,42,6444
Anabel Clark,Anabel_Clark1311@ovock.tech,1864-08-09 04:06:13,69,6445
Emely Dubois,Emely_Dubois560@nickia.com,1917-01-22 07:08:53,29,6446
Peter Emmott,Peter_Emmott7863@brety.org,1850-01-28 19:05:43,79,6447
Ronald Morgan,Ronald_Morgan5552@jiman.org,1916-08-14 15:40:13,60,6448
Melody Morgan,Melody_Morgan779@guentu.biz,1995-12-29 15:25:14,43,6449
Analise Mitchell,Analise_Mitchell8799@atink.com,1983-03-06 22:00:23,84,6450
Carl Gray,Carl_Gray4879@vetan.org,1915-06-18 21:13:46,34,6451
Esmeralda Cartwright,Esmeralda_Cartwright3838@kideod.biz,1976-05-22 20:12:52,87,6452
Hazel Broomfield,Hazel_Broomfield4252@gembat.biz,1980-08-22 00:41:23,55,6453
Phillip Coates,Phillip_Coates4238@atink.com,1932-12-06 22:05:27,51,6454
Victoria Lakey,Victoria_Lakey451@corti.com,1995-11-27 07:36:25,48,6455
Bryce Rogan,Bryce_Rogan5531@ubusive.com,2007-12-29 06:55:16,83,6456
Wade Harper,Wade_Harper3280@deavo.com,1851-12-26 08:28:13,90,6457
Erick Upsdell,Erick_Upsdell4821@guentu.biz,1824-10-06 18:47:55,45,6458
Domenic Porter,Domenic_Porter313@grannar.com,1960-03-23 12:42:04,35,6459
Bart Moore,Bart_Moore6684@ovock.tech,1965-01-18 14:18:19,45,6460
Alexander Franks,Alexander_Franks5549@mafthy.com,1842-01-24 01:37:38,44,6461
Camellia Baker,Camellia_Baker9467@ubusive.com,1834-11-18 22:46:46,18,6462
Ilona Gibson,Ilona_Gibson190@mafthy.com,1967-06-06 22:03:31,32,6463
Audrey Stuart,Audrey_Stuart6015@hourpy.biz,1948-12-15 00:41:26,53,6464
Noah Nicolas,Noah_Nicolas7661@dionrab.com,1980-12-17 00:51:20,89,6465
Susan Walsh,Susan_Walsh3241@deavo.com,1990-06-17 10:21:56,87,6466
Thea Lewis,Thea_Lewis4792@bungar.biz,1955-06-25 00:24:06,73,6467
Harmony Jenkin,Harmony_Jenkin3539@gmail.com,1962-03-06 13:37:56,83,6468
Tony Heaton,Tony_Heaton6614@joiniaa.com,1932-10-04 21:08:52,98,6469
Phillip Yates,Phillip_Yates5893@ubusive.com,1952-01-18 18:34:49,49,6470
Danielle Bingham,Danielle_Bingham6653@typill.biz,1920-03-26 11:10:56,18,6471
Sienna York,Sienna_York1587@atink.com,2016-11-04 06:25:03,47,6472
Hayden Walsh,Hayden_Walsh1344@irrepsy.com,1900-05-24 11:44:01,75,6473
Aleksandra Whinter,Aleksandra_Whinter5678@fuliss.net,1835-10-24 08:03:49,93,6474
Stephanie Butler,Stephanie_Butler8780@deavo.com,1898-12-12 05:35:25,45,6475
Sylvia Leigh,Sylvia_Leigh4833@nickia.com,2004-10-11 02:36:11,52,6476
Sara Tailor,Sara_Tailor2522@sveldo.biz,1877-12-04 00:49:09,24,6477
Barry Bradley,Barry_Bradley1427@twipet.com,2010-05-17 15:38:25,25,6478
Daniel Hamilton,Daniel_Hamilton6957@bretoux.com,1925-05-22 10:17:53,24,6479
Abdul Ulyatt,Abdul_Ulyatt4252@bungar.biz,1891-02-22 14:54:45,52,6480
Lillian Long,Lillian_Long3600@brety.org,1856-01-24 17:22:11,76,6481
Hope Cunningham,Hope_Cunningham1018@jiman.org,1836-05-26 09:26:55,65,6482
Anne Kelly,Anne_Kelly689@deons.tech,1987-07-23 07:09:12,94,6483
Sydney Faulkner,Sydney_Faulkner48@deavo.com,1967-03-03 10:56:56,29,6484
Gil Gilmour,Gil_Gilmour1952@qater.org,1926-10-31 13:45:09,87,6485
Hadley Mitchell,Hadley_Mitchell1861@mafthy.com,1951-02-13 11:21:15,91,6486
Rose Miller,Rose_Miller2712@supunk.biz,1917-01-23 13:10:22,61,6487
Jack Ogilvy,Jack_Ogilvy7983@hourpy.biz,1974-06-29 14:43:13,64,6488
Madelyn Raven,Madelyn_Raven3709@infotech44.tech,1843-07-29 17:40:24,22,6489
David Mooney,David_Mooney583@bretoux.com,1846-06-30 20:49:46,47,6490
Domenic Franks,Domenic_Franks6198@liret.org,1924-01-23 16:11:20,84,6491
Raquel Murphy,Raquel_Murphy7006@muall.tech,1871-04-16 13:47:17,41,6492
Liam Bell,Liam_Bell3265@twipet.com,1921-10-29 16:25:29,76,6493
Remy Stubbs,Remy_Stubbs8576@vetan.org,1994-02-05 04:23:07,55,6494
Benny Devonport,Benny_Devonport6021@yahoo.com,1920-05-02 21:58:24,22,6495
Barney Randall,Barney_Randall5113@iatim.tech,1837-07-13 14:03:19,77,6496
Jayden Rose,Jayden_Rose6371@bungar.biz,1872-03-18 18:17:05,81,6497
Dorothy Jackson,Dorothy_Jackson8388@guentu.biz,1853-05-03 12:09:18,82,6498
Lauren Cooper,Lauren_Cooper4443@tonsy.org,1978-01-22 05:25:12,60,6499
Marvin Wren,Marvin_Wren4017@nickia.com,1843-09-24 19:41:39,80,6500
Phillip Simpson,Phillip_Simpson6445@extex.org,1884-04-11 09:41:37,56,6501
Sadie Alexander,Sadie_Alexander5465@nanoff.biz,1829-07-29 06:15:26,30,6502
Nina Nicolas,Nina_Nicolas5843@womeona.net,2001-07-01 03:15:09,80,6503
Rocco Morris,Rocco_Morris5439@deons.tech,2000-02-07 19:21:26,88,6504
Michael Rigg,Michael_Rigg7453@infotech44.tech,1977-02-24 09:30:13,69,6505
Trisha Edler,Trisha_Edler5156@bauros.biz,1881-12-24 13:18:06,25,6506
Chester Summers,Chester_Summers8672@nanoff.biz,1967-01-26 22:11:26,40,6507
Daniel Kidd,Daniel_Kidd5960@naiker.biz,1914-01-30 13:19:36,79,6508
Martin Nurton,Martin_Nurton5358@bungar.biz,1961-12-11 13:58:47,82,6509
Marjorie Vangness,Marjorie_Vangness3581@nimogy.biz,1862-09-10 00:54:34,36,6510
Maxwell Hewitt,Maxwell_Hewitt9513@joiniaa.com,2004-10-17 18:38:43,40,6511
Leroy Rixon,Leroy_Rixon3707@mafthy.com,1926-05-10 02:58:55,55,6512
Chuck Robinson,Chuck_Robinson6599@infotech44.tech,1957-10-07 15:26:53,64,6513
Caitlyn Bingham,Caitlyn_Bingham3969@bungar.biz,1881-01-24 13:05:06,18,6514
Bethany Edler,Bethany_Edler5185@dionrab.com,1831-08-23 19:51:45,31,6515
Kate Grady,Kate_Grady1193@dionrab.com,1989-10-23 18:23:58,78,6516
Noemi Yates,Noemi_Yates1618@hourpy.biz,1834-03-02 11:17:26,41,6517
Ember Chapman,Ember_Chapman9370@grannar.com,1870-06-16 16:52:35,92,6518
Hailey Button,Hailey_Button7410@irrepsy.com,1908-04-30 15:37:19,24,6519
Ethan Steer,Ethan_Steer3829@bauros.biz,1936-10-01 03:05:41,99,6520
Bob Shields,Bob_Shields4871@gembat.biz,1834-02-06 03:03:34,84,6521
Noah Potts,Noah_Potts828@zorer.org,1912-12-21 15:00:40,49,6522
Liam Adams,Liam_Adams3744@sheye.org,1976-07-12 21:29:11,96,6523
Martin Hall,Martin_Hall5970@acrit.org,1884-05-11 08:11:31,51,6524
Rick Hamilton,Rick_Hamilton5206@ovock.tech,1940-07-20 08:00:29,41,6525
Marvin Wood,Marvin_Wood3116@mafthy.com,1954-05-31 13:03:42,53,6526
Martin Radcliffe,Martin_Radcliffe6199@brety.org,1917-07-22 16:12:42,63,6527
Sadie Osmond,Sadie_Osmond2798@dionrab.com,1978-02-23 19:25:24,32,6528
Bethany Nielson,Bethany_Nielson8995@yahoo.com,2008-04-07 05:51:00,74,6529
Nicholas Weasley,Nicholas_Weasley1041@jiman.org,1954-06-02 17:25:47,56,6530
Chester Nanton,Chester_Nanton9487@tonsy.org,1913-03-07 15:07:13,84,6531
Tony Sherry,Tony_Sherry5376@fuliss.net,1865-12-24 14:56:34,82,6532
Melanie Craig,Melanie_Craig368@typill.biz,1978-04-16 22:22:00,51,6533
Molly Griffiths,Molly_Griffiths9544@twipet.com,1873-01-13 14:02:41,64,6534
Percy Stanley,Percy_Stanley1976@qater.org,1942-02-04 15:55:05,21,6535
Mike Lambert,Mike_Lambert124@gembat.biz,1829-12-18 21:15:08,50,6536
Mark Huggins,Mark_Huggins8253@sheye.org,1909-12-08 11:39:14,79,6537
Harry Hudson,Harry_Hudson180@cispeto.com,1848-10-09 04:00:11,34,6538
Estrella Palmer,Estrella_Palmer9742@supunk.biz,1871-04-23 12:37:43,37,6539
Sabina Mann,Sabina_Mann3135@deons.tech,2014-12-13 00:48:25,50,6540
Julia Bayliss,Julia_Bayliss3431@elnee.tech,1906-02-05 12:48:29,23,6541
Jolene Hewitt,Jolene_Hewitt9311@twipet.com,1909-12-18 00:07:26,59,6542
Kimberly Strong,Kimberly_Strong54@elnee.tech,1868-08-20 15:55:55,62,6543
Chadwick Bailey,Chadwick_Bailey7947@deons.tech,1842-05-11 07:55:32,96,6544
Julian Allen,Julian_Allen6669@supunk.biz,1897-07-25 06:57:01,70,6545
Violet Lindop,Violet_Lindop9195@cispeto.com,1871-04-02 01:40:53,33,6546
Naomi Clayton,Naomi_Clayton9530@bungar.biz,1918-02-07 08:15:49,32,6547
Henry Russell,Henry_Russell4925@naiker.biz,1854-09-23 16:15:36,21,6548
Winnie Tutton,Winnie_Tutton2951@mafthy.com,1875-07-04 22:38:17,86,6549
Owen Hastings,Owen_Hastings3523@gembat.biz,1846-08-25 19:10:43,91,6550
Estrella Allen,Estrella_Allen8486@womeona.net,1997-10-10 06:52:07,44,6551
Kurt Glass,Kurt_Glass8688@eirey.tech,1825-03-03 15:35:21,71,6552
Kamila Mackenzie,Kamila_Mackenzie83@twace.org,1912-06-16 01:14:16,71,6553
Michael Butler,Michael_Butler7247@fuliss.net,2000-12-14 13:03:45,75,6554
David Eaton,David_Eaton9649@bretoux.com,1870-10-24 13:09:05,33,6555
Sonya Moore,Sonya_Moore789@joiniaa.com,1888-04-17 01:07:42,23,6556
William Fisher,William_Fisher4735@extex.org,2016-07-30 05:20:50,46,6557
Rick Wilcox,Rick_Wilcox6733@muall.tech,1897-08-18 03:00:41,90,6558
Josh Briggs,Josh_Briggs874@gembat.biz,1842-01-09 16:26:19,73,6559
Russel Watt,Russel_Watt6972@qater.org,2014-06-04 11:03:57,44,6560
Sonya Rothwell,Sonya_Rothwell7500@bauros.biz,1988-03-29 09:08:25,19,6561
Deborah Hammond,Deborah_Hammond8371@tonsy.org,2010-10-24 20:30:15,90,6562
Erick Chadwick,Erick_Chadwick1851@cispeto.com,2018-07-03 06:07:48,74,6563
David London,David_London3743@guentu.biz,1950-07-02 13:23:20,47,6564
Harry Rodgers,Harry_Rodgers3098@corti.com,1978-03-16 00:30:30,92,6565
Aleksandra Slater,Aleksandra_Slater962@deons.tech,1858-08-09 04:06:14,79,6566
Sasha Talbot,Sasha_Talbot7416@twace.org,1833-11-29 00:02:56,61,6567
Rufus Lowe,Rufus_Lowe9035@nanoff.biz,1950-04-24 17:41:40,76,6568
Joseph Fleming,Joseph_Fleming9135@vetan.org,1999-10-24 07:55:17,75,6569
Elise Burge,Elise_Burge5849@naiker.biz,1909-02-14 06:17:10,53,6570
Chuck Pearson,Chuck_Pearson9751@womeona.net,1935-09-11 18:52:54,53,6571
Martha Bright,Martha_Bright5225@naiker.biz,1984-01-11 14:24:08,37,6572
Roger Stone,Roger_Stone2558@deons.tech,1998-08-27 08:34:06,77,6573
Claire Buckley,Claire_Buckley2597@ovock.tech,2017-03-26 04:38:22,20,6574
Jack Raven,Jack_Raven8631@jiman.org,2008-08-06 01:36:46,97,6575
Hayden Hepburn,Hayden_Hepburn9428@nimogy.biz,1957-05-22 05:17:51,71,6576
Barry Rehman,Barry_Rehman1954@famism.biz,2007-11-29 22:09:33,84,6577
Kieth Pickard,Kieth_Pickard1072@atink.com,1881-12-08 01:52:57,30,6578
Julian Graham,Julian_Graham1378@bungar.biz,1921-03-20 07:34:34,39,6579
Cedrick Whitmore,Cedrick_Whitmore7251@typill.biz,1995-02-16 15:48:47,45,6580
Bree Richardson,Bree_Richardson9809@acrit.org,1982-10-29 19:02:47,48,6581
Aisha Hamilton,Aisha_Hamilton7243@typill.biz,1919-08-30 09:37:15,63,6582
Jacob Mason,Jacob_Mason3068@famism.biz,1966-07-07 05:18:17,40,6583
Leroy Glynn,Leroy_Glynn6420@nanoff.biz,2013-08-27 15:48:46,27,6584
Jayden Veale,Jayden_Veale2016@muall.tech,1907-07-27 13:02:54,43,6585
Estrella Lloyd,Estrella_Lloyd2525@brety.org,1940-09-29 06:44:55,68,6586
Kassandra Dixon,Kassandra_Dixon5248@brety.org,1892-01-06 05:40:32,86,6587
Harry Broomfield,Harry_Broomfield1570@guentu.biz,1885-07-05 13:22:38,68,6588
Ethan Martin,Ethan_Martin9921@typill.biz,1941-10-28 16:49:53,65,6589
Jade Needham,Jade_Needham1656@womeona.net,1848-04-06 12:15:27,42,6590
Leslie Morris,Leslie_Morris848@corti.com,1993-09-10 04:22:21,51,6591
Noah Drake,Noah_Drake3235@kideod.biz,1903-04-26 03:44:42,28,6592
Lucas Whitmore,Lucas_Whitmore9680@atink.com,1999-09-09 16:40:37,79,6593
Nicholas Santos,Nicholas_Santos3603@joiniaa.com,1875-07-22 15:17:29,95,6594
Nicholas Ebbs,Nicholas_Ebbs5085@grannar.com,1975-11-28 19:33:41,26,6595
Bryce Garner,Bryce_Garner3396@muall.tech,1978-10-26 02:31:54,66,6596
Emely Kennedy,Emely_Kennedy6206@vetan.org,1962-05-22 22:43:53,32,6597
Judith Parr,Judith_Parr7664@deavo.com,1886-07-15 21:15:24,49,6598
Marvin Mackenzie,Marvin_Mackenzie5266@bauros.biz,1820-05-30 17:34:42,69,6599
Bridget Lindop,Bridget_Lindop9158@naiker.biz,2003-08-12 12:50:52,87,6600
Savannah Funnell,Savannah_Funnell5242@gmail.com,1851-07-13 12:46:37,43,6601
Marigold Carpenter,Marigold_Carpenter5431@womeona.net,1823-05-14 12:13:51,68,6602
Christine Leslie,Christine_Leslie2865@yahoo.com,1939-03-11 10:19:57,82,6603
Roger Mcgregor,Roger_Mcgregor5661@mafthy.com,2012-06-15 11:26:09,66,6604
Stella Jarrett,Stella_Jarrett4017@sheye.org,1880-08-31 00:49:22,81,6605
Bryon Cassidy,Bryon_Cassidy2743@guentu.biz,1900-12-13 01:21:29,81,6606
Dorothy Kidd,Dorothy_Kidd8421@grannar.com,1974-02-04 11:32:56,64,6607
Henry Duvall,Henry_Duvall2775@atink.com,2018-05-26 10:36:30,77,6608
Martin Dobson,Martin_Dobson2079@joiniaa.com,1906-08-24 02:05:39,32,6609
Britney Shea,Britney_Shea3815@bulaffy.com,1870-03-14 03:06:50,99,6610
Elise Vollans,Elise_Vollans8207@eirey.tech,1881-08-19 06:41:06,91,6611
Elise Broomfield,Elise_Broomfield7766@gembat.biz,1832-01-20 06:35:25,27,6612
Molly Faulkner,Molly_Faulkner7800@nimogy.biz,1900-06-26 02:40:22,92,6613
Penny Riley,Penny_Riley5226@bulaffy.com,1839-12-10 17:07:56,26,6614
Luke Clark,Luke_Clark7740@liret.org,1901-02-15 06:10:10,87,6615
George Lane,George_Lane7384@acrit.org,1904-06-25 13:05:07,87,6616
Ruth Curtis,Ruth_Curtis2079@dionrab.com,1943-06-20 16:19:51,26,6617
Leah Matthews,Leah_Matthews3389@ovock.tech,1869-06-02 09:06:32,41,6618
Anthony Lomax,Anthony_Lomax5292@bungar.biz,1876-12-11 15:01:10,58,6619
Mason Nielson,Mason_Nielson1126@bungar.biz,1938-11-03 02:45:41,67,6620
Louise Holt,Louise_Holt663@grannar.com,1987-01-14 20:19:46,25,6621
Chris Randall,Chris_Randall8388@brety.org,1864-09-09 01:46:16,82,6622
Julius Johnson,Julius_Johnson3777@vetan.org,1946-09-05 03:31:24,47,6623
Catherine Wilton,Catherine_Wilton9461@mafthy.com,1854-08-20 14:26:57,25,6624
Penny Tennant,Penny_Tennant869@corti.com,1823-07-06 02:09:22,75,6625
Stacy Roberts,Stacy_Roberts9250@nickia.com,1821-02-05 18:54:27,93,6626
Eryn Jefferson,Eryn_Jefferson4325@bungar.biz,1892-07-26 02:34:14,63,6627
Liliana Shaw,Liliana_Shaw1848@joiniaa.com,1941-03-31 10:03:52,66,6628
Ronald Fall,Ronald_Fall7170@hourpy.biz,1993-09-14 03:27:16,66,6629
Fred Parker,Fred_Parker678@joiniaa.com,2018-10-10 09:47:08,28,6630
Bob Tyrrell,Bob_Tyrrell8361@twace.org,2004-06-20 11:18:30,22,6631
Joseph Yarlett,Joseph_Yarlett8732@joiniaa.com,1956-02-14 05:11:35,23,6632
Benjamin Ellis,Benjamin_Ellis6495@tonsy.org,1991-01-16 14:43:45,52,6633
Evelynn Cartwright,Evelynn_Cartwright7709@nickia.com,2012-09-09 02:17:34,92,6634
Denis Wilkinson,Denis_Wilkinson2210@famism.biz,1941-06-17 15:06:38,78,6635
Peyton Harrison,Peyton_Harrison785@bulaffy.com,1880-06-14 05:15:38,40,6636
Jules Randall,Jules_Randall957@guentu.biz,1998-03-12 19:15:12,55,6637
Eduardo Baker,Eduardo_Baker7031@nimogy.biz,1892-01-26 15:05:35,66,6638
Clint Coleman,Clint_Coleman311@nickia.com,2009-08-16 10:48:50,48,6639
Belinda Adler,Belinda_Adler3154@vetan.org,1951-05-05 07:50:19,30,6640
Chelsea Cartwright,Chelsea_Cartwright2013@atink.com,1983-10-06 14:28:23,63,6641
Bridget Atkinson,Bridget_Atkinson577@sveldo.biz,1976-11-03 14:29:25,94,6642
Gabriel Andrews,Gabriel_Andrews8411@brety.org,1973-01-21 06:17:05,20,6643
Erick Osman,Erick_Osman4454@hourpy.biz,1970-01-12 13:52:52,87,6644
Chuck Kaur,Chuck_Kaur2968@brety.org,1938-02-26 03:35:12,85,6645
Gladys Kaur,Gladys_Kaur4002@brety.org,1967-01-30 00:03:28,49,6646
Bryon Ashwell,Bryon_Ashwell3673@cispeto.com,1986-03-28 09:12:13,47,6647
Raquel Scott,Raquel_Scott5789@vetan.org,1909-10-15 13:06:06,28,6648
Ivy Price,Ivy_Price2661@fuliss.net,1868-10-31 08:20:41,26,6649
Luna Goodman,Luna_Goodman4990@bretoux.com,2018-01-06 13:03:46,91,6650
Carolyn Lindop,Carolyn_Lindop8523@muall.tech,1872-07-23 04:50:46,41,6651
Cedrick Downing,Cedrick_Downing3470@naiker.biz,1994-04-21 05:07:20,40,6652
Rosalie Robertson,Rosalie_Robertson1291@iatim.tech,1947-01-01 07:07:15,69,6653
Caleb Edwards,Caleb_Edwards2073@bungar.biz,1948-09-08 06:13:36,79,6654
Joy Styles,Joy_Styles4242@ovock.tech,1988-01-08 13:03:41,53,6655
Alessia Vernon,Alessia_Vernon5174@kideod.biz,1851-08-21 10:14:13,19,6656
Makenzie Cooper,Makenzie_Cooper1569@elnee.tech,1943-10-08 13:44:24,30,6657
Lynn Freeburn,Lynn_Freeburn5970@gembat.biz,2007-05-29 10:04:10,82,6658
John Drew,John_Drew8322@guentu.biz,1903-02-05 18:47:44,81,6659
Bart Vallins,Bart_Vallins5947@hourpy.biz,1820-09-08 21:24:00,45,6660
Alexander Davies,Alexander_Davies5628@zorer.org,1962-10-24 21:06:18,59,6661
Jacob Nicolas,Jacob_Nicolas4495@infotech44.tech,1948-07-30 14:44:15,18,6662
Abdul Powell,Abdul_Powell6320@ovock.tech,1925-03-09 00:54:44,34,6663
Ally Webster,Ally_Webster8363@cispeto.com,1861-07-24 14:50:57,32,6664
Chanelle Morris,Chanelle_Morris2489@deons.tech,1983-06-20 22:32:36,33,6665
Laila Rainford,Laila_Rainford9945@womeona.net,1920-10-22 19:01:35,46,6666
Matt Gilmore,Matt_Gilmore1016@cispeto.com,1943-06-12 06:13:55,80,6667
Drew Dubois,Drew_Dubois850@womeona.net,1841-07-02 06:43:31,29,6668
Peter Wigley,Peter_Wigley5668@qater.org,1981-10-11 21:04:17,19,6669
Blake Collis,Blake_Collis6254@corti.com,1912-06-18 07:23:43,57,6670
Mandy James,Mandy_James8533@tonsy.org,1932-10-24 09:03:27,53,6671
Livia Patel,Livia_Patel4623@naiker.biz,1861-07-01 16:46:14,76,6672
Rebecca Archer,Rebecca_Archer9177@joiniaa.com,1901-12-25 12:09:34,23,6673
Hayden Dann,Hayden_Dann508@iatim.tech,1981-10-08 19:26:22,41,6674
Hayden Uttridge,Hayden_Uttridge8728@sheye.org,1868-02-15 02:46:49,41,6675
George Jordan,George_Jordan249@naiker.biz,1880-01-09 18:41:25,81,6676
Mackenzie Ebbs,Mackenzie_Ebbs3921@nickia.com,1895-02-09 02:25:49,98,6677
John Addley,John_Addley9619@bretoux.com,1986-08-22 13:03:08,32,6678
Abdul Edwards,Abdul_Edwards3010@ubusive.com,1861-05-14 16:57:15,44,6679
Javier Harris,Javier_Harris6143@jiman.org,1850-07-30 09:13:12,51,6680
Julius Morgan,Julius_Morgan8437@ovock.tech,1914-10-22 03:10:42,96,6681
Madison Nash,Madison_Nash2628@corti.com,1869-12-17 21:09:03,55,6682
Lucy Dickson,Lucy_Dickson5081@extex.org,1854-10-24 06:46:40,30,6683
Sylvia Yarwood,Sylvia_Yarwood7388@famism.biz,1940-10-21 18:28:20,88,6684
Bob Dunbar,Bob_Dunbar3030@iatim.tech,1871-07-19 14:43:07,20,6685
Wade Morris,Wade_Morris7429@bauros.biz,2020-03-08 11:25:50,81,6686
Jacob Ingham,Jacob_Ingham5589@womeona.net,1884-09-12 20:48:12,90,6687
Chad Samuel,Chad_Samuel2084@joiniaa.com,1845-05-19 19:51:51,77,6688
Joy Lewin,Joy_Lewin6588@bungar.biz,1862-11-13 04:06:58,21,6689
Eryn Fleming,Eryn_Fleming5754@muall.tech,1956-02-01 00:41:46,43,6690
Kurt Eaton,Kurt_Eaton2464@mafthy.com,1977-08-28 09:56:19,68,6691
Margaret Mcneill,Margaret_Mcneill1262@gembat.biz,1957-12-22 16:49:37,43,6692
Enoch Harper,Enoch_Harper1673@naiker.biz,1830-05-15 18:14:33,78,6693
Daphne Kirby,Daphne_Kirby5678@gmail.com,1972-09-30 22:24:03,29,6694
Brad Healy,Brad_Healy3710@bulaffy.com,1910-06-01 18:29:21,96,6695
Maxwell Webster,Maxwell_Webster4744@gembat.biz,1938-05-26 22:21:26,62,6696
Abbey Warner,Abbey_Warner5933@womeona.net,2014-06-18 12:58:44,55,6697
Joyce Lucas,Joyce_Lucas4853@cispeto.com,1989-05-30 22:26:14,46,6698
Mara Eyres,Mara_Eyres6001@sheye.org,2000-07-25 01:36:21,81,6699
Benjamin Wilkinson,Benjamin_Wilkinson5121@nanoff.biz,1947-01-23 19:11:49,95,6700
Alex Selby,Alex_Selby9011@jiman.org,1952-10-29 09:34:57,47,6701
Joy Huggins,Joy_Huggins1118@bretoux.com,1950-12-12 06:46:48,69,6702
Eduardo Townend,Eduardo_Townend9870@nickia.com,1833-10-01 07:15:18,89,6703
Gladys Cowan,Gladys_Cowan3057@kideod.biz,1902-01-03 13:57:19,26,6704
Aiden Wright,Aiden_Wright79@nanoff.biz,1873-12-15 11:49:11,60,6705
Henry Rycroft,Henry_Rycroft2142@dionrab.com,2012-04-17 04:44:13,34,6706
Bridget Skinner,Bridget_Skinner967@supunk.biz,1979-05-02 20:47:39,92,6707
Emery Thomas,Emery_Thomas7144@twace.org,1897-10-06 06:36:47,50,6708
Rufus Duvall,Rufus_Duvall7907@womeona.net,2000-02-02 10:23:14,57,6709
Clarissa Bowen,Clarissa_Bowen1397@naiker.biz,1889-03-27 05:32:36,49,6710
Winnie Swift,Winnie_Swift2872@kideod.biz,1828-10-25 14:38:04,73,6711
Ryan Stubbs,Ryan_Stubbs8331@muall.tech,1983-02-06 01:28:33,57,6712
Evie Robinson,Evie_Robinson1822@nimogy.biz,1868-12-04 12:18:54,83,6713
Matthew Roberts,Matthew_Roberts4270@famism.biz,1986-09-14 07:46:20,57,6714
Remy Phillips,Remy_Phillips5684@typill.biz,1947-12-17 20:53:28,98,6715
Sofia Cassidy,Sofia_Cassidy1426@yahoo.com,1989-03-15 03:58:34,34,6716
Daron Benfield,Daron_Benfield2798@cispeto.com,2004-08-10 13:30:46,85,6717
Jayden Armstrong,Jayden_Armstrong880@gembat.biz,1935-12-01 04:58:21,22,6718
Anabelle Gordon,Anabelle_Gordon9420@womeona.net,1907-11-27 17:50:23,34,6719
Dalia Gilbert,Dalia_Gilbert1368@extex.org,2014-09-28 01:02:03,91,6720
Mina King,Mina_King6713@corti.com,2017-02-17 13:52:55,54,6721
Daphne Sherry,Daphne_Sherry5333@qater.org,1989-04-16 11:46:44,23,6722
Jenna Huggins,Jenna_Huggins5924@atink.com,1852-04-01 02:00:05,37,6723
Chester Wooldridge,Chester_Wooldridge4653@fuliss.net,2015-10-03 11:09:26,62,6724
Bree Daniells,Bree_Daniells9582@grannar.com,1923-03-11 16:38:16,30,6725
Jessica Whittle,Jessica_Whittle9922@bauros.biz,1886-04-19 06:31:31,45,6726
Ryan Clark,Ryan_Clark7014@bulaffy.com,1920-08-21 05:09:31,89,6727
Johnny Morley,Johnny_Morley2163@gembat.biz,1875-03-21 18:08:02,69,6728
Jack Eddison,Jack_Eddison9370@bauros.biz,1873-07-16 19:55:42,73,6729
Ramon Fleming,Ramon_Fleming1202@muall.tech,1875-03-23 01:12:02,21,6730
Bob Campbell,Bob_Campbell4082@hourpy.biz,1854-02-08 21:04:45,56,6731
Livia Patel,Livia_Patel9018@zorer.org,1911-04-06 19:50:56,71,6732
Darlene Todd,Darlene_Todd8618@nanoff.biz,1888-11-13 16:12:33,95,6733
Andrea Drummond,Andrea_Drummond4@acrit.org,2006-06-18 07:18:06,65,6734
Kurt Ralph,Kurt_Ralph2497@atink.com,1939-03-27 11:42:14,34,6735
Barry Lee,Barry_Lee3869@joiniaa.com,2017-12-11 01:15:14,57,6736
Danny Flanders,Danny_Flanders8310@jiman.org,2004-03-20 00:28:32,95,6737
Bob Bingham,Bob_Bingham3860@bretoux.com,1988-06-15 03:11:41,64,6738
Chuck Exton,Chuck_Exton3688@womeona.net,2015-06-20 07:42:34,47,6739
Bart Lloyd,Bart_Lloyd6280@sveldo.biz,1947-08-21 06:19:57,37,6740
Matt Khan,Matt_Khan3108@famism.biz,1997-01-24 10:51:04,64,6741
Jackeline Garner,Jackeline_Garner6703@muall.tech,1919-03-07 16:07:18,42,6742
Anabel Clayton,Anabel_Clayton1975@deons.tech,1841-03-21 10:07:16,73,6743
Kurt Ventura,Kurt_Ventura4733@extex.org,1986-05-09 18:38:18,70,6744
Peter Snell,Peter_Snell220@cispeto.com,2011-08-30 11:23:58,68,6745
Cara Stevens,Cara_Stevens6711@muall.tech,1882-04-12 02:57:12,95,6746
Erin Rogers,Erin_Rogers4017@yahoo.com,1832-03-31 15:04:40,84,6747
Roger Tindall,Roger_Tindall6687@naiker.biz,1840-08-20 14:51:41,29,6748
Moira Allen,Moira_Allen6720@sheye.org,1898-08-24 17:32:48,73,6749
Melanie Hogg,Melanie_Hogg3729@gembat.biz,1852-07-15 20:14:00,54,6750
Lorraine Vane,Lorraine_Vane1775@bungar.biz,1983-05-19 07:20:51,63,6751
Elisabeth Wright,Elisabeth_Wright784@ubusive.com,1892-04-09 04:53:36,69,6752
Percy Vinton,Percy_Vinton155@deons.tech,1989-11-22 14:26:26,69,6753
Lara Jones,Lara_Jones2545@qater.org,1863-10-02 07:56:44,96,6754
Chelsea Flynn,Chelsea_Flynn2565@extex.org,1913-05-20 12:21:02,88,6755
Chuck Scott,Chuck_Scott3714@atink.com,1856-01-25 03:41:04,24,6756
Emmanuelle Cartwright,Emmanuelle_Cartwright2425@acrit.org,1878-08-30 08:01:13,27,6757
ara Khan,ara_Khan6621@gompie.com,1993-10-02 10:00:01,70,6758
Jayden Gibson,Jayden_Gibson5885@nimogy.biz,1868-05-14 17:29:05,72,6759
Owen Faulkner,Owen_Faulkner6707@naiker.biz,1851-01-05 11:25:53,75,6760
Adeline Lyon,Adeline_Lyon9348@qater.org,1959-02-04 18:56:46,41,6761
Percy Groves,Percy_Groves4434@naiker.biz,1998-08-31 11:18:32,26,6762
Liam Foxley,Liam_Foxley5625@yahoo.com,1894-02-22 08:29:51,52,6763
Liv Campbell,Liv_Campbell3155@grannar.com,1967-11-10 03:27:43,99,6764
Gladys Knight,Gladys_Knight8081@bungar.biz,2013-05-07 22:25:51,91,6765
Camden Rose,Camden_Rose8070@nanoff.biz,1863-09-09 14:33:53,57,6766
Janice Glynn,Janice_Glynn3661@bungar.biz,1968-01-02 00:21:53,22,6767
William Saunders,William_Saunders5653@nickia.com,1964-12-12 03:06:37,23,6768
Tom Gardner,Tom_Gardner9734@sheye.org,1852-05-28 02:17:08,44,6769
Christy Hopkins,Christy_Hopkins2646@nickia.com,1845-01-05 16:20:51,33,6770
Oliver Butler,Oliver_Butler8197@atink.com,1943-09-22 14:18:08,55,6771
Erica Morris,Erica_Morris8471@dionrab.com,1895-07-23 15:06:35,81,6772
Mya Brooks,Mya_Brooks5718@ovock.tech,1851-12-04 11:18:52,62,6773
Rocco Nayler,Rocco_Nayler4461@sveldo.biz,1980-10-29 09:47:48,30,6774
Harvey Lynch,Harvey_Lynch6839@jiman.org,1940-09-01 14:41:11,42,6775
Cameron Bowen,Cameron_Bowen977@gompie.com,1864-09-15 08:56:51,18,6776
Dani Tate,Dani_Tate5872@kideod.biz,1865-08-15 06:28:43,40,6777
Jackeline Wigley,Jackeline_Wigley4374@liret.org,1979-03-18 13:31:17,46,6778
Enoch Carpenter,Enoch_Carpenter5914@sveldo.biz,1900-11-12 01:08:51,91,6779
Chad Dixon,Chad_Dixon8149@yahoo.com,1867-01-14 09:33:13,22,6780
Javier Williams,Javier_Williams9179@ubusive.com,1928-08-21 07:18:50,82,6781
Susan Lane,Susan_Lane5331@corti.com,1892-01-05 04:48:27,21,6782
Lucy Gosling,Lucy_Gosling8379@qater.org,1926-03-09 22:28:24,18,6783
Rosalee Holt,Rosalee_Holt2436@fuliss.net,1888-11-19 18:11:15,65,6784
Emerald Morrow,Emerald_Morrow831@liret.org,1939-04-05 17:23:18,72,6785
Benny Steer,Benny_Steer1887@bulaffy.com,1860-07-11 12:08:04,83,6786
Elly Douglas,Elly_Douglas8624@supunk.biz,1952-05-16 12:25:30,30,6787
Aleksandra Styles,Aleksandra_Styles8962@ovock.tech,1897-06-23 19:31:35,38,6788
Ruth Silva,Ruth_Silva7510@ovock.tech,1986-05-18 20:06:20,84,6789
Marla Robertson,Marla_Robertson4630@fuliss.net,1875-07-31 19:24:41,65,6790
Nate Ballard,Nate_Ballard1704@sveldo.biz,1832-09-05 00:12:14,60,6791
Janelle Andersson,Janelle_Andersson8219@famism.biz,2019-11-26 15:08:53,63,6792
Lucas Gregory,Lucas_Gregory7080@acrit.org,1999-02-19 19:06:52,73,6793
Ivette Walton,Ivette_Walton206@tonsy.org,1902-06-11 16:58:38,91,6794
Johnathan Faulkner,Johnathan_Faulkner8271@irrepsy.com,1977-08-20 02:18:24,18,6795
Mya Moreno,Mya_Moreno1391@typill.biz,1952-07-06 06:09:48,35,6796
Cedrick Thorpe,Cedrick_Thorpe5664@extex.org,2003-08-29 03:30:37,69,6797
Carmella Morris,Carmella_Morris139@brety.org,1834-11-09 12:15:14,64,6798
Michael Wright,Michael_Wright8918@famism.biz,1978-10-14 21:41:12,60,6799
Michael Furnell,Michael_Furnell4310@nimogy.biz,2006-03-29 08:18:48,62,6800
Teagan Jackson,Teagan_Jackson7870@deavo.com,2010-01-12 05:29:24,78,6801
Marie Camden,Marie_Camden2473@kideod.biz,1952-05-05 04:24:30,34,6802
Allison Plumb,Allison_Plumb1176@corti.com,1969-12-17 11:04:19,83,6803
Barry Shields,Barry_Shields7004@ovock.tech,1852-03-25 20:52:10,26,6804
Jack Squire,Jack_Squire4638@supunk.biz,1848-03-21 14:54:58,20,6805
Maggie Graham,Maggie_Graham6206@grannar.com,1849-05-07 06:32:17,97,6806
Rylee Khan,Rylee_Khan6103@famism.biz,2003-03-26 13:12:17,41,6807
Nicholas Graves,Nicholas_Graves4007@iatim.tech,1932-07-26 04:49:42,46,6808
Benny Gregory,Benny_Gregory2996@deons.tech,1964-07-18 09:47:08,84,6809
Johnny Shaw,Johnny_Shaw2158@muall.tech,1903-02-16 06:40:24,57,6810
Francesca Noon,Francesca_Noon6993@eirey.tech,1899-01-24 16:23:57,99,6811
Russel Harper,Russel_Harper9537@qater.org,1998-10-16 01:51:30,45,6812
Amy Glass,Amy_Glass4856@elnee.tech,1910-12-16 16:01:44,36,6813
Martha Ellwood,Martha_Ellwood2505@naiker.biz,1962-02-27 21:22:03,74,6814
Matt Gordon,Matt_Gordon1521@qater.org,1902-09-24 11:37:21,80,6815
Domenic Saunders,Domenic_Saunders769@infotech44.tech,1977-09-28 07:08:16,83,6816
Fred Funnell,Fred_Funnell7557@nimogy.biz,1913-03-22 00:33:09,29,6817
Julius Samuel,Julius_Samuel8306@acrit.org,1917-09-17 21:54:37,19,6818
Roger Snell,Roger_Snell9866@guentu.biz,2001-05-26 07:21:16,18,6819
Mike Huggins,Mike_Huggins2597@yahoo.com,1876-02-06 08:04:26,49,6820
Jolene Reading,Jolene_Reading2369@naiker.biz,1951-09-23 13:19:43,58,6821
Havana Payne,Havana_Payne2620@qater.org,1937-04-22 01:39:51,82,6822
Caitlyn Rothwell,Caitlyn_Rothwell1651@sheye.org,1856-09-08 13:32:47,23,6823
Liam Thompson,Liam_Thompson2618@vetan.org,1823-10-06 14:24:11,36,6824
Matt Welsch,Matt_Welsch7829@nanoff.biz,2009-01-15 06:49:24,54,6825
Kamila Norman,Kamila_Norman6669@jiman.org,1969-10-19 14:18:27,68,6826
Lynn Donnelly,Lynn_Donnelly6676@gmail.com,2012-12-16 22:14:38,85,6827
Ilona Osmond,Ilona_Osmond6470@irrepsy.com,1840-07-21 00:30:00,85,6828
Julian Fall,Julian_Fall3656@qater.org,1907-07-26 15:46:00,89,6829
Mark Widdows,Mark_Widdows5708@atink.com,1881-02-12 11:56:24,34,6830
Gabriel Clifford,Gabriel_Clifford5858@irrepsy.com,1933-07-14 04:32:11,31,6831
Percy Mills,Percy_Mills6442@deavo.com,1890-06-15 20:09:48,94,6832
Javier Little,Javier_Little7811@kideod.biz,1955-10-12 16:53:29,31,6833
Gil Forth,Gil_Forth8052@qater.org,1996-02-04 12:32:53,41,6834
Tony Mason,Tony_Mason8422@atink.com,1874-05-28 22:17:50,83,6835
Nate Fall,Nate_Fall4930@bulaffy.com,1982-07-22 18:24:08,82,6836
Emery Bell,Emery_Bell434@grannar.com,1952-01-02 00:29:47,86,6837
Johnny Hudson,Johnny_Hudson5352@deavo.com,1850-10-22 13:23:37,32,6838
Lucas Brett,Lucas_Brett7046@brety.org,1871-06-20 21:35:52,20,6839
Cecilia Drew,Cecilia_Drew1134@elnee.tech,2004-02-21 01:32:16,57,6840
Melinda Ingham,Melinda_Ingham297@infotech44.tech,1839-06-13 02:35:46,80,6841
Lara Fowler,Lara_Fowler9688@sveldo.biz,1910-01-22 05:20:18,42,6842
Lillian Hunter,Lillian_Hunter7656@brety.org,1962-01-16 21:08:06,82,6843
Sabrina Dwyer,Sabrina_Dwyer1505@bungar.biz,1858-11-13 20:01:42,70,6844
Nicholas Tyler,Nicholas_Tyler1256@typill.biz,1962-01-30 07:26:00,98,6845
Boris Rees,Boris_Rees9811@bauros.biz,1987-09-26 20:43:17,39,6846
Anthony Gordon,Anthony_Gordon39@nimogy.biz,1860-06-06 06:37:02,92,6847
Lexi Myatt,Lexi_Myatt6621@atink.com,1903-10-31 13:28:56,20,6848
Allison Robertson,Allison_Robertson1323@twace.org,1887-01-04 18:08:23,24,6849
Shay Thompson,Shay_Thompson4610@irrepsy.com,1862-02-08 18:47:25,67,6850
Johnathan Gibson,Johnathan_Gibson987@elnee.tech,1904-09-29 02:34:49,45,6851
Molly Whitmore,Molly_Whitmore2611@guentu.biz,1962-10-11 18:21:51,47,6852
Rachael Tennant,Rachael_Tennant9617@mafthy.com,1892-06-13 11:09:11,94,6853
Hayden Richardson,Hayden_Richardson3619@mafthy.com,1955-12-20 01:01:40,75,6854
Dorothy Smith,Dorothy_Smith642@qater.org,2003-11-11 09:27:33,79,6855
Russel Wooldridge,Russel_Wooldridge717@tonsy.org,1882-03-12 10:25:29,24,6856
Doug Franks,Doug_Franks9083@brety.org,1909-09-17 07:24:39,35,6857
Hailey Spencer,Hailey_Spencer1779@atink.com,1860-06-16 19:09:06,73,6858
Regina Price,Regina_Price4511@grannar.com,1848-03-02 19:57:10,40,6859
Vivian Leigh,Vivian_Leigh6130@naiker.biz,1869-02-11 19:22:19,50,6860
Julia Baxter,Julia_Baxter3586@sveldo.biz,1938-07-31 18:44:54,99,6861
Adalind Jackson,Adalind_Jackson8173@twace.org,1992-06-10 08:54:21,67,6862
Denny Taylor,Denny_Taylor3915@fuliss.net,1820-08-18 06:03:22,92,6863
Russel Dempsey,Russel_Dempsey7104@sveldo.biz,2010-10-11 05:13:20,96,6864
Aeris Power,Aeris_Power1792@typill.biz,2002-06-26 07:42:28,94,6865
Karen Shelton,Karen_Shelton7257@typill.biz,1863-12-30 17:23:21,26,6866
Julian Mcgregor,Julian_Mcgregor166@iatim.tech,1824-10-27 10:36:42,32,6867
Chester Rogers,Chester_Rogers4037@eirey.tech,1916-08-16 06:03:34,25,6868
Michael Speed,Michael_Speed4506@famism.biz,1913-08-28 09:06:52,90,6869
Manuel Ulyatt,Manuel_Ulyatt2312@iatim.tech,1945-07-29 16:02:32,82,6870
Carina Chester,Carina_Chester3106@ubusive.com,1960-06-02 07:36:28,45,6871
Mayleen Allwood,Mayleen_Allwood2648@elnee.tech,1976-07-22 03:54:57,30,6872
Penny Vane,Penny_Vane8244@extex.org,1970-12-15 06:21:45,68,6873
Leroy Young,Leroy_Young7973@iatim.tech,2016-08-22 12:15:07,46,6874
Morgan Lee,Morgan_Lee5616@infotech44.tech,1917-02-12 00:35:47,87,6875
Elly Nicolas,Elly_Nicolas4016@tonsy.org,1842-11-14 22:10:19,65,6876
Anthony Broomfield,Anthony_Broomfield8582@mafthy.com,1953-03-08 04:01:36,54,6877
Vicky Wise,Vicky_Wise6239@fuliss.net,1979-08-09 16:09:50,59,6878
Isla West,Isla_West9282@atink.com,2005-02-03 04:05:35,61,6879
Melody Strong,Melody_Strong5472@bungar.biz,1858-07-31 21:45:57,42,6880
Colleen Cassidy,Colleen_Cassidy3643@vetan.org,1935-12-25 00:26:23,50,6881
Alexander Phillips,Alexander_Phillips8209@qater.org,1964-08-29 09:54:41,72,6882
David Fulton,David_Fulton998@kideod.biz,1993-08-08 21:14:40,84,6883
Carter Butler,Carter_Butler5519@liret.org,1961-06-28 16:10:18,64,6884
Jules Rose,Jules_Rose2173@sveldo.biz,1852-04-16 01:06:40,35,6885
William Glass,William_Glass3040@hourpy.biz,1855-04-02 13:51:53,79,6886
Enoch Moran,Enoch_Moran5822@grannar.com,1917-06-03 14:45:35,30,6887
Vanessa Varley,Vanessa_Varley1367@sheye.org,1970-01-27 09:11:57,41,6888
Judith Radley,Judith_Radley4707@yahoo.com,1981-02-06 19:51:43,22,6889
Alexander Hale,Alexander_Hale5690@ovock.tech,1844-12-04 22:07:39,69,6890
John Donnelly,John_Donnelly5392@gembat.biz,1931-03-25 09:55:31,24,6891
Phoebe Douglas,Phoebe_Douglas6242@bungar.biz,1977-03-08 05:17:32,79,6892
Mavis Nurton,Mavis_Nurton5477@famism.biz,1856-01-16 21:01:11,70,6893
Parker Eaton,Parker_Eaton3505@naiker.biz,1928-06-09 07:01:15,57,6894
Daniel Keys,Daniel_Keys6549@jiman.org,1959-11-01 21:38:37,31,6895
Ron Speed,Ron_Speed9178@fuliss.net,1967-12-27 05:57:29,20,6896
Lorraine Davies,Lorraine_Davies8903@twipet.com,1918-06-15 20:32:49,49,6897
Elijah Shelton,Elijah_Shelton684@gmail.com,1962-10-19 09:22:15,46,6898
Nicholas Warner,Nicholas_Warner220@bauros.biz,1839-12-28 16:36:20,21,6899
Nate Walsh,Nate_Walsh2390@guentu.biz,2013-12-08 03:26:21,82,6900
Molly Graham,Molly_Graham2530@deavo.com,1961-01-30 15:29:31,41,6901
Juliet Weldon,Juliet_Weldon1420@naiker.biz,1877-12-15 00:42:08,34,6902
Brad Larsen,Brad_Larsen7997@deons.tech,1843-11-08 15:46:11,51,6903
Ellen Hastings,Ellen_Hastings4830@womeona.net,1989-10-24 11:08:18,21,6904
Elijah Duvall,Elijah_Duvall615@brety.org,1910-01-13 14:22:26,66,6905
Victoria Dyson,Victoria_Dyson1590@fuliss.net,1930-08-03 04:00:09,65,6906
Hayden Quinn,Hayden_Quinn1275@bauros.biz,1887-06-08 19:12:36,95,6907
Hayden Wood,Hayden_Wood1106@bauros.biz,1935-06-23 04:07:03,70,6908
Stacy Denton,Stacy_Denton5925@kideod.biz,1838-06-19 15:51:28,98,6909
Rufus Asher,Rufus_Asher7377@fuliss.net,1935-11-05 20:55:18,50,6910
Tyson Larkin,Tyson_Larkin5132@typill.biz,1838-05-23 01:11:23,53,6911
Ally Wilson,Ally_Wilson5286@sveldo.biz,1968-04-14 12:42:39,72,6912
Anthony Wallace,Anthony_Wallace6302@twipet.com,1875-06-06 20:39:05,32,6913
Leroy Locke,Leroy_Locke6686@fuliss.net,1829-02-06 11:48:45,47,6914
Peter Partridge,Peter_Partridge455@iatim.tech,1936-11-16 13:26:36,40,6915
Javier Vinton,Javier_Vinton6524@brety.org,1952-12-13 15:08:13,62,6916
Eryn Coleman,Eryn_Coleman2266@bauros.biz,1840-12-08 05:15:30,23,6917
Fred Morgan,Fred_Morgan3127@vetan.org,1857-10-15 11:41:00,76,6918
Russel Nurton,Russel_Nurton8319@twace.org,1925-03-29 22:09:55,47,6919
Paige Ross,Paige_Ross2397@nanoff.biz,1953-07-12 08:13:17,60,6920
Joyce Morris,Joyce_Morris5567@famism.biz,1886-11-28 04:56:02,62,6921
Ramon Tailor,Ramon_Tailor5132@hourpy.biz,1968-10-02 07:15:05,36,6922
Rhea Pratt,Rhea_Pratt1582@deavo.com,1990-07-02 02:41:08,95,6923
Leroy Ashwell,Leroy_Ashwell4816@gmail.com,1901-05-30 11:28:46,83,6924
Gabriel Lyon,Gabriel_Lyon3881@tonsy.org,1894-01-14 05:05:24,53,6925
Carl Rainford,Carl_Rainford822@joiniaa.com,1872-10-09 22:45:49,34,6926
Erica Shaw,Erica_Shaw897@bauros.biz,2002-05-03 13:38:08,53,6927
Manuel John,Manuel_John2927@bulaffy.com,1838-12-18 21:55:57,46,6928
Ember Wigley,Ember_Wigley7169@iatim.tech,1955-08-02 02:18:04,26,6929
Madison Lee,Madison_Lee5898@mafthy.com,1979-11-08 04:02:37,40,6930
Madelyn Widdows,Madelyn_Widdows9796@gembat.biz,1914-06-10 14:50:10,43,6931
Lynn Graham,Lynn_Graham5026@gompie.com,1858-11-07 04:05:27,23,6932
Parker Morgan,Parker_Morgan331@extex.org,1915-08-19 05:52:41,27,6933
Karen Bolton,Karen_Bolton6954@gompie.com,1828-04-26 01:18:30,30,6934
Brad Johnson,Brad_Johnson7676@naiker.biz,1902-10-15 21:07:00,49,6935
Percy Bryant,Percy_Bryant5734@corti.com,1918-07-30 22:53:58,77,6936
Shelby Briggs,Shelby_Briggs552@elnee.tech,1902-10-16 16:06:55,62,6937
Cedrick Price,Cedrick_Price3151@famism.biz,1926-10-21 03:47:14,65,6938
Aurelia Boyle,Aurelia_Boyle3228@womeona.net,1972-03-28 07:42:12,24,6939
Ethan Turner,Ethan_Turner7831@bulaffy.com,1871-12-06 02:05:19,49,6940
Alexander Bennett,Alexander_Bennett4707@twipet.com,1959-06-30 12:15:31,95,6941
Laila Lane,Laila_Lane4093@tonsy.org,1854-02-23 20:48:31,73,6942
Kieth Underhill,Kieth_Underhill8542@corti.com,2007-05-06 12:47:24,82,6943
Tyler Reading,Tyler_Reading8594@guentu.biz,1959-05-08 20:23:02,86,6944
Henry Clifford,Henry_Clifford2653@brety.org,1991-04-24 11:54:34,77,6945
Daron Robinson,Daron_Robinson6624@twipet.com,1959-04-01 21:20:57,46,6946
Lauren Dempsey,Lauren_Dempsey7414@grannar.com,1879-12-25 16:47:30,59,6947
Chris Stone,Chris_Stone6938@kideod.biz,1822-01-17 18:36:07,70,6948
Margaret Jennson,Margaret_Jennson6833@elnee.tech,1840-07-01 11:47:33,34,6949
Bob Richards,Bob_Richards6963@nimogy.biz,1917-11-26 05:27:42,53,6950
Johnathan Wood,Johnathan_Wood847@kideod.biz,1995-05-12 12:51:12,41,6951
Jaylene Boden,Jaylene_Boden3287@bulaffy.com,1919-10-31 12:09:18,54,6952
Cedrick Reynolds,Cedrick_Reynolds3232@bauros.biz,1971-03-09 01:04:58,96,6953
Jennifer Vincent,Jennifer_Vincent6962@cispeto.com,1968-01-09 05:07:14,62,6954
Benjamin Fenton,Benjamin_Fenton2680@twipet.com,1906-06-30 07:06:46,34,6955
Gil Tailor,Gil_Tailor2834@iatim.tech,1869-05-24 10:04:19,74,6956
Alice Ballard,Alice_Ballard2504@cispeto.com,1932-08-09 09:30:48,32,6957
Domenic Foxley,Domenic_Foxley7711@zorer.org,1856-04-22 06:57:01,44,6958
Anthony Lewis,Anthony_Lewis7960@extex.org,1962-05-27 04:36:04,38,6959
Cara Rigg,Cara_Rigg5492@brety.org,1842-10-12 17:20:44,78,6960
Bryce Wright,Bryce_Wright6051@bungar.biz,1934-10-21 03:21:24,54,6961
Russel Richardson,Russel_Richardson98@eirey.tech,1992-02-14 03:04:14,83,6962
Kurt Hopkinson,Kurt_Hopkinson5726@guentu.biz,1841-05-07 13:21:02,80,6963
Tom Plant,Tom_Plant2898@bretoux.com,1951-03-17 15:40:50,52,6964
Alexander Johnson,Alexander_Johnson6266@bretoux.com,1987-09-16 02:46:17,89,6965
Cynthia Forth,Cynthia_Forth9526@gmail.com,1863-11-18 07:41:42,86,6966
Stephanie Middleton,Stephanie_Middleton6485@yahoo.com,2020-04-19 05:45:41,66,6967
Allison Donovan,Allison_Donovan8284@eirey.tech,1926-07-23 13:48:15,21,6968
Erick Glass,Erick_Glass1657@typill.biz,1968-10-07 19:16:54,25,6969
Priscilla Morrison,Priscilla_Morrison229@kideod.biz,1977-06-08 11:33:35,43,6970
Nate Anderson,Nate_Anderson7060@nimogy.biz,1917-04-04 10:15:41,87,6971
Rufus Ellwood,Rufus_Ellwood6802@hourpy.biz,1853-09-03 16:09:49,40,6972
Anthony Harvey,Anthony_Harvey6113@jiman.org,1859-01-07 11:11:22,55,6973
Gabriel Boden,Gabriel_Boden9553@elnee.tech,1952-09-01 16:21:27,44,6974
Christy Abbey,Christy_Abbey724@irrepsy.com,1982-10-07 12:16:11,41,6975
Penny Heaton,Penny_Heaton3257@nanoff.biz,1949-12-06 11:27:25,59,6976
John Hilton,John_Hilton2561@typill.biz,1940-11-20 06:28:14,32,6977
Nate Harrison,Nate_Harrison5150@fuliss.net,1933-05-31 09:45:08,55,6978
Barry Dann,Barry_Dann963@gmail.com,1957-12-01 07:52:46,82,6979
Leroy Archer,Leroy_Archer9623@acrit.org,1821-07-12 15:18:15,88,6980
Gil Watson,Gil_Watson184@qater.org,1968-02-21 14:12:19,66,6981
Anne Hamilton,Anne_Hamilton9680@qater.org,1973-09-26 06:46:51,28,6982
Jasmine Cork,Jasmine_Cork4489@fuliss.net,1858-10-23 09:43:10,99,6983
Gloria Sinclair,Gloria_Sinclair2920@bungar.biz,1937-02-28 03:58:15,70,6984
David Speed,David_Speed1994@womeona.net,1910-10-17 21:56:06,65,6985
Irene Bright,Irene_Bright1290@gompie.com,1847-03-31 08:35:00,71,6986
Bethany Pickard,Bethany_Pickard3257@brety.org,1853-09-03 04:01:01,40,6987
Parker Randall,Parker_Randall2424@deons.tech,1859-07-26 18:28:53,63,6988
Chad Welsch,Chad_Welsch5972@eirey.tech,2014-02-03 15:22:43,83,6989
Ryan Cobb,Ryan_Cobb6070@bretoux.com,1846-06-07 01:14:27,48,6990
Mabel Walker,Mabel_Walker8313@infotech44.tech,1911-10-07 08:10:02,48,6991
Jackeline Phillips,Jackeline_Phillips4651@supunk.biz,1998-05-29 06:25:03,80,6992
Erick Bolton,Erick_Bolton2266@dionrab.com,1824-11-19 07:54:55,96,6993
Ryan Raven,Ryan_Raven5387@twipet.com,1894-04-02 11:46:36,83,6994
Peter Devonport,Peter_Devonport3632@corti.com,1883-08-12 20:29:13,52,6995
Martin Shaw,Martin_Shaw7178@zorer.org,1909-03-27 13:41:45,96,6996
Jack Vangness,Jack_Vangness883@liret.org,1969-04-11 20:08:09,19,6997
Chris Allwood,Chris_Allwood2651@atink.com,1826-06-24 10:55:43,79,6998
Harriet Haines,Harriet_Haines5204@sveldo.biz,1919-11-01 09:17:39,87,6999
Eve London,Eve_London6611@muall.tech,1853-11-28 05:15:07,78,7000
Dakota Yoman,Dakota_Yoman2092@yahoo.com,1891-11-07 18:53:33,86,7001
Phillip Cobb,Phillip_Cobb131@hourpy.biz,1887-12-18 16:42:57,78,7002
Christy John,Christy_John3146@liret.org,1937-08-30 10:09:35,98,7003
Elijah Shaw,Elijah_Shaw9953@bretoux.com,1899-01-03 10:29:28,79,7004
Peter Reese,Peter_Reese8374@zorer.org,1844-03-03 19:01:49,44,7005
Martha Morrow,Martha_Morrow3845@supunk.biz,1991-08-01 06:01:57,54,7006
Phillip Holt,Phillip_Holt5786@yahoo.com,1975-06-26 19:57:41,53,7007
Alan Nayler,Alan_Nayler2261@famism.biz,1995-08-05 19:37:26,27,7008
Lana Anderson,Lana_Anderson2891@grannar.com,1880-12-29 21:25:35,55,7009
Chad Williams,Chad_Williams426@qater.org,1825-10-10 03:08:47,25,7010
Juliet Anderson,Juliet_Anderson4090@kideod.biz,1861-07-18 05:03:19,60,7011
Martin Bailey,Martin_Bailey8492@nimogy.biz,1913-02-16 07:01:01,77,7012
Luke Shepherd,Luke_Shepherd2437@bretoux.com,1904-04-16 16:11:22,20,7013
Danny Abbot,Danny_Abbot3456@qater.org,2001-06-24 02:53:49,46,7014
Liam Campbell,Liam_Campbell901@kideod.biz,1919-06-09 19:39:20,49,7015
Chester Carpenter,Chester_Carpenter753@eirey.tech,1992-07-22 11:04:06,20,7016
Gil Sylvester,Gil_Sylvester2971@typill.biz,1881-01-21 18:13:00,82,7017
Tyson Crawford,Tyson_Crawford6888@nimogy.biz,2015-07-19 07:16:46,84,7018
Ember Hooper,Ember_Hooper9865@acrit.org,1930-12-29 13:44:05,98,7019
Bart Casey,Bart_Casey8051@qater.org,2016-02-15 04:47:16,30,7020
Goldie Trent,Goldie_Trent5735@famism.biz,1872-03-04 22:25:22,40,7021
Elijah Emmott,Elijah_Emmott2967@corti.com,1915-01-11 05:40:56,38,7022
Bart Vass,Bart_Vass203@gmail.com,1880-08-05 14:22:49,76,7023
Clint Noach,Clint_Noach6407@sveldo.biz,2003-11-06 08:15:55,24,7024
Marvin Mcgregor,Marvin_Mcgregor8256@elnee.tech,1863-12-14 17:29:19,48,7025
Michelle Harvey,Michelle_Harvey251@elnee.tech,1951-01-26 11:38:12,78,7026
Andrea Olson,Andrea_Olson6793@corti.com,1827-09-30 04:37:10,64,7027
Carolyn Bowen,Carolyn_Bowen8719@nickia.com,1935-08-19 15:18:34,29,7028
Percy Hamilton,Percy_Hamilton4790@ovock.tech,1876-01-03 15:57:12,55,7029
Tess Mccall,Tess_Mccall2015@kideod.biz,2016-11-21 12:40:19,50,7030
Livia Jackson,Livia_Jackson7604@eirey.tech,1980-09-25 17:57:20,87,7031
Laila Glass,Laila_Glass713@gembat.biz,1923-05-27 12:06:42,35,7032
Sonya Mcleod,Sonya_Mcleod7251@atink.com,1904-02-07 20:32:24,74,7033
Aleksandra Williams,Aleksandra_Williams1825@twace.org,1905-06-15 18:17:13,30,7034
Julius Parker,Julius_Parker3649@corti.com,1866-12-27 14:57:00,94,7035
Julianna Adams,Julianna_Adams1215@yahoo.com,1976-05-15 15:35:36,86,7036
Elijah Hopkins,Elijah_Hopkins6559@hourpy.biz,2019-01-17 04:52:55,81,7037
Harmony Rose,Harmony_Rose5762@nimogy.biz,1958-06-17 13:03:14,92,7038
Daniel Lloyd,Daniel_Lloyd4874@eirey.tech,1931-07-14 00:50:09,46,7039
Valerie Trent,Valerie_Trent3991@eirey.tech,1883-06-29 03:57:31,57,7040
Matthew Farmer,Matthew_Farmer2254@gembat.biz,1856-01-10 13:22:25,45,7041
Danielle Stewart,Danielle_Stewart7052@famism.biz,2017-03-23 15:03:23,41,7042
Denny Reese,Denny_Reese5908@yahoo.com,1924-09-19 13:28:19,48,7043
Margaret Butler,Margaret_Butler7578@guentu.biz,1829-05-31 20:18:16,24,7044
Margaret Woods,Margaret_Woods8220@nanoff.biz,1843-03-28 19:57:21,39,7045
Gina Purvis,Gina_Purvis2470@cispeto.com,1953-09-08 00:26:11,74,7046
Penelope Wren,Penelope_Wren575@sheye.org,1926-08-28 02:35:48,99,7047
Nate Veale,Nate_Veale3180@bretoux.com,1886-08-11 21:53:24,93,7048
Rose Carpenter,Rose_Carpenter618@brety.org,1919-08-05 01:17:14,36,7049
Havana Owens,Havana_Owens5783@corti.com,1994-02-26 13:21:02,71,7050
Leroy Bryson,Leroy_Bryson3587@atink.com,1882-10-24 06:14:55,33,7051
Penelope Gates,Penelope_Gates2643@fuliss.net,2016-05-12 22:58:19,40,7052
Kurt Gilmore,Kurt_Gilmore5941@infotech44.tech,1957-03-17 04:12:49,53,7053
Carrie Gibbons,Carrie_Gibbons7646@guentu.biz,1905-07-31 10:44:53,51,7054
Harvey Stone ,Harvey_Stone 537@corti.com,2006-03-13 08:51:33,59,7055
Logan Upton,Logan_Upton7672@tonsy.org,1865-10-14 20:32:23,56,7056
Tyler Tate,Tyler_Tate5012@elnee.tech,1853-08-14 05:16:21,66,7057
Analise Coleman,Analise_Coleman9278@famism.biz,1948-12-20 10:17:06,20,7058
Penny Weston,Penny_Weston3273@grannar.com,1854-01-25 12:05:34,72,7059
Noah Rycroft,Noah_Rycroft4325@bretoux.com,1855-03-29 09:50:36,44,7060
Percy Young,Percy_Young9693@extex.org,1952-06-25 11:05:42,62,7061
Willow Hopkinson,Willow_Hopkinson3578@nanoff.biz,1973-02-01 09:05:55,39,7062
Marvin Harrison,Marvin_Harrison6966@dionrab.com,1942-09-16 19:38:36,90,7063
Oliver Wright,Oliver_Wright7824@acrit.org,1857-08-20 19:40:19,91,7064
Lana Knott,Lana_Knott347@guentu.biz,2007-05-07 10:00:15,62,7065
Dani Rowan,Dani_Rowan3513@nimogy.biz,1928-04-23 09:47:53,48,7066
Alexander Osmond,Alexander_Osmond8363@twipet.com,1855-03-08 20:39:00,99,7067
Fred Dale,Fred_Dale525@mafthy.com,1858-05-30 17:38:47,28,7068
Paula Bentley,Paula_Bentley808@sveldo.biz,2007-11-01 16:19:05,84,7069
William Hall,William_Hall9614@deons.tech,1989-05-26 22:32:43,77,7070
Mike Walsh,Mike_Walsh2698@vetan.org,1833-06-16 12:50:44,59,7071
Cristal Chester,Cristal_Chester7808@gembat.biz,2012-03-14 09:23:43,47,7072
Rosie Price,Rosie_Price1994@gembat.biz,1998-08-14 21:46:56,79,7073
Analise Uddin,Analise_Uddin832@sveldo.biz,1895-08-20 19:07:27,20,7074
Manuel Purvis,Manuel_Purvis5820@yahoo.com,1823-04-25 00:58:43,28,7075
Renee Potts,Renee_Potts3726@eirey.tech,1908-07-05 04:47:03,77,7076
Lily Needham,Lily_Needham165@jiman.org,1929-12-01 19:54:39,87,7077
Adalind Archer,Adalind_Archer6986@infotech44.tech,1944-03-24 00:00:09,34,7078
Iris Hardwick,Iris_Hardwick8322@ubusive.com,1954-04-16 09:32:49,72,7079
Angelique Rivers,Angelique_Rivers7378@bulaffy.com,1944-10-17 22:32:18,58,7080
Percy Phillips,Percy_Phillips9009@fuliss.net,1843-03-30 14:06:23,69,7081
Maxwell Lakey,Maxwell_Lakey8474@zorer.org,1859-06-23 16:03:40,67,7082
Katelyn Gregory,Katelyn_Gregory118@nickia.com,1834-09-28 05:11:46,47,7083
Julianna Knight,Julianna_Knight6717@fuliss.net,1969-07-12 14:08:48,35,7084
Daron Redwood,Daron_Redwood2071@liret.org,2015-10-31 09:13:51,76,7085
Daniel Ulyatt,Daniel_Ulyatt7029@acrit.org,2002-03-17 00:18:13,95,7086
Mona Hope,Mona_Hope371@infotech44.tech,2014-06-18 11:57:48,27,7087
Carrie Taylor,Carrie_Taylor4687@gompie.com,1985-07-17 02:51:45,74,7088
Ramon Curtis,Ramon_Curtis851@kideod.biz,1967-12-07 13:58:18,26,7089
Emery Jefferson,Emery_Jefferson8717@ubusive.com,1942-06-17 22:07:13,39,7090
Ivette York,Ivette_York7497@twace.org,1889-01-17 15:23:08,61,7091
Rylee Summers,Rylee_Summers5465@jiman.org,2001-10-12 02:13:34,37,7092
Cassidy Weston,Cassidy_Weston7190@joiniaa.com,1875-03-09 15:21:08,96,7093
Aileen Stanley,Aileen_Stanley5109@gembat.biz,1867-04-27 13:33:56,26,7094
Maxwell Hunt,Maxwell_Hunt7808@bretoux.com,1932-07-27 17:21:35,52,7095
Joseph Summers,Joseph_Summers9911@guentu.biz,2011-04-07 17:40:20,88,7096
Nicholas Hudson,Nicholas_Hudson1874@nimogy.biz,1980-01-05 11:01:19,21,7097
Bob Wright,Bob_Wright4842@nanoff.biz,1857-12-17 15:51:23,87,7098
Jayden Forester,Jayden_Forester7308@kideod.biz,1835-06-27 10:38:36,39,7099
Emmanuelle Tennant,Emmanuelle_Tennant1008@joiniaa.com,1970-03-04 21:39:04,60,7100
Raquel Quinnell,Raquel_Quinnell5556@deons.tech,2014-11-17 11:02:47,75,7101
Noah Palmer,Noah_Palmer4987@acrit.org,1900-11-13 12:30:43,68,7102
Juliet Gibson,Juliet_Gibson652@mafthy.com,1905-02-17 06:10:04,53,7103
Ronald Neville,Ronald_Neville8823@naiker.biz,1970-06-04 05:12:37,57,7104
Francesca Hooper,Francesca_Hooper9273@infotech44.tech,1930-03-19 14:43:44,19,7105
Luke Dixon,Luke_Dixon4618@tonsy.org,1859-12-13 08:57:57,72,7106
Janice Jobson,Janice_Jobson3831@kideod.biz,1877-01-20 02:23:41,67,7107
Dalia Doherty,Dalia_Doherty2618@yahoo.com,2005-06-27 00:27:05,21,7108
Benny Shields,Benny_Shields569@liret.org,1986-08-26 01:19:41,66,7109
Katelyn Little,Katelyn_Little9694@typill.biz,1876-02-24 09:27:28,74,7110
Jocelyn Hastings,Jocelyn_Hastings1423@zorer.org,1995-07-13 12:39:25,39,7111
Josh Eyres,Josh_Eyres9329@zorer.org,1841-05-15 20:54:09,68,7112
Mike Mooney,Mike_Mooney1104@gembat.biz,1995-01-24 01:53:26,79,7113
Scarlett Collins,Scarlett_Collins3964@vetan.org,1938-07-06 12:16:11,46,7114
Chelsea Oatway,Chelsea_Oatway4436@joiniaa.com,1922-09-22 09:18:06,75,7115
Vera Wigley,Vera_Wigley8601@corti.com,1949-08-02 11:54:55,98,7116
Benjamin Goldsmith,Benjamin_Goldsmith6770@sheye.org,1946-08-11 20:28:19,40,7117
Harry Garcia,Harry_Garcia8109@ubusive.com,1977-05-18 20:15:41,75,7118
Stephanie Salt,Stephanie_Salt7581@acrit.org,2017-04-08 05:07:53,96,7119
Miriam Jenkin,Miriam_Jenkin2088@grannar.com,1955-10-25 04:13:40,81,7120
Marina Mcgee,Marina_Mcgee8362@twace.org,1979-07-15 17:28:31,75,7121
Jessica Donovan,Jessica_Donovan2379@cispeto.com,1822-10-12 18:26:18,81,7122
Lily Bailey,Lily_Bailey3719@tonsy.org,2008-06-02 05:30:14,70,7123
Carmella Saunders,Carmella_Saunders9208@dionrab.com,1934-01-22 18:57:36,64,7124
Abdul Russell,Abdul_Russell2019@gembat.biz,1983-02-26 09:06:41,62,7125
Abdul Vincent,Abdul_Vincent9013@joiniaa.com,1991-08-25 07:35:37,33,7126
Brad Taylor,Brad_Taylor8956@twace.org,1838-02-20 15:17:09,95,7127
Felicity Harper,Felicity_Harper7561@gompie.com,1942-05-10 03:22:10,49,7128
Charlize Mitchell,Charlize_Mitchell7037@naiker.biz,1981-04-13 17:39:30,36,7129
Laila Turner,Laila_Turner4278@fuliss.net,2007-11-26 12:41:04,27,7130
Percy Brock,Percy_Brock7573@ubusive.com,1824-03-23 21:08:19,83,7131
Anthony Murphy,Anthony_Murphy2554@nickia.com,1902-10-23 10:31:06,44,7132
Ronald Evans,Ronald_Evans9379@deavo.com,1826-01-20 11:23:43,70,7133
Peter Ellis,Peter_Ellis589@eirey.tech,1904-05-23 04:03:21,80,7134
Rick Jenkin,Rick_Jenkin7248@womeona.net,1877-10-07 17:04:45,67,7135
Rosalee Cooper,Rosalee_Cooper7392@naiker.biz,1844-04-20 07:00:03,42,7136
Michael Robinson,Michael_Robinson6849@deavo.com,1862-08-23 14:22:00,37,7137
Nathan Morris,Nathan_Morris3536@irrepsy.com,1961-01-12 15:03:23,52,7138
Lana Jeffery,Lana_Jeffery1378@atink.com,1837-01-25 20:33:15,29,7139
Javier Harris,Javier_Harris682@eirey.tech,1882-12-29 04:39:00,44,7140
Jacob Lloyd,Jacob_Lloyd5222@gmail.com,1842-01-12 19:13:15,25,7141
Parker Irving,Parker_Irving6384@yahoo.com,1834-02-15 21:15:31,69,7142
Alba Huggins,Alba_Huggins8665@atink.com,1832-11-25 08:05:05,30,7143
Kieth Farmer,Kieth_Farmer771@sheye.org,2001-11-17 08:06:45,21,7144
Mason Wigley,Mason_Wigley1836@nickia.com,1980-11-24 12:21:02,33,7145
Greta Herbert,Greta_Herbert3819@fuliss.net,1934-11-08 06:12:21,43,7146
Dakota Robertson,Dakota_Robertson1159@mafthy.com,1913-05-10 05:31:51,27,7147
Erick Robertson,Erick_Robertson4982@supunk.biz,1950-08-13 17:54:11,47,7148
Ronald Hamilton,Ronald_Hamilton9113@bauros.biz,1928-08-03 19:38:04,34,7149
Chester Dixon,Chester_Dixon4533@bretoux.com,1921-06-05 12:10:34,35,7150
Matt Young,Matt_Young9249@corti.com,1937-09-05 10:37:58,47,7151
Noemi Leslie,Noemi_Leslie91@typill.biz,1964-12-13 15:12:21,22,7152
Christy Edmonds,Christy_Edmonds6675@irrepsy.com,1930-06-06 01:02:11,89,7153
Maribel White,Maribel_White9811@naiker.biz,1918-07-04 11:07:25,32,7154
Megan Atkinson,Megan_Atkinson7133@joiniaa.com,1882-03-13 03:43:38,65,7155
Jaylene Ring,Jaylene_Ring5291@vetan.org,2016-01-03 12:49:26,94,7156
Domenic Hogg,Domenic_Hogg1230@eirey.tech,1862-03-16 22:02:12,43,7157
Carrie Whinter,Carrie_Whinter1829@infotech44.tech,1892-04-19 21:44:15,31,7158
Dalia Antcliff,Dalia_Antcliff6048@dionrab.com,1979-02-15 17:47:21,84,7159
Ivy Bristow,Ivy_Bristow4990@muall.tech,1960-08-19 18:31:27,33,7160
Penelope Donnelly,Penelope_Donnelly3388@gmail.com,1869-05-25 12:37:33,38,7161
Eve Fox,Eve_Fox2891@womeona.net,1858-06-28 22:49:03,54,7162
Hank Paterson,Hank_Paterson3979@gmail.com,1928-12-26 20:17:31,39,7163
Nathan Blackburn,Nathan_Blackburn761@qater.org,1881-10-13 18:03:13,85,7164
Percy Rees,Percy_Rees1151@sheye.org,1848-07-14 02:22:57,55,7165
Doug Griffiths,Doug_Griffiths216@bauros.biz,1845-08-08 10:07:56,85,7166
Sebastian Blythe,Sebastian_Blythe3094@nimogy.biz,1953-09-01 11:28:25,35,7167
Eduardo Ross,Eduardo_Ross2392@tonsy.org,1885-10-12 21:32:37,37,7168
Erica Ellis,Erica_Ellis688@grannar.com,1939-08-19 20:15:19,77,7169
Julius Flack,Julius_Flack4087@irrepsy.com,1823-09-21 00:55:24,25,7170
Rick Emmett,Rick_Emmett7656@deons.tech,1973-12-28 08:14:49,52,7171
Josh Edwards,Josh_Edwards7335@supunk.biz,1988-01-02 21:02:44,25,7172
ara Redwood,ara_Redwood7125@acrit.org,1958-11-19 19:11:45,32,7173
Matt Robertson,Matt_Robertson5394@vetan.org,1984-08-22 13:32:58,82,7174
Ivy Shields,Ivy_Shields9121@grannar.com,2017-02-06 04:21:01,69,7175
Doug Lowe,Doug_Lowe3258@acrit.org,1894-04-22 10:13:24,49,7176
Ethan Ebbs,Ethan_Ebbs6619@deons.tech,1854-05-02 17:55:07,64,7177
Jasmine Lindsay,Jasmine_Lindsay9680@zorer.org,1837-02-01 19:14:09,47,7178
Claire Smith,Claire_Smith1382@deons.tech,1892-06-26 19:47:11,37,7179
Bryon Alldridge,Bryon_Alldridge5978@zorer.org,1831-06-23 04:45:48,48,7180
Leroy Willson,Leroy_Willson4502@acrit.org,1958-06-09 20:12:27,39,7181
Elijah Milner,Elijah_Milner617@guentu.biz,1908-12-03 00:19:33,78,7182
Carolyn Bowen,Carolyn_Bowen8878@gembat.biz,2008-01-08 06:27:06,84,7183
Gina Hobbs,Gina_Hobbs7949@twace.org,1868-01-07 05:42:45,50,7184
Miriam Keys,Miriam_Keys9423@nimogy.biz,1851-12-31 06:03:41,52,7185
Maria Gilbert,Maria_Gilbert784@yahoo.com,1875-01-15 11:20:14,52,7186
Chad Corbett,Chad_Corbett6493@gmail.com,1916-04-11 17:15:54,72,7187
Parker James,Parker_James1722@jiman.org,1962-07-09 14:47:11,21,7188
Elijah Holmes,Elijah_Holmes6875@bauros.biz,1821-07-27 19:20:44,88,7189
Irene John,Irene_John3564@infotech44.tech,1823-01-28 12:40:33,35,7190
Ronald Ross,Ronald_Ross406@liret.org,1974-02-26 07:01:47,44,7191
Johnathan Reynolds,Johnathan_Reynolds2022@bauros.biz,1862-08-01 15:24:52,48,7192
Faith Nelson,Faith_Nelson677@bungar.biz,1878-11-25 18:11:11,39,7193
Daniel Crawley,Daniel_Crawley9744@nickia.com,1953-11-30 01:42:27,99,7194
Denis Nash,Denis_Nash4284@tonsy.org,1827-01-28 17:16:35,81,7195
David Casey,David_Casey1936@vetan.org,2012-11-06 11:03:06,94,7196
Carl Sloan,Carl_Sloan5324@twace.org,1969-10-05 10:10:31,25,7197
Stella Lunt,Stella_Lunt8999@nimogy.biz,1972-12-16 19:04:51,91,7198
Bob Bradley,Bob_Bradley4245@bungar.biz,1836-11-26 02:02:21,75,7199
Colleen Fisher,Colleen_Fisher5308@yahoo.com,1932-01-30 00:01:17,54,7200
Carrie Benfield,Carrie_Benfield5171@iatim.tech,1893-02-21 03:53:29,87,7201
Taylor Gilbert,Taylor_Gilbert2204@supunk.biz,1905-01-04 12:23:35,22,7202
Francesca Shaw,Francesca_Shaw8403@bulaffy.com,1844-06-14 08:24:51,28,7203
Denis Veale,Denis_Veale4197@bretoux.com,2016-02-13 18:04:46,65,7204
Elijah Marshall,Elijah_Marshall5243@vetan.org,1975-04-29 18:22:08,67,7205
Rick Shields,Rick_Shields2325@typill.biz,1852-12-14 17:52:36,60,7206
Boris Pickard,Boris_Pickard3775@sveldo.biz,1871-05-26 14:45:53,51,7207
Julianna James,Julianna_James219@twace.org,1905-05-30 20:16:14,28,7208
Chuck Skinner,Chuck_Skinner2625@sveldo.biz,1845-12-23 09:33:35,30,7209
Daniel Edmonds,Daniel_Edmonds2748@gompie.com,1859-09-13 04:09:25,46,7210
Bart Ogilvy,Bart_Ogilvy7359@extex.org,1933-11-30 00:23:06,50,7211
Juliette Funnell,Juliette_Funnell4782@gembat.biz,1825-12-02 10:45:16,97,7212
Bart Smith,Bart_Smith7453@tonsy.org,1961-01-23 22:20:26,94,7213
Danny Reid,Danny_Reid8898@infotech44.tech,1871-10-01 11:31:16,61,7214
Ronald Allcott,Ronald_Allcott2119@zorer.org,1971-10-25 05:58:03,62,7215
Lucas Hilton,Lucas_Hilton4515@cispeto.com,1843-11-30 20:43:32,41,7216
Carla Downing,Carla_Downing1730@atink.com,1937-02-12 13:45:30,96,7217
Bethany Ingham,Bethany_Ingham7377@qater.org,1986-11-05 13:56:51,53,7218
Ronald Skinner,Ronald_Skinner9091@tonsy.org,1989-07-21 18:24:22,87,7219
Joseph Windsor,Joseph_Windsor9864@infotech44.tech,1913-05-06 01:16:04,41,7220
Camila Connell,Camila_Connell1046@fuliss.net,1986-02-09 20:08:35,73,7221
Daniel Yarwood,Daniel_Yarwood1247@qater.org,1934-05-01 08:02:58,42,7222
Maxwell Knott,Maxwell_Knott6612@gompie.com,1976-05-22 21:30:45,49,7223
Emery Hilton,Emery_Hilton6000@jiman.org,2009-06-10 12:10:53,47,7224
Mason Salt,Mason_Salt7079@ubusive.com,1914-04-07 20:51:08,50,7225
Ronald Bolton,Ronald_Bolton7742@cispeto.com,2013-01-26 02:48:31,36,7226
Domenic Ashley,Domenic_Ashley2245@guentu.biz,1865-01-23 00:15:50,91,7227
Barry Johnson,Barry_Johnson6219@acrit.org,1839-11-02 08:39:20,26,7228
Tyler Shepherd,Tyler_Shepherd3855@bretoux.com,1974-01-29 00:06:04,43,7229
Fred Matthews,Fred_Matthews6740@kideod.biz,1929-09-23 06:34:47,26,7230
Owen Baker,Owen_Baker2440@acrit.org,1994-07-29 19:40:24,52,7231
Leanne Reading,Leanne_Reading4271@acrit.org,1989-08-30 00:58:54,28,7232
Daniel Miller,Daniel_Miller5417@dionrab.com,1885-06-22 13:27:09,84,7233
Erick Gibbons,Erick_Gibbons2413@muall.tech,1868-05-31 01:07:02,53,7234
Johnny Harrison,Johnny_Harrison6647@brety.org,1897-04-20 05:12:19,68,7235
Daron Greenwood,Daron_Greenwood6824@zorer.org,1927-03-29 10:27:10,20,7236
Domenic Lomax,Domenic_Lomax6095@vetan.org,1975-10-26 13:13:45,26,7237
Cedrick Downing,Cedrick_Downing4950@liret.org,1999-10-17 04:29:47,74,7238
Denny Fall,Denny_Fall5556@twipet.com,1920-06-07 03:10:21,28,7239
Keira Lunt,Keira_Lunt86@twace.org,1921-05-06 18:05:02,96,7240
Ronald Weatcroft,Ronald_Weatcroft2222@typill.biz,1945-01-31 08:09:26,98,7241
Doug Adler,Doug_Adler4882@ovock.tech,2010-07-08 05:56:19,27,7242
Lorraine Ballard,Lorraine_Ballard6419@ubusive.com,1865-12-09 21:55:21,77,7243
Carl Allcott,Carl_Allcott8576@guentu.biz,1836-04-18 20:54:44,72,7244
Priscilla Maxwell,Priscilla_Maxwell3821@typill.biz,1982-07-08 20:27:04,32,7245
Manuel Stewart,Manuel_Stewart9351@ubusive.com,1900-02-18 03:47:52,65,7246
Lorraine Veale,Lorraine_Veale7339@guentu.biz,1858-12-17 11:47:35,88,7247
Bryon Moss,Bryon_Moss6595@infotech44.tech,1950-07-22 15:28:49,60,7248
Claire Faulkner,Claire_Faulkner1933@irrepsy.com,1867-09-21 08:30:31,57,7249
Barney Rodgers,Barney_Rodgers1657@extex.org,1969-11-27 04:58:28,68,7250
Percy Norris,Percy_Norris2075@twace.org,2002-08-05 14:06:57,72,7251
Selena Beal,Selena_Beal3635@jiman.org,1858-10-06 12:35:15,71,7252
Chuck Pope,Chuck_Pope1197@bulaffy.com,2009-10-12 07:02:39,35,7253
Johnathan Robe,Johnathan_Robe2241@gembat.biz,1861-04-22 14:39:03,64,7254
Jessica Cameron,Jessica_Cameron8666@sheye.org,1879-09-10 02:39:53,83,7255
Logan Parker,Logan_Parker8316@naiker.biz,1886-01-14 19:43:17,32,7256
Harry Kaur,Harry_Kaur7548@gembat.biz,1825-11-30 14:43:08,23,7257
Manuel Randall,Manuel_Randall6980@famism.biz,1934-05-06 09:23:20,68,7258
Margaret Nobbs,Margaret_Nobbs8765@extex.org,1995-05-19 22:09:26,90,7259
Josh Franks,Josh_Franks8804@ovock.tech,1821-01-27 19:47:38,78,7260
Nathan Donnelly,Nathan_Donnelly8372@liret.org,1893-10-13 01:01:45,35,7261
Chad Martin,Chad_Martin6700@gmail.com,2013-08-26 10:32:44,45,7262
Peter Dyson,Peter_Dyson2595@deavo.com,1956-05-24 10:38:43,22,7263
Martin Baldwin,Martin_Baldwin6142@infotech44.tech,1906-12-04 02:18:38,69,7264
Eduardo Wilton,Eduardo_Wilton2270@extex.org,2003-06-14 11:41:30,99,7265
Quinn Murray,Quinn_Murray3266@nickia.com,1854-03-10 01:15:08,63,7266
Molly Squire,Molly_Squire7154@irrepsy.com,1874-02-11 16:45:41,94,7267
Tony Holmes,Tony_Holmes1331@cispeto.com,1847-02-17 01:04:16,82,7268
Emerald Fall,Emerald_Fall7487@cispeto.com,1914-06-07 13:24:55,83,7269
Marigold Miller,Marigold_Miller983@brety.org,1906-05-16 14:40:44,76,7270
Jenna Jacobs,Jenna_Jacobs5816@atink.com,1904-01-14 08:53:48,62,7271
Ronald Grady,Ronald_Grady3494@gmail.com,1845-07-19 05:31:12,18,7272
Stacy Abbot,Stacy_Abbot8953@mafthy.com,2018-07-11 22:47:23,24,7273
Lorraine Phillips,Lorraine_Phillips5523@gompie.com,1910-06-28 17:33:35,24,7274
Johnathan Shaw,Johnathan_Shaw4008@deavo.com,1890-05-02 19:48:42,68,7275
Margot Edmonds,Margot_Edmonds7543@famism.biz,2004-01-31 20:06:00,30,7276
Diane Mccormick,Diane_Mccormick7394@famism.biz,1956-10-01 15:25:45,93,7277
Kamila Wilson,Kamila_Wilson1331@guentu.biz,2016-08-19 16:25:10,36,7278
Marvin Price,Marvin_Price7869@bulaffy.com,1898-11-28 21:33:29,71,7279
Margaret Pearson,Margaret_Pearson4524@iatim.tech,1930-08-14 04:50:20,20,7280
Jack Hamilton,Jack_Hamilton8090@liret.org,1917-04-16 03:19:50,23,7281
Nick Strong,Nick_Strong7699@yahoo.com,1883-01-01 10:42:49,71,7282
Percy Wooldridge,Percy_Wooldridge1154@gmail.com,1966-12-23 03:28:29,46,7283
Judith Pierce,Judith_Pierce1418@gompie.com,1958-07-25 02:16:32,52,7284
Oliver Connor,Oliver_Connor4414@elnee.tech,1837-03-14 16:46:24,43,7285
Juliette Moore,Juliette_Moore6980@twipet.com,1931-05-24 11:55:26,59,7286
Cynthia Ring,Cynthia_Ring5145@jiman.org,1896-07-29 09:46:12,45,7287
Elijah Varndell,Elijah_Varndell4210@elnee.tech,1847-12-18 09:28:40,41,7288
Callie Hewitt,Callie_Hewitt1890@jiman.org,1885-12-02 18:22:50,18,7289
Chester Ingram,Chester_Ingram422@dionrab.com,1930-04-09 17:11:10,22,7290
Karen Cooper,Karen_Cooper822@deons.tech,1995-06-28 06:35:16,30,7291
Matt Oldfield,Matt_Oldfield1589@irrepsy.com,1821-07-25 14:37:14,95,7292
Colleen Morgan,Colleen_Morgan2002@atink.com,1834-03-19 08:07:20,89,7293
Dorothy Quinn,Dorothy_Quinn6242@mafthy.com,1846-02-17 17:57:05,50,7294
Vanessa Wright,Vanessa_Wright6948@qater.org,1855-12-20 20:39:33,22,7295
Elena Morgan,Elena_Morgan2292@corti.com,1956-05-13 22:22:54,19,7296
Javier Rees,Javier_Rees3953@naiker.biz,2008-02-01 15:37:33,46,7297
Martin Khan,Martin_Khan8558@bulaffy.com,1886-07-24 20:14:20,97,7298
Tess Robinson,Tess_Robinson2941@ovock.tech,1864-05-28 06:05:07,92,7299
Nina Hardwick,Nina_Hardwick736@guentu.biz,1993-01-16 22:41:53,93,7300
Brad Corbett,Brad_Corbett2240@typill.biz,1879-02-18 13:05:18,31,7301
Mayleen Gates,Mayleen_Gates9599@qater.org,1980-11-06 13:55:26,65,7302
Blake Mccormick,Blake_Mccormick6574@nanoff.biz,1992-05-29 13:27:57,21,7303
Maxwell Janes,Maxwell_Janes4231@corti.com,2001-04-29 13:19:28,71,7304
Ethan Potter,Ethan_Potter9598@twace.org,1913-10-11 07:05:13,25,7305
Andie Newton,Andie_Newton3251@eirey.tech,1995-10-24 17:26:03,96,7306
Carl Rodwell,Carl_Rodwell2699@hourpy.biz,1936-03-05 08:36:27,95,7307
John Gaynor,John_Gaynor7986@ovock.tech,1920-03-08 19:32:30,75,7308
Michelle Vangness,Michelle_Vangness8815@naiker.biz,1882-03-23 21:01:10,68,7309
Chester Emmott,Chester_Emmott5175@ovock.tech,1919-01-03 01:29:08,63,7310
Jenna Uttridge,Jenna_Uttridge2736@guentu.biz,2017-01-10 12:27:21,79,7311
Barry Dixon,Barry_Dixon3447@kideod.biz,1860-07-14 20:14:28,59,7312
Johnny Murphy,Johnny_Murphy8594@typill.biz,1830-06-23 22:56:50,55,7313
Bryon Robinson,Bryon_Robinson9621@mafthy.com,1978-02-12 20:57:58,84,7314
Peter Weston,Peter_Weston4304@gompie.com,2005-11-14 05:55:04,79,7315
Norah Wade,Norah_Wade6275@bulaffy.com,1978-01-26 06:44:27,86,7316
Liliana Hunter,Liliana_Hunter9129@twipet.com,1961-06-22 18:56:44,71,7317
Marina Crawley,Marina_Crawley6673@sheye.org,1855-02-25 15:00:17,89,7318
Bart Faulkner,Bart_Faulkner1033@qater.org,1947-09-08 07:45:02,83,7319
Lucy Flanders,Lucy_Flanders1676@typill.biz,1847-03-16 19:43:07,88,7320
Rosemary Mason,Rosemary_Mason4227@elnee.tech,1960-10-08 13:20:50,78,7321
Parker Ebbs,Parker_Ebbs5924@fuliss.net,2010-03-27 16:30:03,72,7322
Sabrina Tutton,Sabrina_Tutton9488@atink.com,1857-04-28 09:04:50,69,7323
Brooklyn Thomas,Brooklyn_Thomas4235@bauros.biz,1931-06-28 19:26:39,30,7324
Anthony Dallas,Anthony_Dallas3098@nimogy.biz,1863-10-22 15:53:09,88,7325
Denny Barclay,Denny_Barclay4672@irrepsy.com,1837-06-28 08:14:15,38,7326
Shannon Robertson,Shannon_Robertson2270@elnee.tech,1857-11-03 09:02:49,55,7327
John Walton,John_Walton9171@mafthy.com,1907-08-22 02:35:15,94,7328
Aiden Camden,Aiden_Camden9891@liret.org,2012-12-24 05:24:56,73,7329
Benjamin Mason,Benjamin_Mason4215@qater.org,1934-11-25 10:40:52,58,7330
Tiffany Allington,Tiffany_Allington7025@sheye.org,1845-09-21 11:44:51,20,7331
Raquel Cassidy,Raquel_Cassidy3313@brety.org,1981-02-16 13:30:58,55,7332
Rosalee Flack,Rosalee_Flack1586@eirey.tech,1914-03-28 02:24:03,19,7333
Tyson Clifton,Tyson_Clifton7627@twace.org,2001-07-03 09:12:12,26,7334
Melinda Oswald,Melinda_Oswald9146@deavo.com,1911-01-15 14:50:41,21,7335
Melania Powell,Melania_Powell4221@gompie.com,1983-12-15 12:54:26,43,7336
Charlotte Knight,Charlotte_Knight8475@famism.biz,1930-03-20 00:12:12,85,7337
Chadwick Redfern,Chadwick_Redfern8916@fuliss.net,1908-11-01 10:10:26,83,7338
Alan Heaton,Alan_Heaton209@yahoo.com,1828-05-06 16:17:11,43,7339
Aiden Stewart,Aiden_Stewart9090@dionrab.com,1891-03-31 18:40:50,30,7340
Jack Wellington,Jack_Wellington8756@muall.tech,1946-07-08 14:47:24,28,7341
Nate Ellison,Nate_Ellison6511@corti.com,1981-08-15 08:39:48,19,7342
Boris Bennett,Boris_Bennett8993@elnee.tech,1999-04-30 13:22:48,71,7343
Abdul Anderson,Abdul_Anderson3025@gmail.com,1899-03-26 13:49:21,50,7344
Emma Needham,Emma_Needham753@ovock.tech,1827-08-18 00:06:25,39,7345
Sage Vollans,Sage_Vollans8448@ubusive.com,1958-04-19 09:44:25,80,7346
ara Cassidy,ara_Cassidy7518@corti.com,1939-11-14 00:09:16,25,7347
Caleb Thorpe,Caleb_Thorpe4199@vetan.org,1999-10-20 19:55:56,51,7348
Chris Bishop,Chris_Bishop5657@nickia.com,1923-05-24 20:27:57,74,7349
Rosa Hill,Rosa_Hill6007@gmail.com,1848-09-07 21:07:35,46,7350
Hayden Coll,Hayden_Coll3421@yahoo.com,1910-05-13 18:26:13,53,7351
Peter Wise,Peter_Wise345@guentu.biz,1929-02-12 06:24:04,97,7352
George Hall,George_Hall5883@sveldo.biz,1898-09-06 02:41:03,57,7353
Olivia Isaac,Olivia_Isaac6064@supunk.biz,2019-07-28 14:36:31,36,7354
Lana Vangness,Lana_Vangness5354@qater.org,1921-04-30 00:22:41,85,7355
Bob Russell,Bob_Russell6299@muall.tech,1911-08-29 15:14:13,70,7356
Percy Addley,Percy_Addley7484@corti.com,1846-09-18 02:11:37,92,7357
Carol Eyres,Carol_Eyres8443@jiman.org,1873-08-21 07:38:43,67,7358
Angelina Dann,Angelina_Dann2278@iatim.tech,1903-05-19 14:42:56,94,7359
Alma Penn,Alma_Penn8844@bulaffy.com,1937-04-20 00:29:02,76,7360
Paula Roscoe,Paula_Roscoe8000@bungar.biz,1854-09-01 15:12:21,48,7361
Agnes Mccormick,Agnes_Mccormick6321@twipet.com,1936-08-14 02:10:06,23,7362
Luke Bullock,Luke_Bullock7044@mafthy.com,1919-03-25 06:58:55,74,7363
Erick Fisher,Erick_Fisher325@liret.org,1922-02-13 00:12:17,55,7364
Jack Murray,Jack_Murray5879@naiker.biz,1879-10-03 20:44:35,44,7365
Violet Knott,Violet_Knott9802@liret.org,2012-09-30 14:01:12,53,7366
Esmeralda Adams,Esmeralda_Adams6757@atink.com,1889-04-24 09:27:23,82,7367
Noah Rose,Noah_Rose6591@bretoux.com,1830-04-20 01:37:54,41,7368
Luna Wood,Luna_Wood6248@gembat.biz,1892-10-14 09:36:47,39,7369
Ramon Grady,Ramon_Grady8615@mafthy.com,1841-10-01 03:40:25,54,7370
Tyson Devonport,Tyson_Devonport8136@bauros.biz,1935-11-07 22:42:39,32,7371
Ramon Huggins,Ramon_Huggins9287@hourpy.biz,1887-12-12 05:38:27,82,7372
Hailey Lane,Hailey_Lane1396@guentu.biz,1936-03-20 20:00:04,34,7373
Eryn Martin,Eryn_Martin4769@joiniaa.com,1855-07-23 04:34:51,69,7374
Carina Brock,Carina_Brock6214@gmail.com,2001-02-11 20:03:01,37,7375
Erica Johnson,Erica_Johnson6526@womeona.net,1838-03-13 17:12:54,32,7376
Chuck Griffiths,Chuck_Griffiths4707@twipet.com,1924-12-25 18:37:30,72,7377
Mason Evans,Mason_Evans8399@joiniaa.com,1863-07-31 19:02:45,99,7378
Manuel Grady,Manuel_Grady8367@acrit.org,1896-05-05 03:32:56,44,7379
Ramon Lane,Ramon_Lane6975@infotech44.tech,1899-04-18 01:28:19,86,7380
Maia Andersson,Maia_Andersson3630@deons.tech,1858-09-01 16:21:14,43,7381
Carina Richards,Carina_Richards9296@irrepsy.com,1983-02-01 22:47:07,92,7382
Lexi Barclay,Lexi_Barclay2041@liret.org,1851-04-21 22:04:51,19,7383
Freya Bailey,Freya_Bailey9370@zorer.org,1911-10-16 07:36:43,30,7384
Erick Thorpe,Erick_Thorpe6484@dionrab.com,1964-01-26 12:43:13,30,7385
Leroy Thornton,Leroy_Thornton4203@corti.com,1995-12-06 13:19:07,95,7386
Esmeralda Palmer,Esmeralda_Palmer2167@atink.com,1999-02-27 22:29:03,19,7387
Summer Latham,Summer_Latham9680@jiman.org,1930-11-18 21:01:08,60,7388
ara Egerton,ara_Egerton7252@vetan.org,2000-06-25 22:17:26,99,7389
Elle Young,Elle_Young7920@ovock.tech,2018-08-06 07:05:29,32,7390
Ally Wright,Ally_Wright2096@muall.tech,1829-05-02 04:23:09,94,7391
Bob Martin,Bob_Martin6040@acrit.org,2009-01-03 18:45:35,38,7392
Cadence Vaughn,Cadence_Vaughn628@twace.org,1924-07-07 19:16:00,40,7393
Denis Summers,Denis_Summers9627@naiker.biz,1926-06-09 13:38:04,64,7394
Teagan Fall,Teagan_Fall5155@famism.biz,1890-12-22 17:52:26,19,7395
Kaylee Whitehouse,Kaylee_Whitehouse2466@jiman.org,1828-10-07 00:36:04,28,7396
Noah Knott,Noah_Knott8814@nimogy.biz,1841-03-24 00:13:48,85,7397
Cara Powell,Cara_Powell331@womeona.net,1877-11-10 12:31:00,81,7398
Cassandra Waterhouse,Cassandra_Waterhouse9946@deons.tech,1962-01-04 08:16:40,79,7399
Anthony Robinson,Anthony_Robinson9442@supunk.biz,1981-05-26 05:15:48,95,7400
Michael Niles,Michael_Niles6242@muall.tech,1827-03-05 19:26:41,99,7401
Camila Baker,Camila_Baker3118@supunk.biz,1864-09-12 01:22:47,98,7402
Samantha Pearce,Samantha_Pearce683@bretoux.com,1903-11-29 13:44:38,77,7403
Adela Mooney,Adela_Mooney681@elnee.tech,1858-10-16 20:12:20,22,7404
Cedrick Robinson,Cedrick_Robinson6935@eirey.tech,1822-06-29 07:14:32,31,7405
Denis Farrell,Denis_Farrell8460@tonsy.org,1946-01-30 22:00:18,36,7406
Maddison Clarke,Maddison_Clarke9788@bungar.biz,1861-09-03 18:31:52,34,7407
Hayden Yarlett,Hayden_Yarlett7478@sveldo.biz,1991-05-07 03:50:48,42,7408
Erin Norman,Erin_Norman4841@fuliss.net,1863-10-15 18:50:51,83,7409
Candace Warren,Candace_Warren1232@vetan.org,1974-06-22 02:35:44,21,7410
Sienna Jones,Sienna_Jones3536@hourpy.biz,1992-11-22 18:42:43,45,7411
Tony Clifford,Tony_Clifford106@atink.com,1838-05-10 20:19:57,76,7412
Tom Wilde,Tom_Wilde908@fuliss.net,1915-03-29 22:53:08,46,7413
Michael Dowson,Michael_Dowson7684@deons.tech,1872-08-01 22:49:39,29,7414
Percy King,Percy_King5355@bretoux.com,1831-06-26 15:52:57,60,7415
Emerald Gardner,Emerald_Gardner473@nickia.com,1874-10-31 03:15:20,46,7416
Mabel Morgan,Mabel_Morgan3837@gompie.com,2007-10-04 01:25:54,91,7417
Tyler Wilde,Tyler_Wilde8367@bretoux.com,1874-07-31 18:07:45,95,7418
Roger Emmett,Roger_Emmett6131@irrepsy.com,1820-06-18 21:02:06,84,7419
Anne Palmer,Anne_Palmer3126@eirey.tech,1923-05-17 12:43:56,48,7420
Megan Alcroft,Megan_Alcroft708@joiniaa.com,1984-04-02 02:46:43,50,7421
Payton Knight,Payton_Knight4009@grannar.com,1982-05-24 21:56:53,64,7422
Kieth Edwards,Kieth_Edwards1081@naiker.biz,1897-10-22 12:20:34,82,7423
Rhea Yard,Rhea_Yard4037@bungar.biz,1934-01-31 02:51:11,71,7424
Bridget Mills,Bridget_Mills7086@gmail.com,1839-09-16 05:05:45,53,7425
Benny Ingram,Benny_Ingram3893@gmail.com,1822-12-09 20:50:17,20,7426
Sydney Harrison,Sydney_Harrison9522@muall.tech,1895-10-23 19:05:27,97,7427
Leilani Rehman,Leilani_Rehman2574@nickia.com,1993-04-06 15:36:44,74,7428
Nick Bailey,Nick_Bailey1531@liret.org,1855-03-13 05:45:02,93,7429
Sasha Walker,Sasha_Walker1616@supunk.biz,1849-04-03 21:20:03,98,7430
Tony Jeffery,Tony_Jeffery7960@bauros.biz,1918-08-11 18:33:42,59,7431
Mark Terry,Mark_Terry6053@zorer.org,1978-08-31 03:02:42,57,7432
Henry Hamilton,Henry_Hamilton5368@bretoux.com,1905-07-28 11:36:50,61,7433
Jennifer Rosenbloom,Jennifer_Rosenbloom7633@kideod.biz,1825-07-27 19:46:23,78,7434
Ron Hewitt,Ron_Hewitt5357@vetan.org,1893-06-12 03:57:17,67,7435
Bethany Fleming,Bethany_Fleming5725@qater.org,1853-11-04 01:05:28,44,7436
Hank Connor,Hank_Connor1825@mafthy.com,2016-07-04 16:20:09,87,7437
Jasmine Noon,Jasmine_Noon9942@sveldo.biz,1911-03-07 00:30:54,95,7438
Rufus Anderson,Rufus_Anderson2595@gompie.com,1820-07-28 16:58:53,40,7439
Madison Dyson,Madison_Dyson857@brety.org,1859-11-25 22:51:55,69,7440
Norah Samuel,Norah_Samuel4477@muall.tech,1936-07-20 06:37:27,50,7441
Keira Silva,Keira_Silva5285@famism.biz,1918-10-11 19:26:36,66,7442
Boris Carter,Boris_Carter8912@bulaffy.com,1862-05-04 01:32:15,92,7443
Tony Andrews,Tony_Andrews3065@bretoux.com,1911-12-15 15:51:35,98,7444
Roger Donnelly,Roger_Donnelly5082@twace.org,1893-12-09 13:45:02,37,7445
Cassidy Page ,Cassidy_Page 3582@acrit.org,2000-10-22 08:54:32,54,7446
Sofia Mcgregor,Sofia_Mcgregor5690@bulaffy.com,1824-03-17 00:50:12,66,7447
Aileen Thomson,Aileen_Thomson6420@zorer.org,1856-09-09 04:54:45,62,7448
Nicholas Rogers,Nicholas_Rogers226@gompie.com,2014-09-30 20:12:55,51,7449
Enoch Middleton,Enoch_Middleton1703@corti.com,2018-11-07 16:56:35,26,7450
Julian Robinson,Julian_Robinson4408@kideod.biz,1888-05-25 15:36:29,32,7451
Chad Hepburn,Chad_Hepburn66@typill.biz,1857-01-23 04:20:58,95,7452
Kurt Holmes,Kurt_Holmes8033@cispeto.com,1825-07-27 15:39:09,89,7453
Brad Henderson,Brad_Henderson6696@nanoff.biz,2000-06-16 17:04:34,36,7454
Jessica Oliver,Jessica_Oliver7695@brety.org,1947-02-02 14:18:21,42,7455
Paige Lunt,Paige_Lunt6544@ovock.tech,1934-05-19 18:44:54,52,7456
Marie aoui,Marie_aoui6189@deavo.com,1904-10-30 02:28:49,92,7457
Bridget Matthews,Bridget_Matthews7693@muall.tech,1997-01-14 01:08:04,90,7458
Nate Richardson,Nate_Richardson8545@deons.tech,1839-04-05 07:39:41,67,7459
Kieth Rainford,Kieth_Rainford1625@grannar.com,1878-03-07 18:05:03,42,7460
Charlize Edwards,Charlize_Edwards4457@zorer.org,1946-08-17 13:10:00,24,7461
Cynthia Sylvester,Cynthia_Sylvester508@fuliss.net,1886-05-22 15:35:30,68,7462
Jack Rehman,Jack_Rehman2306@hourpy.biz,1908-01-16 00:35:12,47,7463
Chuck Price,Chuck_Price7754@gmail.com,1874-10-02 19:51:58,56,7464
Tony Jackson,Tony_Jackson6364@sveldo.biz,1900-06-17 07:05:09,36,7465
Hadley Norton,Hadley_Norton4387@tonsy.org,1835-12-31 08:15:36,53,7466
Julia Exton,Julia_Exton6522@extex.org,1923-05-30 13:53:40,78,7467
Clarissa Gardner,Clarissa_Gardner538@twace.org,2016-04-06 17:07:07,53,7468
Noah Bradshaw,Noah_Bradshaw9884@sheye.org,1997-09-23 09:37:34,41,7469
Oliver Edler,Oliver_Edler5534@hourpy.biz,1917-12-03 03:00:37,66,7470
Luke Wood,Luke_Wood4146@bauros.biz,1973-05-26 13:30:18,35,7471
Wade Vass,Wade_Vass1841@bretoux.com,1964-12-06 12:57:52,26,7472
Nancy Phillips,Nancy_Phillips4061@hourpy.biz,1994-12-30 13:03:12,70,7473
Sydney Roberts,Sydney_Roberts5260@iatim.tech,1962-04-16 11:02:13,99,7474
Isabella Pratt,Isabella_Pratt3681@infotech44.tech,1956-02-29 10:03:14,27,7475
Macy Campbell,Macy_Campbell5381@corti.com,1989-02-09 02:58:34,90,7476
Rufus Holt,Rufus_Holt6682@supunk.biz,1931-01-20 16:35:32,67,7477
Evie Dixon,Evie_Dixon8918@naiker.biz,1867-12-07 14:56:25,30,7478
Clint Calderwood,Clint_Calderwood1033@deavo.com,1947-07-13 14:56:02,82,7479
Vera Darcy,Vera_Darcy3565@typill.biz,1980-06-26 13:39:57,52,7480
Manuel Rogers,Manuel_Rogers6445@guentu.biz,1904-09-15 10:13:43,37,7481
Elena Fox,Elena_Fox4328@irrepsy.com,1955-09-02 15:11:56,80,7482
Mike Rosenbloom,Mike_Rosenbloom7675@extex.org,1962-07-23 01:22:04,99,7483
Anthony Mcgee,Anthony_Mcgee78@gembat.biz,1931-05-27 22:10:12,41,7484
Molly Johnson,Molly_Johnson8030@gompie.com,1915-11-10 21:01:52,29,7485
Sabina Weldon,Sabina_Weldon2107@corti.com,1851-08-11 06:43:39,33,7486
Deborah Hepburn,Deborah_Hepburn7476@gompie.com,1872-04-09 03:32:13,93,7487
Erica Mitchell,Erica_Mitchell6799@gompie.com,1926-11-21 13:44:11,59,7488
Robyn Young,Robyn_Young9471@guentu.biz,1880-07-14 05:45:30,22,7489
Leroy Freeburn,Leroy_Freeburn225@bungar.biz,1849-10-26 05:27:13,43,7490
Eryn Rigg,Eryn_Rigg9703@kideod.biz,1940-10-02 08:01:38,97,7491
Caleb Amstead,Caleb_Amstead1567@joiniaa.com,1883-02-09 12:12:51,40,7492
Nathan Hardwick,Nathan_Hardwick1677@muall.tech,1905-08-19 22:57:44,52,7493
Cecilia Summers,Cecilia_Summers8922@tonsy.org,1898-03-16 05:31:28,41,7494
Alan Rodwell,Alan_Rodwell5461@irrepsy.com,1967-09-15 16:21:35,68,7495
Estrella Evans,Estrella_Evans9533@bretoux.com,2006-04-21 07:37:18,20,7496
Domenic Pope,Domenic_Pope2314@nickia.com,1914-03-19 22:38:57,20,7497
Matt Sherwood,Matt_Sherwood5842@acrit.org,1973-01-06 06:29:40,92,7498
Vivian Fields,Vivian_Fields1431@typill.biz,1872-01-31 11:34:34,39,7499
Chloe Moss,Chloe_Moss4619@nickia.com,1926-10-10 22:52:51,18,7500
Tyler Villiger,Tyler_Villiger5821@grannar.com,1936-05-08 07:00:35,62,7501
Alexander Walker,Alexander_Walker4063@bretoux.com,2014-05-05 00:07:24,51,7502
Makena Michael,Makena_Michael7122@infotech44.tech,1909-09-07 18:14:53,84,7503
Sylvia Townend,Sylvia_Townend6902@nanoff.biz,1953-05-05 05:46:35,37,7504
Michelle Howard,Michelle_Howard408@mafthy.com,1865-07-10 15:47:08,75,7505
Ema Griffiths,Ema_Griffiths4602@famism.biz,1885-06-16 22:39:36,26,7506
Valentina Corbett,Valentina_Corbett7954@bauros.biz,1878-01-26 04:14:13,70,7507
Sebastian Walsh,Sebastian_Walsh1747@irrepsy.com,1910-11-21 10:01:06,79,7508
Ronald Campbell,Ronald_Campbell2051@bretoux.com,2009-03-04 20:09:37,87,7509
Keira Varndell,Keira_Varndell4971@irrepsy.com,1994-09-19 09:10:17,43,7510
Chad Stark,Chad_Stark5055@extex.org,1870-07-16 07:17:58,67,7511
Anthony Pearson,Anthony_Pearson8685@ubusive.com,1974-04-23 22:52:28,84,7512
Estrella Hancock,Estrella_Hancock3859@infotech44.tech,1850-07-08 01:01:41,67,7513
Alessandra Kennedy,Alessandra_Kennedy8122@brety.org,1884-07-31 09:35:13,23,7514
Harry Butler,Harry_Butler428@infotech44.tech,1964-04-03 00:17:09,75,7515
Rufus Knight,Rufus_Knight4797@bulaffy.com,2018-04-10 19:10:31,86,7516
Stacy Shaw,Stacy_Shaw3818@grannar.com,1942-10-22 05:44:08,19,7517
Paige Flynn,Paige_Flynn4193@tonsy.org,1979-12-24 19:33:24,38,7518
Stephanie Ballard,Stephanie_Ballard121@nimogy.biz,1931-03-06 13:15:52,77,7519
Sebastian Lindsay,Sebastian_Lindsay3899@guentu.biz,1886-05-27 22:47:29,47,7520
Rosemary Reynolds,Rosemary_Reynolds1418@acrit.org,1927-05-08 18:16:17,27,7521
Katelyn Matthews,Katelyn_Matthews2898@nimogy.biz,1899-09-17 09:34:40,99,7522
Davina Harvey,Davina_Harvey4170@womeona.net,1838-08-06 07:16:31,88,7523
Deborah Russell,Deborah_Russell645@bauros.biz,1994-09-01 14:42:38,31,7524
Daron Horton,Daron_Horton7813@mafthy.com,1861-12-08 11:45:41,58,7525
Luke Harrington,Luke_Harrington5095@bretoux.com,1928-01-10 09:43:35,39,7526
Bob Alexander,Bob_Alexander4371@bretoux.com,1837-12-29 04:41:31,85,7527
Kamila Kelly,Kamila_Kelly5205@eirey.tech,1967-08-15 22:03:48,44,7528
Adeline Mason,Adeline_Mason355@ovock.tech,1896-12-18 21:32:44,35,7529
Hannah Carpenter,Hannah_Carpenter3854@ovock.tech,1858-10-11 12:31:27,59,7530
Courtney Brooks,Courtney_Brooks8722@deavo.com,1863-04-24 11:35:14,65,7531
Denny Jefferson,Denny_Jefferson2827@muall.tech,1955-08-12 21:41:28,94,7532
Carla Downing,Carla_Downing3296@gmail.com,1998-04-07 13:32:34,23,7533
Nick Varley,Nick_Varley3190@ubusive.com,1986-06-30 07:42:18,78,7534
Noemi Swan,Noemi_Swan1649@nickia.com,1840-10-19 22:49:42,39,7535
Denis Nurton,Denis_Nurton5292@acrit.org,1886-07-19 18:52:29,86,7536
Tom Moore,Tom_Moore1817@joiniaa.com,1835-08-28 17:35:56,85,7537
Peyton James,Peyton_James7551@yahoo.com,1984-01-24 08:46:39,39,7538
Lauren Tindall,Lauren_Tindall3132@hourpy.biz,1887-04-19 09:04:57,18,7539
Tyson Donovan,Tyson_Donovan4864@deons.tech,2011-01-13 07:07:45,66,7540
Mina Reyes,Mina_Reyes9001@bulaffy.com,1823-08-08 10:16:28,61,7541
Estrella Graves,Estrella_Graves2344@bulaffy.com,2001-06-20 02:41:21,23,7542
Ron Fleming,Ron_Fleming9481@hourpy.biz,2007-09-27 00:53:39,25,7543
Megan Shelton,Megan_Shelton696@bulaffy.com,1928-02-12 19:54:23,84,7544
Marvin Price,Marvin_Price4370@yahoo.com,2014-06-18 04:57:33,33,7545
Rick Moran,Rick_Moran6967@ovock.tech,1956-04-10 17:55:04,97,7546
Michael Scott,Michael_Scott4051@yahoo.com,1966-09-05 00:09:18,48,7547
Dorothy Wigley,Dorothy_Wigley5510@tonsy.org,1921-10-03 02:11:54,87,7548
Sabrina Pratt,Sabrina_Pratt4755@eirey.tech,1997-05-26 10:19:07,37,7549
Noah Coll,Noah_Coll4337@typill.biz,1887-08-10 11:10:23,42,7550
Matt Newman,Matt_Newman1994@twace.org,1943-09-13 07:12:30,53,7551
Benny Chadwick,Benny_Chadwick2269@gembat.biz,2014-11-28 04:08:08,30,7552
Cynthia Gates,Cynthia_Gates855@mafthy.com,1849-11-13 08:51:44,87,7553
Daniel Healy,Daniel_Healy6173@guentu.biz,1967-01-16 08:07:20,70,7554
Brad Allwood,Brad_Allwood6911@muall.tech,1864-04-19 20:36:12,86,7555
Jacob Rodgers,Jacob_Rodgers2572@famism.biz,1876-09-02 22:33:35,98,7556
Chad Ellison,Chad_Ellison6628@kideod.biz,1955-04-20 17:23:19,57,7557
Henry Pond,Henry_Pond5041@gompie.com,2018-02-23 19:20:25,48,7558
Lily Edley,Lily_Edley9157@brety.org,1942-08-24 20:31:33,67,7559
Hailey Blackwall,Hailey_Blackwall3622@supunk.biz,1844-07-09 18:09:14,97,7560
Claire Wright,Claire_Wright7275@liret.org,1829-04-30 13:31:40,22,7561
Adina Seymour,Adina_Seymour2404@brety.org,1916-11-01 18:32:55,86,7562
ara Wilcox,ara_Wilcox7275@brety.org,1982-05-09 12:25:06,55,7563
Danny Wright,Danny_Wright4663@bungar.biz,1975-10-05 11:54:40,73,7564
Florence Broomfield,Florence_Broomfield5154@tonsy.org,1845-01-02 15:16:37,93,7565
Leroy Durrant,Leroy_Durrant4026@nanoff.biz,1856-08-21 14:32:58,52,7566
Tony Lynn,Tony_Lynn2228@zorer.org,1962-08-31 12:39:18,95,7567
Maria Carson,Maria_Carson2564@typill.biz,1907-12-27 09:18:31,67,7568
Quinn Gallacher,Quinn_Gallacher1896@twace.org,2007-03-04 11:41:16,79,7569
Tom Brooks,Tom_Brooks2691@tonsy.org,2000-11-16 21:36:38,57,7570
Aleksandra Williams,Aleksandra_Williams6924@bungar.biz,1910-03-09 09:56:35,78,7571
Ada Cooper,Ada_Cooper3858@jiman.org,1863-12-11 07:13:05,94,7572
Rocco Ranks,Rocco_Ranks5566@hourpy.biz,1831-02-18 21:34:03,91,7573
Mike Spencer,Mike_Spencer590@fuliss.net,1854-02-22 06:06:15,74,7574
Caleb Corbett,Caleb_Corbett5445@infotech44.tech,1978-12-25 21:32:00,97,7575
Danny Butler,Danny_Butler7102@eirey.tech,1976-03-02 13:24:51,89,7576
Erick Douglas,Erick_Douglas7024@liret.org,2017-07-16 15:56:22,25,7577
Wade Alcroft,Wade_Alcroft4035@supunk.biz,1958-09-11 16:49:34,20,7578
Lucas Rogers,Lucas_Rogers914@ubusive.com,1981-03-09 05:56:47,37,7579
Liam Willson,Liam_Willson4001@tonsy.org,1968-06-10 14:23:18,99,7580
Priscilla Khan,Priscilla_Khan9082@famism.biz,1888-04-02 16:07:18,64,7581
Abdul Hooper,Abdul_Hooper8449@bauros.biz,1840-09-03 04:47:21,53,7582
Tess Burge,Tess_Burge1436@womeona.net,1829-01-30 22:33:13,71,7583
Mara Summers,Mara_Summers5829@guentu.biz,1848-05-03 05:40:02,99,7584
Percy Wright,Percy_Wright2350@nanoff.biz,1981-12-23 00:23:38,24,7585
Rocco Rust,Rocco_Rust8744@eirey.tech,1906-03-29 19:01:22,18,7586
Ethan Mann,Ethan_Mann6617@cispeto.com,1969-05-02 05:15:55,67,7587
Bob Matthews,Bob_Matthews3782@gmail.com,1943-06-09 01:53:57,77,7588
Oliver Waterson,Oliver_Waterson1421@twace.org,1866-03-03 06:38:19,56,7589
Barry Wigley,Barry_Wigley299@muall.tech,1999-03-01 04:58:42,52,7590
Courtney Wills,Courtney_Wills473@gembat.biz,2018-09-15 01:38:29,70,7591
Candice Hamilton,Candice_Hamilton6605@fuliss.net,1969-02-15 06:45:31,40,7592
Destiny Walker,Destiny_Walker4809@bretoux.com,1951-07-09 05:43:43,56,7593
Henry Mason,Henry_Mason5480@atink.com,1866-05-24 03:50:54,29,7594
Martin Burge,Martin_Burge6795@deons.tech,1897-10-03 03:37:01,92,7595
Leanne Brown,Leanne_Brown4470@infotech44.tech,1822-05-11 19:56:44,63,7596
Aisha Preston,Aisha_Preston361@liret.org,1880-03-17 16:29:30,81,7597
Lucas Walton,Lucas_Walton3977@sveldo.biz,1984-08-23 09:15:22,92,7598
Andrea Knight,Andrea_Knight8296@qater.org,2012-10-06 14:43:34,28,7599
Elijah Rogan,Elijah_Rogan3705@supunk.biz,1987-12-10 16:06:25,83,7600
Evelynn Harrington,Evelynn_Harrington2563@ubusive.com,1866-06-23 13:03:19,30,7601
Logan Robinson,Logan_Robinson8336@dionrab.com,1851-09-05 14:05:11,40,7602
Aileen Ward,Aileen_Ward3903@supunk.biz,1896-10-13 06:27:00,40,7603
Daron Samuel,Daron_Samuel5902@eirey.tech,1987-10-15 11:26:30,68,7604
Keira Woodley,Keira_Woodley4328@grannar.com,1980-08-17 14:16:18,36,7605
Mary Preston,Mary_Preston1629@twace.org,1952-09-24 16:42:51,94,7606
Tony Yarlett,Tony_Yarlett565@famism.biz,1876-11-03 17:58:33,36,7607
Abbey Bailey,Abbey_Bailey5831@bulaffy.com,1840-09-14 13:28:50,65,7608
Liv Morris,Liv_Morris7915@famism.biz,1915-10-15 08:38:27,66,7609
Joseph Morgan,Joseph_Morgan5714@nickia.com,1864-08-30 12:20:23,39,7610
Owen Knight,Owen_Knight817@grannar.com,1830-02-24 01:19:14,19,7611
Elisabeth Thomas,Elisabeth_Thomas2894@tonsy.org,2008-12-15 22:14:58,64,7612
Carissa Freeburn,Carissa_Freeburn9769@twace.org,2004-06-10 13:00:54,75,7613
Alan Steer,Alan_Steer5905@grannar.com,1843-04-12 06:04:14,18,7614
Tyler Andrews,Tyler_Andrews4493@womeona.net,1991-06-22 20:17:22,77,7615
Mark Stewart,Mark_Stewart8244@gmail.com,2002-07-26 02:43:56,69,7616
Rosalie Sanchez,Rosalie_Sanchez5442@kideod.biz,1988-08-15 03:16:43,23,7617
Cedrick Chester,Cedrick_Chester9874@twace.org,1988-11-14 16:03:26,40,7618
Daron Gardner,Daron_Gardner1947@kideod.biz,1874-02-04 20:16:13,70,7619
Benny Alldridge,Benny_Alldridge6118@grannar.com,1898-06-12 14:51:58,73,7620
Harry Hopkins,Harry_Hopkins3216@dionrab.com,1890-03-14 06:21:40,60,7621
Gil Attwood,Gil_Attwood6876@mafthy.com,1852-02-03 09:13:05,33,7622
Michaela Russell,Michaela_Russell940@dionrab.com,1836-10-20 17:22:25,79,7623
Denis Nicolas,Denis_Nicolas7751@gompie.com,1910-11-27 17:17:07,26,7624
Cassidy Rogers,Cassidy_Rogers7039@kideod.biz,2005-12-18 06:25:01,50,7625
Francesca Stone,Francesca_Stone8049@brety.org,1987-11-07 12:27:14,99,7626
Karen Kelly,Karen_Kelly9419@bretoux.com,1891-11-07 22:29:07,29,7627
Britney Gilmour,Britney_Gilmour9872@gembat.biz,1908-11-10 06:21:38,30,7628
Penny Becker,Penny_Becker435@sheye.org,1980-03-18 01:15:03,77,7629
Jayden Cox,Jayden_Cox1255@womeona.net,1834-09-22 13:38:23,24,7630
Kurt Holt,Kurt_Holt8907@extex.org,1989-11-11 07:46:34,40,7631
Gwen Salt,Gwen_Salt901@gembat.biz,1867-02-19 12:52:09,60,7632
Fred Todd,Fred_Todd4039@gembat.biz,1845-02-05 01:57:26,29,7633
Margaret Morrison,Margaret_Morrison5693@gembat.biz,1820-07-04 00:27:03,94,7634
Parker Flynn,Parker_Flynn7747@nanoff.biz,1970-05-23 11:56:54,42,7635
Tess Osmond,Tess_Osmond8762@naiker.biz,1864-09-14 07:53:40,88,7636
Johnny Hill,Johnny_Hill4512@elnee.tech,2002-11-22 04:13:51,34,7637
Gil Harper,Gil_Harper2372@yahoo.com,1821-02-18 00:39:13,55,7638
David Cox,David_Cox1614@vetan.org,1850-12-19 03:05:45,99,7639
Lucy Veale,Lucy_Veale2039@atink.com,1853-12-20 21:13:20,39,7640
Sebastian Glynn,Sebastian_Glynn7217@deons.tech,1913-11-20 20:14:50,83,7641
Carol Lane,Carol_Lane2178@gembat.biz,1956-01-28 06:09:49,40,7642
Livia Ellison,Livia_Ellison8889@grannar.com,1834-06-02 06:36:05,87,7643
Harvey Talbot,Harvey_Talbot9746@bulaffy.com,1899-11-12 00:19:03,29,7644
Candice Farrant,Candice_Farrant9797@typill.biz,2016-07-03 10:34:58,56,7645
Bryce Richards,Bryce_Richards790@cispeto.com,1905-08-28 17:11:10,20,7646
Harmony Hepburn,Harmony_Hepburn35@bauros.biz,1892-04-08 08:41:17,85,7647
Eduardo Uttley,Eduardo_Uttley7016@extex.org,1986-09-29 20:28:04,64,7648
Adelaide Olivier,Adelaide_Olivier6181@ovock.tech,1872-12-22 10:14:27,58,7649
Skylar Lynch,Skylar_Lynch399@ovock.tech,1823-09-21 17:13:13,55,7650
Abdul Walsh,Abdul_Walsh1690@typill.biz,2012-08-17 15:40:04,73,7651
Mark Carpenter,Mark_Carpenter6095@joiniaa.com,1920-12-05 14:31:02,57,7652
Percy Plant,Percy_Plant8073@gembat.biz,1989-08-15 17:03:44,98,7653
Phillip Vangness,Phillip_Vangness6252@bungar.biz,1989-06-19 09:27:47,99,7654
Cristal Redwood,Cristal_Redwood7922@ovock.tech,1884-07-20 16:32:36,54,7655
Sonya Poulton,Sonya_Poulton7556@womeona.net,1923-01-07 12:27:57,96,7656
Benjamin Ward,Benjamin_Ward1020@vetan.org,1998-07-06 01:29:39,64,7657
Javier Maxwell,Javier_Maxwell545@bulaffy.com,1853-06-09 21:25:50,90,7658
Wade Murphy,Wade_Murphy3156@mafthy.com,1987-03-01 10:29:05,52,7659
Tom Gordon,Tom_Gordon8503@typill.biz,2011-09-05 19:03:10,22,7660
Crystal Lane,Crystal_Lane538@acrit.org,1865-12-09 11:07:50,47,7661
Savannah Hunter,Savannah_Hunter859@typill.biz,2011-03-27 04:35:30,81,7662
Diane Addley,Diane_Addley2431@jiman.org,1848-02-23 15:51:14,95,7663
Mabel Hudson,Mabel_Hudson8001@vetan.org,2009-10-21 08:22:56,47,7664
Nate Wood,Nate_Wood7304@zorer.org,1861-09-23 07:24:02,88,7665
Vanessa Amstead,Vanessa_Amstead4059@iatim.tech,1963-09-30 18:37:46,35,7666
Martin Doherty,Martin_Doherty9076@yahoo.com,1952-11-04 19:47:28,88,7667
Kurt Turner,Kurt_Turner1505@kideod.biz,1835-10-15 21:39:22,22,7668
Leroy Whatson,Leroy_Whatson3872@nanoff.biz,1841-01-24 08:49:09,91,7669
Fred Bradley,Fred_Bradley7423@typill.biz,1958-09-24 10:43:41,34,7670
Amelia Morris,Amelia_Morris1738@eirey.tech,2014-12-27 13:23:56,64,7671
Rachael Newton,Rachael_Newton7360@joiniaa.com,1881-03-31 18:29:43,94,7672
Ronald Wellington,Ronald_Wellington5854@brety.org,1998-07-01 04:53:20,80,7673
Alexia Asher,Alexia_Asher1702@nimogy.biz,1876-01-12 07:38:07,34,7674
Anthony Underhill,Anthony_Underhill6003@deons.tech,1822-09-16 10:50:19,58,7675
Cassandra Vallins,Cassandra_Vallins7657@guentu.biz,1891-10-06 20:20:26,47,7676
Ron Watson,Ron_Watson1971@ovock.tech,1943-02-10 03:05:02,29,7677
Tony Wheeler,Tony_Wheeler5339@joiniaa.com,1890-10-15 02:02:29,76,7678
Sarah Saunders,Sarah_Saunders8525@zorer.org,1951-05-20 04:12:16,45,7679
Chuck Eagle,Chuck_Eagle7731@elnee.tech,1989-12-30 21:40:38,57,7680
Tara Allwood,Tara_Allwood1919@cispeto.com,1971-01-27 13:27:21,62,7681
Rocco Cavanagh,Rocco_Cavanagh7450@bungar.biz,1903-08-23 02:11:19,41,7682
Anthony Samuel,Anthony_Samuel6981@brety.org,1821-03-13 21:34:05,63,7683
Makena Warner,Makena_Warner146@qater.org,1835-04-02 12:22:19,27,7684
Mya Harvey,Mya_Harvey7312@deons.tech,1935-07-18 02:27:50,19,7685
Julian Becker,Julian_Becker3677@famism.biz,1999-11-28 12:07:27,60,7686
Matt Avery,Matt_Avery7987@sveldo.biz,1986-10-02 09:49:52,87,7687
Fred Yarwood,Fred_Yarwood2172@liret.org,1959-11-16 02:04:35,30,7688
Nick Kennedy,Nick_Kennedy818@typill.biz,1963-11-24 01:01:56,96,7689
Luke Callan,Luke_Callan8237@twipet.com,1828-07-27 08:02:36,39,7690
Jayden Robinson,Jayden_Robinson9981@twace.org,1827-08-07 19:08:07,47,7691
Rosalyn Lomax,Rosalyn_Lomax3004@iatim.tech,1890-12-08 06:16:58,49,7692
Luke Lane,Luke_Lane9275@ubusive.com,1914-09-25 18:01:54,33,7693
Alison Allcott,Alison_Allcott3430@fuliss.net,1940-03-20 20:43:55,81,7694
Karen Underhill,Karen_Underhill6026@nanoff.biz,1833-03-05 20:36:11,94,7695
Roger Russell,Roger_Russell2391@corti.com,1966-07-14 09:38:39,72,7696
Alexander Boden,Alexander_Boden9381@yahoo.com,1967-11-21 00:10:16,20,7697
Maya Pratt,Maya_Pratt2148@womeona.net,1995-08-04 11:16:44,39,7698
Marilyn Walton,Marilyn_Walton9871@elnee.tech,1870-07-20 22:12:50,41,7699
Mackenzie Rowlands,Mackenzie_Rowlands2856@womeona.net,1824-03-17 15:56:34,53,7700
Mya Vince,Mya_Vince1614@corti.com,1867-08-26 17:49:41,67,7701
Sage Needham,Sage_Needham4152@deons.tech,1838-01-19 22:13:30,81,7702
Mike Plumb,Mike_Plumb9970@hourpy.biz,1862-05-16 10:02:40,60,7703
Eden Ramsey,Eden_Ramsey3303@gembat.biz,1990-02-20 18:39:29,33,7704
Marvin Lomax,Marvin_Lomax2563@dionrab.com,1834-06-16 08:38:11,53,7705
Russel Wills,Russel_Wills8059@nimogy.biz,1874-10-26 09:20:19,40,7706
Tess Truscott,Tess_Truscott1879@joiniaa.com,1949-11-16 09:32:12,37,7707
Mara Garcia,Mara_Garcia3213@jiman.org,1939-06-27 06:03:54,80,7708
Harvey Hunt,Harvey_Hunt2530@corti.com,1968-11-13 02:52:37,94,7709
Elise Janes,Elise_Janes2356@joiniaa.com,1980-04-13 22:19:49,52,7710
Erick Ellwood,Erick_Ellwood9579@nanoff.biz,1962-01-29 16:07:31,25,7711
Chadwick Woods,Chadwick_Woods5606@elnee.tech,2012-01-24 19:53:41,72,7712
Bob Jefferson,Bob_Jefferson2854@typill.biz,1980-01-01 22:29:53,56,7713
Tom Moss,Tom_Moss4963@twace.org,1829-01-03 08:52:05,82,7714
Julia Thornton,Julia_Thornton5524@bungar.biz,1834-11-15 01:46:47,55,7715
Roger Jeffery,Roger_Jeffery1726@bulaffy.com,1841-09-27 20:08:08,48,7716
Alan Ianson,Alan_Ianson619@corti.com,1831-06-12 03:54:25,49,7717
Anthony Tindall,Anthony_Tindall9137@muall.tech,1924-12-03 04:21:21,78,7718
Ethan Sylvester,Ethan_Sylvester4419@womeona.net,1923-07-26 07:02:35,19,7719
Analise Baldwin,Analise_Baldwin7180@yahoo.com,1978-01-07 18:17:03,89,7720
Carl Stewart,Carl_Stewart4334@zorer.org,2018-01-07 06:42:30,49,7721
Bob Wise,Bob_Wise4186@iatim.tech,1934-05-05 12:45:31,97,7722
Percy Henderson,Percy_Henderson4218@liret.org,1892-01-27 05:05:51,88,7723
Kirsten Smith,Kirsten_Smith4834@typill.biz,1945-05-13 18:14:33,61,7724
Harry Addison,Harry_Addison2147@deons.tech,1943-12-04 09:18:05,56,7725
Marie Holmes,Marie_Holmes936@twace.org,1982-05-04 18:54:12,60,7726
Ethan Hooper,Ethan_Hooper6581@muall.tech,1829-10-02 05:18:35,99,7727
Daron Jenkins,Daron_Jenkins8@brety.org,1848-10-16 13:06:19,68,7728
Cedrick Walsh,Cedrick_Walsh4049@iatim.tech,1966-09-28 02:11:20,18,7729
Jackeline Farmer,Jackeline_Farmer440@sheye.org,1834-10-04 17:50:33,21,7730
Carissa Sherwood,Carissa_Sherwood1026@brety.org,2005-11-25 18:44:21,99,7731
Ivy Evans,Ivy_Evans5924@mafthy.com,1994-05-20 03:25:01,92,7732
William Adams,William_Adams6050@nanoff.biz,1992-04-02 06:09:13,71,7733
Boris Ryan,Boris_Ryan2940@liret.org,1982-10-15 04:52:40,75,7734
Sabina Whatson,Sabina_Whatson3593@naiker.biz,1852-04-11 06:26:26,91,7735
Jaylene Sloan,Jaylene_Sloan6651@sveldo.biz,1889-02-22 03:06:55,88,7736
Benjamin Thomson,Benjamin_Thomson7112@vetan.org,1915-12-01 03:17:21,81,7737
John Yates,John_Yates3297@infotech44.tech,1931-12-26 04:35:48,18,7738
Harvey Vane,Harvey_Vane3342@bauros.biz,1833-07-22 20:51:10,90,7739
Leilani Wilkinson,Leilani_Wilkinson8226@yahoo.com,1882-08-22 19:07:44,43,7740
Kieth Glynn,Kieth_Glynn6750@gembat.biz,1945-08-11 13:29:40,63,7741
George Nanton,George_Nanton9378@twipet.com,1988-11-10 20:11:56,62,7742
Leroy Ellery,Leroy_Ellery4727@twace.org,1942-07-12 07:54:17,72,7743
Rhea Harvey,Rhea_Harvey5073@infotech44.tech,1935-08-04 16:02:07,28,7744
Francesca Logan,Francesca_Logan6175@bauros.biz,1840-09-07 18:01:31,34,7745
Owen Khan,Owen_Khan2138@bauros.biz,1975-08-10 19:36:32,67,7746
Martin Craig,Martin_Craig329@qater.org,1833-05-01 16:46:56,76,7747
Michaela Latham,Michaela_Latham8263@famism.biz,1852-05-17 01:29:42,19,7748
Mark Wood,Mark_Wood925@jiman.org,1834-03-04 20:37:45,34,7749
Livia Whitehouse,Livia_Whitehouse5196@typill.biz,1992-10-18 04:08:45,73,7750
Angela Cox,Angela_Cox8081@deons.tech,1926-05-04 13:20:10,65,7751
Denny Reyes,Denny_Reyes5309@sheye.org,1823-02-04 05:06:45,81,7752
Alba Moore,Alba_Moore7660@fuliss.net,2019-08-04 08:32:00,32,7753
Celia Roscoe,Celia_Roscoe461@iatim.tech,1986-01-11 05:35:00,77,7754
Benny Farrell,Benny_Farrell1858@corti.com,1891-06-08 05:56:43,84,7755
Roger Franks,Roger_Franks36@womeona.net,1885-02-12 22:17:47,25,7756
Gabriel Denton,Gabriel_Denton9935@iatim.tech,1978-10-19 14:49:53,95,7757
Margaret Huggins,Margaret_Huggins422@twipet.com,1937-08-28 14:49:16,71,7758
Tyson May,Tyson_May2008@grannar.com,1995-05-02 12:42:30,42,7759
Anthony Veale,Anthony_Veale9166@mafthy.com,1912-05-15 05:27:33,75,7760
Lara Verdon,Lara_Verdon7982@yahoo.com,2017-11-14 22:19:42,95,7761
Cherish Baker,Cherish_Baker1477@ubusive.com,1964-07-23 05:07:26,79,7762
Mabel Jackson,Mabel_Jackson6023@deons.tech,1984-09-18 19:11:27,85,7763
Elena Ainsworth,Elena_Ainsworth5783@bungar.biz,1896-11-02 08:00:09,64,7764
Valerie Cooper,Valerie_Cooper5798@mafthy.com,1959-10-29 21:38:35,88,7765
Margot Shelton,Margot_Shelton8169@kideod.biz,1987-07-05 01:26:41,35,7766
Mike Faulkner,Mike_Faulkner8969@mafthy.com,1934-09-14 20:25:13,95,7767
Barry Morrison,Barry_Morrison8779@qater.org,1831-06-24 20:43:00,51,7768
Elijah Evans,Elijah_Evans5953@mafthy.com,1870-11-12 02:26:08,25,7769
Emma Thorpe,Emma_Thorpe9556@elnee.tech,1843-12-09 07:06:58,19,7770
Michelle Tate,Michelle_Tate6553@cispeto.com,1823-11-11 03:08:57,49,7771
Johnny Carter,Johnny_Carter2956@ubusive.com,2008-07-14 04:16:18,45,7772
Mona Wigley,Mona_Wigley1400@iatim.tech,1904-11-24 20:00:26,77,7773
Stephanie Bingham,Stephanie_Bingham9959@mafthy.com,1896-08-02 17:55:04,64,7774
Maggie Weasley,Maggie_Weasley7482@twace.org,2019-08-31 11:00:37,57,7775
Andie Graham,Andie_Graham6569@gompie.com,1897-04-10 04:16:02,25,7776
Carl Knight,Carl_Knight2400@muall.tech,1854-11-05 13:25:41,95,7777
Sebastian Goldsmith,Sebastian_Goldsmith7380@gembat.biz,1917-10-09 21:32:00,69,7778
Mabel Penn,Mabel_Penn9721@naiker.biz,1959-09-27 22:05:25,34,7779
Martha Mann,Martha_Mann9854@irrepsy.com,2019-06-23 06:14:05,97,7780
Bart Dyson,Bart_Dyson6805@ubusive.com,1958-09-29 19:03:25,24,7781
Caitlyn Skinner,Caitlyn_Skinner4089@atink.com,1862-07-27 17:42:26,96,7782
Ruby Grant,Ruby_Grant5049@sheye.org,1952-06-16 07:12:16,36,7783
Hanna Thomas,Hanna_Thomas365@gembat.biz,1997-08-23 13:41:38,26,7784
Noah Davies,Noah_Davies3586@sheye.org,1925-05-22 05:29:48,38,7785
Diane Rigg,Diane_Rigg1390@sheye.org,2009-06-11 00:47:53,72,7786
Rose Irwin,Rose_Irwin2189@zorer.org,1965-07-28 04:14:12,40,7787
Andie Glass,Andie_Glass3394@deons.tech,1878-03-28 19:38:43,38,7788
Susan Warner,Susan_Warner227@infotech44.tech,1951-10-03 20:18:15,38,7789
Kurt Ellis,Kurt_Ellis9881@bauros.biz,1869-12-20 02:25:29,21,7790
Ramon Nanton,Ramon_Nanton5530@iatim.tech,1863-11-04 11:27:02,57,7791
Molly Milner,Molly_Milner6661@liret.org,1925-04-13 05:45:14,34,7792
Bree Howard,Bree_Howard9526@elnee.tech,1985-08-15 05:04:35,87,7793
Domenic Hepburn,Domenic_Hepburn6937@bulaffy.com,1911-12-05 12:49:22,79,7794
Alessia Marshall,Alessia_Marshall7913@twace.org,1910-05-14 16:07:45,36,7795
Denny Crawford,Denny_Crawford2877@liret.org,1910-01-16 00:19:07,84,7796
Lorraine Reid,Lorraine_Reid2003@bretoux.com,1965-08-10 05:21:44,80,7797
Nathan Gray,Nathan_Gray5035@yahoo.com,1892-07-22 14:10:48,98,7798
Kendra Quinn,Kendra_Quinn3716@hourpy.biz,1983-08-01 04:51:27,56,7799
Elijah Vane,Elijah_Vane5814@sheye.org,1974-08-11 13:04:28,51,7800
Denny Ashley,Denny_Ashley9983@eirey.tech,1948-08-19 22:39:14,89,7801
Clarissa Malone,Clarissa_Malone1450@deavo.com,1990-04-14 01:29:22,58,7802
Mina Umney,Mina_Umney2813@bretoux.com,1975-11-19 15:46:42,39,7803
Kaylee Ramsey,Kaylee_Ramsey4051@sheye.org,1967-10-11 17:18:07,32,7804
Bob Hunter,Bob_Hunter5978@iatim.tech,1944-10-12 15:33:51,94,7805
Barney Walter,Barney_Walter9897@guentu.biz,1986-09-02 10:05:40,55,7806
Natalie Lunt,Natalie_Lunt9898@deons.tech,1880-08-20 02:06:22,97,7807
Abdul Wheeler,Abdul_Wheeler2003@muall.tech,2016-06-24 17:18:38,74,7808
Margot Uddin,Margot_Uddin7962@gompie.com,1955-07-03 19:41:30,95,7809
Phillip Lee,Phillip_Lee6688@gembat.biz,1952-08-11 13:36:29,44,7810
Eden Norman,Eden_Norman8966@hourpy.biz,2004-12-10 16:28:19,93,7811
Marvin Wills,Marvin_Wills9867@gmail.com,1995-03-04 05:09:24,52,7812
Faith Cadman,Faith_Cadman4342@nimogy.biz,1910-11-17 02:40:58,99,7813
Bridget Casey,Bridget_Casey3243@gembat.biz,1926-09-17 20:01:57,71,7814
Denny Judd,Denny_Judd5928@zorer.org,1846-08-26 04:38:17,45,7815
Tyson Craig,Tyson_Craig817@zorer.org,1834-09-08 21:44:12,48,7816
Angelique Owen,Angelique_Owen3459@cispeto.com,2005-01-04 07:06:46,86,7817
Analise Logan,Analise_Logan7602@irrepsy.com,1840-01-01 01:00:33,64,7818
Peter Evans,Peter_Evans6602@mafthy.com,2014-12-21 21:42:26,28,7819
Elena Savage,Elena_Savage5982@qater.org,2000-01-30 19:01:04,95,7820
Barney Addis,Barney_Addis4666@gmail.com,1856-11-30 05:26:35,81,7821
Eduardo Patel,Eduardo_Patel6420@twace.org,1884-05-12 14:49:44,62,7822
Benjamin Paterson,Benjamin_Paterson6536@eirey.tech,1986-07-11 09:34:53,65,7823
Ember Stubbs,Ember_Stubbs6104@sheye.org,1850-10-09 14:54:17,50,7824
Rowan Carpenter,Rowan_Carpenter6748@sveldo.biz,1947-08-17 21:10:27,62,7825
Gabriel Dunbar,Gabriel_Dunbar5311@infotech44.tech,1852-11-06 09:12:12,61,7826
Phillip Amstead,Phillip_Amstead208@womeona.net,2019-08-01 22:34:51,98,7827
Jenna Andersson,Jenna_Andersson3602@typill.biz,1920-06-07 11:58:32,69,7828
Jocelyn Harrington,Jocelyn_Harrington3649@ubusive.com,1863-11-29 17:24:38,68,7829
Domenic Oliver,Domenic_Oliver7673@vetan.org,1835-12-15 21:05:08,27,7830
Sarah Quinn,Sarah_Quinn4907@hourpy.biz,1924-02-17 11:53:42,55,7831
Mona Jackson,Mona_Jackson5839@muall.tech,1933-08-24 12:10:40,44,7832
Naomi Widdows,Naomi_Widdows2521@eirey.tech,1882-12-21 00:45:43,78,7833
Lorraine Egerton,Lorraine_Egerton4301@extex.org,1928-09-17 20:37:31,84,7834
Jane Walter,Jane_Walter1855@ovock.tech,1879-08-24 16:07:07,22,7835
Abdul Drew,Abdul_Drew8193@guentu.biz,1829-07-16 09:03:14,60,7836
Fred Morris,Fred_Morris9838@bulaffy.com,1871-07-20 13:14:35,26,7837
Noah Griffiths,Noah_Griffiths8699@mafthy.com,1895-05-01 20:44:17,96,7838
Liam Wright,Liam_Wright6890@tonsy.org,1979-05-26 22:02:32,95,7839
Susan Brown,Susan_Brown222@bretoux.com,1824-11-21 16:41:16,75,7840
Rowan Butler,Rowan_Butler284@supunk.biz,1946-12-18 02:32:13,59,7841
Owen Forester,Owen_Forester2870@bungar.biz,1946-02-23 01:27:46,27,7842
Michael Stevens,Michael_Stevens6558@infotech44.tech,1986-10-08 12:36:33,64,7843
Camden Connell,Camden_Connell5984@liret.org,1839-04-26 07:36:17,63,7844
Hope Gallacher,Hope_Gallacher447@naiker.biz,1917-05-27 01:05:05,73,7845
Analise Daniells,Analise_Daniells1706@elnee.tech,1855-07-31 18:51:03,63,7846
Martha Simpson,Martha_Simpson6727@hourpy.biz,2010-09-03 03:09:03,86,7847
Russel Eastwood,Russel_Eastwood2305@elnee.tech,1984-03-20 17:37:50,57,7848
Tyson Eaton,Tyson_Eaton8811@vetan.org,1910-08-26 06:18:09,22,7849
Rosalyn Cameron,Rosalyn_Cameron7491@kideod.biz,1855-09-25 10:07:12,87,7850
Emmanuelle Hardwick,Emmanuelle_Hardwick2557@supunk.biz,1920-10-26 01:40:43,68,7851
Cara Utterson,Cara_Utterson5854@naiker.biz,1957-12-19 22:05:03,48,7852
Candace Owen,Candace_Owen9926@grannar.com,1984-11-21 20:24:46,39,7853
Tiffany Shields,Tiffany_Shields155@nanoff.biz,1993-08-31 08:16:28,26,7854
Willow Purvis,Willow_Purvis5510@iatim.tech,1847-07-28 10:56:56,80,7855
Chadwick Hewitt,Chadwick_Hewitt8387@nanoff.biz,1909-04-04 20:03:42,64,7856
Martin Grey,Martin_Grey4782@eirey.tech,1983-10-09 16:00:24,93,7857
Adelaide James,Adelaide_James9595@extex.org,1836-04-28 06:26:21,51,7858
Helen Thompson,Helen_Thompson189@famism.biz,2018-08-14 12:34:49,77,7859
Jaylene Robinson,Jaylene_Robinson9149@cispeto.com,1971-12-19 15:05:17,84,7860
Jack Simpson,Jack_Simpson366@kideod.biz,1922-08-03 17:06:50,25,7861
Chad Stevens,Chad_Stevens3062@tonsy.org,1953-06-28 04:52:25,40,7862
Marvin Morris,Marvin_Morris6950@ovock.tech,2018-12-05 03:41:26,36,7863
Rihanna Morris,Rihanna_Morris5568@fuliss.net,2008-04-25 08:24:33,62,7864
Russel Roscoe,Russel_Roscoe7518@gompie.com,1926-05-12 14:15:42,86,7865
Erick Appleton,Erick_Appleton231@grannar.com,1873-06-11 06:50:05,55,7866
Deborah Turner,Deborah_Turner6312@deavo.com,2008-07-01 06:07:18,38,7867
Sydney Hope,Sydney_Hope8873@yahoo.com,1982-07-18 09:24:07,52,7868
Josh Cassidy,Josh_Cassidy6157@muall.tech,1937-10-05 12:08:00,78,7869
Bob Morley,Bob_Morley1131@nanoff.biz,1858-07-28 18:05:02,70,7870
Aiden Miller,Aiden_Miller4686@gompie.com,1985-12-23 11:45:58,78,7871
Michaela Upsdell,Michaela_Upsdell6634@deons.tech,1919-03-03 01:01:58,27,7872
Bridget Alldridge,Bridget_Alldridge5699@mafthy.com,1968-11-07 09:11:42,86,7873
Daron Thornton,Daron_Thornton4827@nanoff.biz,1992-08-11 21:29:03,84,7874
Emerald Fall,Emerald_Fall2739@zorer.org,1978-05-30 18:39:01,73,7875
Amy Blythe,Amy_Blythe9357@liret.org,1841-07-26 08:22:51,85,7876
Josephine Mccall,Josephine_Mccall1601@brety.org,1930-06-12 11:14:28,37,7877
Benny Cassidy,Benny_Cassidy1716@fuliss.net,1947-02-02 00:50:40,83,7878
Boris Logan,Boris_Logan520@deavo.com,1866-12-10 04:24:14,23,7879
George Olivier,George_Olivier2348@joiniaa.com,1983-02-14 16:57:32,44,7880
Jazmin Logan,Jazmin_Logan7830@sveldo.biz,1930-09-05 18:55:54,67,7881
Bob Cork,Bob_Cork731@zorer.org,1955-01-11 02:00:26,58,7882
Dasha Grant,Dasha_Grant4238@bauros.biz,1821-11-04 21:43:45,34,7883
Matt Dyson,Matt_Dyson3632@womeona.net,1898-06-10 12:23:55,31,7884
Mackenzie Robertson,Mackenzie_Robertson6413@infotech44.tech,2010-10-07 19:32:21,77,7885
Hanna Marshall,Hanna_Marshall464@infotech44.tech,1857-10-10 12:44:01,26,7886
Alison Dickson,Alison_Dickson7177@nimogy.biz,1837-06-06 05:19:32,58,7887
Chanelle Power,Chanelle_Power2733@dionrab.com,1841-09-30 13:21:27,83,7888
Jacob Martin,Jacob_Martin390@corti.com,1863-01-05 11:15:23,45,7889
Kurt Judd,Kurt_Judd8396@grannar.com,1897-01-11 01:46:56,89,7890
Michael Jacobs,Michael_Jacobs8676@vetan.org,1823-06-25 14:15:58,88,7891
Natalie Wigley,Natalie_Wigley2312@infotech44.tech,1869-03-19 15:07:13,56,7892
Doug Wooldridge,Doug_Wooldridge2091@muall.tech,1884-10-05 07:12:42,73,7893
Erick York,Erick_York5842@dionrab.com,1939-12-11 08:30:25,56,7894
Barry Marshall,Barry_Marshall5280@bauros.biz,1953-05-19 11:08:51,43,7895
Melania Nash,Melania_Nash4910@jiman.org,1971-06-15 14:47:13,41,7896
Tyson Ryan,Tyson_Ryan3080@hourpy.biz,1979-04-19 17:42:09,47,7897
Marvin Knight,Marvin_Knight7555@bulaffy.com,1899-06-13 16:23:27,98,7898
Hank Vince,Hank_Vince4181@infotech44.tech,1837-11-23 05:53:18,44,7899
George Clarke,George_Clarke1360@naiker.biz,1847-04-04 15:56:40,95,7900
Mike Willis,Mike_Willis5134@elnee.tech,1933-11-10 05:47:34,89,7901
Bristol Pratt,Bristol_Pratt2465@irrepsy.com,1920-07-18 02:07:20,79,7902
Hayden Bentley,Hayden_Bentley8359@gmail.com,1884-10-15 19:33:57,81,7903
Boris Hunter,Boris_Hunter5234@deons.tech,1829-01-10 04:48:58,50,7904
Victoria Middleton,Victoria_Middleton4379@jiman.org,1976-03-15 05:02:39,41,7905
Michael Gosling,Michael_Gosling9465@supunk.biz,1825-09-07 08:08:08,26,7906
Carla Ingram,Carla_Ingram8153@atink.com,1885-02-27 11:47:09,52,7907
Harmony Ross,Harmony_Ross9517@guentu.biz,1839-10-22 12:56:33,67,7908
Harriet Vincent,Harriet_Vincent6859@brety.org,1857-08-19 02:45:07,23,7909
Tyler Knight,Tyler_Knight8923@nimogy.biz,1858-08-12 14:30:17,94,7910
Luke Mould,Luke_Mould2482@extex.org,1978-03-14 09:39:03,42,7911
Makena Bryant,Makena_Bryant5369@fuliss.net,2001-06-30 17:08:05,96,7912
Boris Cork,Boris_Cork944@sheye.org,1868-08-02 12:14:15,75,7913
Lynn Trent,Lynn_Trent6349@bretoux.com,1956-04-15 21:38:41,94,7914
Victoria Hunter,Victoria_Hunter8210@gompie.com,1869-04-10 11:09:52,81,7915
Audrey Tate,Audrey_Tate3287@brety.org,1929-10-20 16:46:28,79,7916
Ethan Wilton,Ethan_Wilton3502@hourpy.biz,1914-01-15 17:55:12,44,7917
David Parsons,David_Parsons1573@tonsy.org,1971-11-05 00:51:30,60,7918
Phoebe Stewart,Phoebe_Stewart4937@jiman.org,1820-09-04 13:20:53,81,7919
Carl Yard,Carl_Yard9517@deavo.com,1941-04-27 01:21:58,26,7920
Luna Wilson,Luna_Wilson5594@naiker.biz,1885-01-22 00:15:08,97,7921
Hayden Adams,Hayden_Adams9721@extex.org,1983-06-17 18:53:04,85,7922
Lucas Yarlett,Lucas_Yarlett4491@gmail.com,1993-11-28 21:29:26,65,7923
Mason Kerr,Mason_Kerr4195@fuliss.net,1863-08-25 10:46:41,95,7924
Penny Patel,Penny_Patel9301@eirey.tech,1837-04-29 19:11:56,91,7925
Chester Blackburn,Chester_Blackburn1722@liret.org,1840-02-07 11:28:10,93,7926
Bob Tindall,Bob_Tindall5620@jiman.org,1992-03-28 22:50:56,81,7927
Gabriel Norman,Gabriel_Norman1291@qater.org,1925-06-04 04:06:11,42,7928
Angelina Eaton,Angelina_Eaton5514@naiker.biz,1930-04-30 08:41:10,93,7929
Ramon Hunter,Ramon_Hunter7857@gompie.com,1906-10-17 12:37:38,49,7930
Kieth Taylor,Kieth_Taylor1930@grannar.com,1972-07-28 22:09:18,76,7931
Lorraine Whittle,Lorraine_Whittle8893@bulaffy.com,1946-12-02 00:15:45,77,7932
Adalind Bristow,Adalind_Bristow381@dionrab.com,1892-03-06 09:24:33,52,7933
Benny Todd,Benny_Todd8135@gembat.biz,1825-06-01 11:19:58,20,7934
Peyton Franks,Peyton_Franks4683@fuliss.net,1881-07-03 16:42:52,94,7935
Leroy Jones,Leroy_Jones9372@bulaffy.com,1978-07-12 07:11:07,33,7936
Michael Russell,Michael_Russell8967@deavo.com,1887-12-15 22:27:40,89,7937
Ron Wilson,Ron_Wilson7328@twace.org,1870-03-17 21:12:01,80,7938
Johnathan Thomson,Johnathan_Thomson6266@extex.org,1968-09-23 15:30:53,51,7939
Nicholas Pitt,Nicholas_Pitt8063@nimogy.biz,1829-07-20 14:28:44,73,7940
Wade Murray,Wade_Murray95@typill.biz,1970-02-21 22:08:47,72,7941
Carissa Crawford,Carissa_Crawford3728@womeona.net,1951-05-02 00:56:52,97,7942
Chad Purvis,Chad_Purvis2727@nanoff.biz,1982-01-18 10:27:02,24,7943
Lana Weatcroft,Lana_Weatcroft3373@joiniaa.com,1907-02-21 15:30:47,38,7944
Michael Mooney,Michael_Mooney2414@grannar.com,1937-04-12 03:49:16,20,7945
Ron Olson,Ron_Olson7859@yahoo.com,2000-04-30 15:45:49,18,7946
Bob Flack,Bob_Flack7249@famism.biz,1906-12-21 15:49:56,26,7947
Emely Bryson,Emely_Bryson6470@liret.org,1840-03-23 17:19:43,66,7948
Vivian Logan,Vivian_Logan129@famism.biz,2008-05-11 19:39:17,59,7949
Vicky Sylvester,Vicky_Sylvester8068@infotech44.tech,1862-09-27 10:57:11,26,7950
Adela Kerr,Adela_Kerr1744@yahoo.com,1923-11-27 11:55:33,94,7951
Dalia London,Dalia_London2482@ubusive.com,1949-05-23 08:04:39,27,7952
Janelle Andersson,Janelle_Andersson4545@ubusive.com,1841-07-13 19:20:39,18,7953
Enoch Vass,Enoch_Vass6211@nickia.com,1897-09-22 17:00:57,62,7954
Lindsay Lewis,Lindsay_Lewis3712@acrit.org,1909-09-19 19:25:28,44,7955
Jacob Ellis,Jacob_Ellis821@womeona.net,2001-03-13 17:24:50,94,7956
Gwen Newton,Gwen_Newton5516@twipet.com,1895-12-23 04:24:33,95,7957
Jennifer Uttley,Jennifer_Uttley1237@nimogy.biz,1952-12-04 20:09:05,89,7958
Domenic Ulyatt,Domenic_Ulyatt3518@atink.com,1873-12-01 10:03:05,81,7959
Karla Redwood,Karla_Redwood502@qater.org,1869-05-16 15:32:04,98,7960
Victoria Rowe,Victoria_Rowe5337@kideod.biz,1924-09-13 06:10:23,89,7961
Christy Quinn,Christy_Quinn9750@nimogy.biz,1879-01-17 07:53:23,19,7962
Elena Talbot,Elena_Talbot8021@bretoux.com,1925-07-20 04:03:16,54,7963
Chadwick Spencer,Chadwick_Spencer1161@iatim.tech,1979-10-21 12:19:53,69,7964
Katelyn Newman,Katelyn_Newman2234@sheye.org,1830-09-26 00:10:21,63,7965
Angelina Armstrong,Angelina_Armstrong578@dionrab.com,1842-12-15 02:03:13,93,7966
Wade Tutton,Wade_Tutton9466@zorer.org,1946-02-18 11:11:20,90,7967
Grace Owen,Grace_Owen7728@yahoo.com,1947-09-27 10:05:01,38,7968
Rosalee Phillips,Rosalee_Phillips7130@cispeto.com,1872-02-09 05:01:02,59,7969
Chris Terry,Chris_Terry9837@twipet.com,1974-12-30 08:42:21,30,7970
Rosa Wilcox,Rosa_Wilcox4811@typill.biz,2013-08-12 17:21:01,53,7971
Sabrina Rodgers,Sabrina_Rodgers9701@elnee.tech,1889-05-18 12:11:25,67,7972
Nick Bryson,Nick_Bryson8406@gembat.biz,1874-04-28 19:01:28,38,7973
Lily Thorne,Lily_Thorne8746@deavo.com,1952-01-30 03:12:53,62,7974
Paula Robe,Paula_Robe6205@zorer.org,1948-01-19 10:08:32,95,7975
Daphne Attwood,Daphne_Attwood7593@brety.org,1837-05-30 15:58:15,61,7976
Julian Needham,Julian_Needham7733@atink.com,1994-10-06 06:09:15,81,7977
Bryon Cattell,Bryon_Cattell8986@deons.tech,1932-12-24 10:31:56,65,7978
Mya Edmonds,Mya_Edmonds5427@fuliss.net,1842-08-29 11:57:07,68,7979
Doris Sawyer,Doris_Sawyer3730@elnee.tech,1978-03-29 22:13:27,18,7980
Mark Kerr,Mark_Kerr7821@sheye.org,2001-02-15 19:22:39,32,7981
Cherish Hastings,Cherish_Hastings6854@deavo.com,1895-08-30 05:20:44,21,7982
Johnny Chadwick,Johnny_Chadwick6515@naiker.biz,1822-04-26 09:54:27,42,7983
Sebastian Rowlands,Sebastian_Rowlands9601@liret.org,1924-04-14 19:40:46,27,7984
Percy Dyson,Percy_Dyson9579@fuliss.net,1985-12-18 03:14:38,23,7985
Rose Gaynor,Rose_Gaynor4199@vetan.org,1824-11-23 06:12:58,79,7986
Greta Camden,Greta_Camden3714@gompie.com,1894-10-19 01:03:26,34,7987
Ryan Abbey,Ryan_Abbey6385@typill.biz,1875-02-23 00:03:38,97,7988
Tony Pope,Tony_Pope3975@sheye.org,2017-12-03 17:38:20,35,7989
Martin Harrison,Martin_Harrison296@vetan.org,1879-01-06 04:55:22,69,7990
Henry May,Henry_May4547@grannar.com,2011-04-14 01:49:36,46,7991
Barry Andrews,Barry_Andrews218@guentu.biz,1894-07-18 15:30:35,66,7992
Jack Garcia,Jack_Garcia2355@ovock.tech,1996-10-28 20:31:01,59,7993
Aurelia Sylvester,Aurelia_Sylvester209@liret.org,1977-12-22 07:47:50,84,7994
Iris Rust,Iris_Rust9939@gembat.biz,1826-09-02 01:39:08,37,7995
Ron Henderson,Ron_Henderson7979@yahoo.com,1882-02-04 08:33:29,72,7996
Joy Gallacher,Joy_Gallacher1079@jiman.org,2005-07-01 12:32:47,26,7997
Maria Appleton,Maria_Appleton7869@muall.tech,1952-10-13 09:43:01,93,7998
Bristol Evans,Bristol_Evans7984@guentu.biz,1901-05-30 17:51:58,92,7999
Emerald Richardson,Emerald_Richardson1949@bauros.biz,1903-07-14 03:54:42,41,8000
Marjorie Vollans,Marjorie_Vollans443@tonsy.org,1967-12-06 00:32:08,48,8001
Rick Marshall,Rick_Marshall5746@qater.org,1993-12-10 02:00:12,88,8002
Caitlyn Nash,Caitlyn_Nash8870@nickia.com,1874-06-14 12:27:02,37,8003
Chris Dann,Chris_Dann7479@elnee.tech,1878-03-15 07:20:35,31,8004
Rihanna Upsdell,Rihanna_Upsdell6247@fuliss.net,1984-04-20 05:43:20,89,8005
Tony Vernon,Tony_Vernon8662@sveldo.biz,1989-07-10 22:58:22,94,8006
Luna Ingham,Luna_Ingham9112@qater.org,1903-08-17 14:46:08,63,8007
Samara Bentley,Samara_Bentley463@irrepsy.com,2014-04-07 21:54:51,87,8008
Rocco Rodwell,Rocco_Rodwell1732@ovock.tech,1897-09-23 17:08:37,65,8009
Nate Alcroft,Nate_Alcroft6711@extex.org,1990-12-13 16:48:46,66,8010
Jack Stanton,Jack_Stanton7875@ubusive.com,1921-03-02 16:39:23,29,8011
William Drummond,William_Drummond5408@guentu.biz,1891-05-13 09:19:56,55,8012
Peter Murphy,Peter_Murphy5676@liret.org,1858-01-10 18:43:03,68,8013
Barney Burge,Barney_Burge2801@iatim.tech,1942-08-18 05:19:49,54,8014
Penelope Kennedy,Penelope_Kennedy5056@muall.tech,1877-02-13 05:24:46,69,8015
Nina Carson,Nina_Carson3243@ovock.tech,1966-12-01 06:01:32,30,8016
Ronald Fisher,Ronald_Fisher7848@zorer.org,1986-10-18 20:49:53,40,8017
Roger Roberts,Roger_Roberts5173@typill.biz,1928-02-19 16:38:53,96,8018
Christine Widdows,Christine_Widdows4321@tonsy.org,1996-03-20 05:48:19,92,8019
Barry Fox,Barry_Fox6844@sheye.org,1949-10-24 11:56:37,85,8020
Taylor Addison,Taylor_Addison5146@cispeto.com,1890-03-18 20:20:30,51,8021
Margaret Wright,Margaret_Wright5950@tonsy.org,1877-10-31 01:10:35,99,8022
Gina Robertson,Gina_Robertson30@ovock.tech,2002-02-22 06:47:44,30,8023
Remy Baker,Remy_Baker929@grannar.com,1929-11-30 20:25:54,86,8024
Cedrick Mills,Cedrick_Mills9156@bulaffy.com,1957-12-31 02:11:28,56,8025
Johnny Jenkin,Johnny_Jenkin6349@liret.org,1886-09-18 20:30:33,67,8026
Roger Rogers,Roger_Rogers3605@gmail.com,1863-12-27 14:00:02,71,8027
Martin Ebden,Martin_Ebden7722@fuliss.net,1961-06-06 17:34:05,39,8028
David Anderson,David_Anderson2830@gompie.com,1962-09-29 09:22:51,36,8029
Chadwick Norris,Chadwick_Norris3236@naiker.biz,2000-06-12 07:55:31,74,8030
Barney Reynolds,Barney_Reynolds8363@dionrab.com,2010-12-30 01:34:36,60,8031
Mara Gordon,Mara_Gordon3121@naiker.biz,2008-07-31 17:17:46,72,8032
Sebastian Armstrong,Sebastian_Armstrong8080@fuliss.net,1828-06-08 17:54:58,26,8033
Norah Watson,Norah_Watson4115@tonsy.org,1962-11-23 21:28:12,68,8034
Holly Yates,Holly_Yates3492@muall.tech,1886-02-22 21:32:31,86,8035
Julia Truscott,Julia_Truscott8788@guentu.biz,1983-04-03 21:20:49,20,8036
Kenzie Roman,Kenzie_Roman5171@sveldo.biz,1972-09-18 06:00:06,24,8037
Jayden Glynn,Jayden_Glynn1684@yahoo.com,2007-10-11 11:46:09,73,8038
Wade Antcliff,Wade_Antcliff1494@infotech44.tech,1899-12-30 15:09:30,49,8039
Oliver Edley,Oliver_Edley1895@kideod.biz,1916-12-28 06:13:13,91,8040
Greta Richards,Greta_Richards4432@qater.org,1989-12-29 21:58:50,96,8041
Cherish Harrison,Cherish_Harrison1544@bungar.biz,2010-12-17 17:25:31,77,8042
David Roberts,David_Roberts7355@bretoux.com,1896-01-15 14:52:42,62,8043
Jessica Fox,Jessica_Fox2620@vetan.org,1848-10-02 18:56:17,28,8044
Mason Hope,Mason_Hope5515@dionrab.com,1944-02-17 09:29:14,57,8045
Belinda Powell,Belinda_Powell5082@naiker.biz,2010-12-07 10:40:07,57,8046
Kate Newton,Kate_Newton3055@twipet.com,1832-03-21 13:54:31,83,8047
Eve Rainford,Eve_Rainford4130@liret.org,1908-07-18 18:55:39,75,8048
Tony Stanley,Tony_Stanley2406@typill.biz,1989-12-07 13:03:28,72,8049
David Sloan,David_Sloan8182@bulaffy.com,1913-10-22 09:00:15,18,8050
Jamie Adams,Jamie_Adams4559@ubusive.com,2006-12-21 15:16:15,46,8051
Clint Chadwick,Clint_Chadwick4285@cispeto.com,1836-02-20 08:01:28,54,8052
Marjorie Yang,Marjorie_Yang8688@sveldo.biz,1831-05-21 22:19:29,81,8053
Courtney Flynn,Courtney_Flynn6705@nickia.com,1915-08-22 04:11:53,90,8054
Jayden Whinter,Jayden_Whinter1314@cispeto.com,1854-01-13 01:23:17,86,8055
Lara Donnelly,Lara_Donnelly8222@cispeto.com,1923-02-21 00:05:20,40,8056
Denny Fowler,Denny_Fowler4993@bretoux.com,1897-02-16 19:20:45,21,8057
Hank Drummond,Hank_Drummond6081@jiman.org,1862-02-09 16:19:21,95,8058
Carrie Chadwick,Carrie_Chadwick6650@nickia.com,1950-08-20 05:50:09,30,8059
Roger Lambert,Roger_Lambert6336@bulaffy.com,1982-03-17 11:17:48,27,8060
Julian Olivier,Julian_Olivier2658@bungar.biz,2003-08-20 06:53:32,42,8061
Hanna Garcia,Hanna_Garcia4030@bretoux.com,1899-08-14 07:06:48,71,8062
Ramon Cunningham,Ramon_Cunningham6197@mafthy.com,1985-01-11 07:28:40,56,8063
Chad Morris,Chad_Morris2461@vetan.org,1869-04-15 21:44:43,80,8064
Sarah Holt,Sarah_Holt8596@gmail.com,1967-04-03 08:26:19,60,8065
Tania Ellison,Tania_Ellison1642@extex.org,1888-05-18 12:00:39,26,8066
Kurt Boden,Kurt_Boden813@mafthy.com,1886-12-27 04:28:46,22,8067
Logan Richards,Logan_Richards668@twipet.com,1975-06-04 15:19:14,88,8068
Cedrick Armstrong,Cedrick_Armstrong1686@extex.org,1883-12-24 22:19:14,40,8069
Carter Gregory,Carter_Gregory6278@nanoff.biz,1936-06-23 02:13:15,20,8070
Liam Funnell,Liam_Funnell2748@dionrab.com,1999-02-12 00:23:52,36,8071
Dorothy Gunn,Dorothy_Gunn8117@iatim.tech,1957-09-03 14:03:05,40,8072
Maria Kelly,Maria_Kelly5124@acrit.org,1928-03-06 11:44:52,75,8073
Russel Rowlands,Russel_Rowlands2154@ubusive.com,1939-08-02 05:51:06,26,8074
Christy Hopkinson,Christy_Hopkinson295@vetan.org,1919-03-02 03:16:58,58,8075
Henry Vass,Henry_Vass9853@nimogy.biz,1950-08-13 14:08:54,60,8076
Daria King,Daria_King1830@gompie.com,1861-02-05 03:32:28,21,8077
Mike Emmett,Mike_Emmett9899@infotech44.tech,1973-08-24 09:11:52,88,8078
Analise Stewart,Analise_Stewart3975@sheye.org,1934-11-21 07:04:31,74,8079
Margot Miller,Margot_Miller5855@deavo.com,1832-04-19 01:15:26,51,8080
Rick Wise,Rick_Wise9476@famism.biz,1849-10-17 02:08:01,93,8081
Isabel Collis,Isabel_Collis625@atink.com,1855-01-09 11:06:24,18,8082
Gil Leslie,Gil_Leslie7923@deons.tech,1889-11-14 19:21:17,92,8083
Chester Alexander,Chester_Alexander4833@cispeto.com,1973-08-01 09:48:20,69,8084
Ethan Russell,Ethan_Russell6120@kideod.biz,1922-12-24 19:52:26,61,8085
Stella Norris,Stella_Norris4553@womeona.net,1877-10-03 13:00:50,75,8086
Mavis Rowe,Mavis_Rowe1126@liret.org,1836-02-19 15:44:32,48,8087
Ron Holmes,Ron_Holmes7861@grannar.com,1962-08-11 00:23:19,65,8088
Adalie Camden,Adalie_Camden7600@ubusive.com,1965-02-24 06:17:56,36,8089
Tyson Wilkinson,Tyson_Wilkinson6542@bretoux.com,1954-08-14 07:55:22,48,8090
Dasha Pratt,Dasha_Pratt655@naiker.biz,1999-11-19 04:04:52,85,8091
Maxwell Appleton,Maxwell_Appleton2837@gembat.biz,1893-10-09 19:05:45,59,8092
Lucas Clarke,Lucas_Clarke3305@gembat.biz,1884-02-03 16:06:28,90,8093
Deborah Utterson,Deborah_Utterson9627@bauros.biz,1900-11-07 14:50:57,53,8094
Alexa James,Alexa_James1372@bungar.biz,2015-08-13 17:39:26,95,8095
Rebecca Miller,Rebecca_Miller8779@mafthy.com,1902-10-06 06:00:50,56,8096
David Evans,David_Evans91@elnee.tech,1866-12-24 03:41:31,83,8097
Liv Alldridge,Liv_Alldridge3377@extex.org,1933-06-21 00:39:23,37,8098
Angelique Funnell,Angelique_Funnell5309@dionrab.com,1855-12-27 20:08:22,46,8099
Liliana Roberts,Liliana_Roberts5103@eirey.tech,1902-12-27 14:22:42,75,8100
Tyler Jordan,Tyler_Jordan6482@tonsy.org,1983-01-27 02:49:52,19,8101
Rose Cadman,Rose_Cadman6252@bulaffy.com,1847-10-15 10:03:55,38,8102
oe Hill,oe_Hill1792@nimogy.biz,1848-08-14 00:36:04,65,8103
Benjamin Downing,Benjamin_Downing6887@elnee.tech,1919-12-30 20:00:20,39,8104
Bart Lee,Bart_Lee3490@ovock.tech,1921-01-22 00:21:35,27,8105
George Todd,George_Todd4712@acrit.org,1975-05-30 16:57:56,22,8106
Chris Kennedy,Chris_Kennedy3131@deons.tech,1974-09-13 15:54:11,51,8107
Chad Thompson,Chad_Thompson6804@nanoff.biz,1882-01-12 17:57:13,32,8108
Anabelle Benson,Anabelle_Benson9585@vetan.org,1897-05-29 04:28:19,71,8109
Carter Farmer,Carter_Farmer2892@kideod.biz,1939-10-24 06:55:15,32,8110
Roger Smith,Roger_Smith1916@guentu.biz,1924-05-22 19:45:18,21,8111
Raquel Thorne,Raquel_Thorne7833@bulaffy.com,1852-12-27 10:46:41,75,8112
Ethan Price,Ethan_Price5443@muall.tech,1882-09-25 09:25:13,64,8113
Susan Vernon,Susan_Vernon570@ubusive.com,1831-10-12 10:48:04,25,8114
Makena Dickson,Makena_Dickson2942@muall.tech,1823-07-26 04:15:22,41,8115
Aiden Nayler,Aiden_Nayler5696@mafthy.com,1953-11-10 11:36:32,64,8116
Molly Oswald,Molly_Oswald7438@yahoo.com,1853-06-07 00:40:26,88,8117
Evelynn Bailey,Evelynn_Bailey6082@atink.com,1855-02-05 00:17:52,69,8118
Bridget Power,Bridget_Power9358@kideod.biz,1925-06-17 13:08:27,72,8119
Felicity Hale,Felicity_Hale5087@infotech44.tech,1852-09-21 20:25:15,58,8120
Evie Moore,Evie_Moore5229@mafthy.com,1913-03-18 17:37:25,51,8121
Elijah Thorne,Elijah_Thorne9207@kideod.biz,2015-02-28 07:35:17,58,8122
Mabel Craig,Mabel_Craig7761@twipet.com,1990-07-14 08:12:37,98,8123
Keira Taylor,Keira_Taylor4031@muall.tech,1941-05-06 07:31:19,98,8124
Cassandra Vane,Cassandra_Vane590@fuliss.net,1890-01-26 02:20:03,18,8125
John Lyon,John_Lyon7699@bulaffy.com,1836-09-30 07:02:13,79,8126
Eden Noach,Eden_Noach4462@sveldo.biz,1839-03-29 04:19:15,87,8127
Kurt Wilson,Kurt_Wilson3209@bauros.biz,1941-11-30 04:08:45,95,8128
William Bryson,William_Bryson6326@atink.com,1824-10-19 10:14:28,64,8129
Sloane Plumb,Sloane_Plumb5915@bulaffy.com,1857-08-14 22:15:55,92,8130
Amy Allington,Amy_Allington2129@acrit.org,1826-10-08 00:47:01,43,8131
Chester Wilson,Chester_Wilson2782@fuliss.net,1827-09-19 09:21:17,25,8132
Nicole Broomfield,Nicole_Broomfield7021@grannar.com,1889-07-07 11:39:24,64,8133
Noah Pitt,Noah_Pitt8612@naiker.biz,2014-05-09 22:55:16,27,8134
Adina Plant,Adina_Plant1756@nickia.com,1848-07-02 00:01:34,89,8135
Trisha Williams,Trisha_Williams8488@eirey.tech,1863-10-09 21:22:39,19,8136
Bryon Warner,Bryon_Warner4587@nickia.com,2018-11-17 21:23:28,20,8137
Audrey Drake,Audrey_Drake1729@deons.tech,1824-08-07 16:39:02,51,8138
Alessia Anderson,Alessia_Anderson5505@naiker.biz,1829-02-12 21:21:35,65,8139
Logan Adams,Logan_Adams2599@gompie.com,1955-07-02 05:45:29,73,8140
Benjamin Amstead,Benjamin_Amstead5553@naiker.biz,1879-12-29 11:47:45,37,8141
Leroy White,Leroy_White2586@deavo.com,1838-10-03 05:49:39,69,8142
Willow Clark,Willow_Clark9144@extex.org,1918-05-02 04:49:35,51,8143
Tom Ralph,Tom_Ralph3620@gembat.biz,1957-04-08 20:31:44,58,8144
Lucy Stanton,Lucy_Stanton3677@dionrab.com,1977-11-14 05:00:33,57,8145
Domenic Campbell,Domenic_Campbell8848@vetan.org,1939-02-06 19:37:33,42,8146
Carol Pitt,Carol_Pitt3609@kideod.biz,1932-05-22 02:57:02,19,8147
Julian Niles,Julian_Niles1771@deons.tech,2006-01-16 00:25:49,34,8148
Hank Adams,Hank_Adams1147@extex.org,1896-09-22 19:16:44,69,8149
Anabel Alcroft,Anabel_Alcroft4567@supunk.biz,1992-08-30 21:13:53,59,8150
Alessandra Mackenzie,Alessandra_Mackenzie5441@bretoux.com,1960-04-17 07:54:47,74,8151
Domenic Fox,Domenic_Fox3618@famism.biz,2002-02-20 09:05:22,24,8152
Logan Kelly,Logan_Kelly4154@nanoff.biz,2000-10-19 17:36:46,36,8153
Enoch Sinclair,Enoch_Sinclair3351@cispeto.com,2015-09-02 04:42:47,41,8154
Carter Emerson,Carter_Emerson598@yahoo.com,1911-04-22 11:35:23,57,8155
Susan Hobson,Susan_Hobson8380@naiker.biz,1996-07-15 00:32:22,50,8156
Kamila Fall,Kamila_Fall5717@nimogy.biz,1982-10-07 20:26:50,24,8157
Carol Skinner,Carol_Skinner938@fuliss.net,1979-08-17 07:10:22,75,8158
Chester Brooks,Chester_Brooks2943@sheye.org,1854-02-17 21:40:31,69,8159
Esmeralda Isaac,Esmeralda_Isaac4141@acrit.org,1895-03-04 17:53:22,36,8160
Robyn Bowen,Robyn_Bowen3170@naiker.biz,1977-02-05 12:44:48,99,8161
Hayden Shaw,Hayden_Shaw6750@extex.org,1976-12-01 10:50:47,60,8162
Maxwell Holmes,Maxwell_Holmes2262@atink.com,1828-06-26 07:50:44,70,8163
Havana Wise,Havana_Wise1541@twace.org,1892-08-21 09:53:29,98,8164
Abbey Tanner,Abbey_Tanner5445@deons.tech,1835-04-25 10:39:24,64,8165
Eduardo Gilmour,Eduardo_Gilmour8604@ubusive.com,1895-04-11 03:30:10,79,8166
Adelaide Harris,Adelaide_Harris1939@infotech44.tech,1844-10-03 01:01:31,69,8167
Scarlett Isaac,Scarlett_Isaac8202@bulaffy.com,1964-03-16 08:21:08,23,8168
Phillip Long,Phillip_Long1886@brety.org,1837-10-17 07:55:48,80,8169
Josh Thorne,Josh_Thorne7511@womeona.net,2003-11-29 03:38:33,96,8170
Chad Herbert,Chad_Herbert7903@tonsy.org,1891-07-02 13:16:56,68,8171
Enoch Lindop,Enoch_Lindop1077@tonsy.org,1979-06-21 05:48:27,91,8172
Tony Johnson,Tony_Johnson7829@joiniaa.com,1917-11-15 18:35:17,98,8173
Cadence Clark,Cadence_Clark1868@dionrab.com,1843-07-23 12:38:00,48,8174
William Clark,William_Clark1968@brety.org,1910-03-17 11:36:33,78,8175
Nate Cunningham,Nate_Cunningham6725@atink.com,1994-05-31 05:20:22,75,8176
Aileen Roberts,Aileen_Roberts9704@dionrab.com,1887-08-25 22:11:02,23,8177
Oliver Allwood,Oliver_Allwood984@supunk.biz,1973-04-02 03:00:02,96,8178
Camden Upton,Camden_Upton5559@ubusive.com,1863-12-04 11:07:01,33,8179
Alexia Vinton,Alexia_Vinton3009@hourpy.biz,1922-04-15 00:00:08,50,8180
Jaylene Cooper,Jaylene_Cooper4948@irrepsy.com,1833-02-01 12:05:16,50,8181
Vanessa Smith,Vanessa_Smith4238@brety.org,1889-02-27 22:25:38,87,8182
Holly Morris,Holly_Morris8526@tonsy.org,1836-07-12 07:30:15,90,8183
Marvin Rose,Marvin_Rose6542@corti.com,1952-01-17 14:31:05,39,8184
Francesca Lambert,Francesca_Lambert6353@irrepsy.com,1950-04-04 20:49:34,58,8185
Oliver Thornton,Oliver_Thornton2940@gompie.com,1944-10-10 03:43:17,49,8186
Marie Ring,Marie_Ring3995@nickia.com,1933-04-11 08:37:55,23,8187
Mona Janes,Mona_Janes3915@atink.com,1905-07-27 00:31:22,62,8188
Rowan Sawyer,Rowan_Sawyer7743@ubusive.com,1843-06-26 18:34:05,88,8189
Kirsten Farrant,Kirsten_Farrant6978@womeona.net,1957-12-03 13:26:56,93,8190
Mackenzie Holmes,Mackenzie_Holmes5142@bauros.biz,1843-11-05 05:57:08,29,8191
Goldie Murray,Goldie_Murray7555@tonsy.org,1868-10-04 01:03:03,63,8192
Shelby Simpson,Shelby_Simpson735@gompie.com,1990-11-12 04:38:50,55,8193
Benny Abbey,Benny_Abbey4589@eirey.tech,2008-12-23 13:25:01,35,8194
Rocco Ellwood,Rocco_Ellwood9584@eirey.tech,1993-10-27 12:28:29,41,8195
Maya Knott,Maya_Knott4057@atink.com,1926-07-24 16:49:56,92,8196
Oliver Corbett,Oliver_Corbett6846@twipet.com,1831-01-15 01:52:30,38,8197
Owen Yarlett,Owen_Yarlett8456@nimogy.biz,2010-04-21 07:34:48,75,8198
Fred Hepburn,Fred_Hepburn5782@qater.org,1882-10-05 04:09:18,76,8199
Matthew John,Matthew_John1134@twipet.com,1872-03-29 16:44:39,34,8200
Mary Exton,Mary_Exton2459@iatim.tech,2015-06-26 11:31:41,33,8201
Cecilia Cooper,Cecilia_Cooper2525@gompie.com,1861-02-05 10:30:49,98,8202
Bethany Morgan,Bethany_Morgan7940@fuliss.net,2002-10-21 03:54:32,53,8203
Ryan Ward,Ryan_Ward6285@bulaffy.com,1960-01-03 17:53:56,89,8204
Selena Weatcroft,Selena_Weatcroft1262@cispeto.com,1846-05-15 17:13:31,25,8205
Hadley Mann,Hadley_Mann6859@ubusive.com,1997-05-05 01:10:13,76,8206
Ryan Parker,Ryan_Parker2722@infotech44.tech,1944-07-17 04:22:20,90,8207
Luna Speed,Luna_Speed9771@nanoff.biz,1865-06-24 10:26:16,90,8208
Greta Martin,Greta_Martin4555@iatim.tech,1826-08-23 15:13:17,19,8209
Ryan Trent,Ryan_Trent2392@dionrab.com,1868-06-03 15:10:09,91,8210
Denny Kerr,Denny_Kerr6562@iatim.tech,1874-01-07 14:54:30,26,8211
Andrea Douglas,Andrea_Douglas3505@grannar.com,1991-12-05 04:31:38,94,8212
Carolyn Webster,Carolyn_Webster3372@liret.org,1996-01-18 19:19:54,93,8213
Jayden Squire,Jayden_Squire3834@ovock.tech,1983-03-26 01:43:48,47,8214
Boris Vane,Boris_Vane2059@mafthy.com,1830-08-02 15:19:41,34,8215
Lucy Norburn,Lucy_Norburn2305@ovock.tech,2017-10-30 06:31:25,80,8216
Darlene Bennett,Darlene_Bennett5959@womeona.net,1846-07-22 07:30:24,77,8217
Sadie Sherwood,Sadie_Sherwood2865@womeona.net,1862-12-09 05:51:43,32,8218
Adeline Noon,Adeline_Noon7140@zorer.org,1907-06-08 17:03:25,96,8219
Angelica Dyson,Angelica_Dyson547@ovock.tech,1843-01-01 16:07:39,56,8220
Javier Daniells,Javier_Daniells9719@elnee.tech,1938-04-16 09:14:41,77,8221
Luke Neville,Luke_Neville2444@gompie.com,1991-02-17 15:17:42,26,8222
Elisabeth Nicolas,Elisabeth_Nicolas4525@tonsy.org,1866-10-27 03:38:19,51,8223
Percy Martin,Percy_Martin2772@elnee.tech,1826-07-22 14:39:17,41,8224
Evie Murray,Evie_Murray7076@gembat.biz,1844-01-31 17:03:29,26,8225
Faith Antcliff,Faith_Antcliff5738@deons.tech,1919-08-10 02:27:45,33,8226
Cristal Camden,Cristal_Camden2907@eirey.tech,1946-09-26 04:30:47,61,8227
Kieth Jacobs,Kieth_Jacobs4360@dionrab.com,1991-10-16 20:21:14,24,8228
Charlotte Eastwood,Charlotte_Eastwood2213@ovock.tech,1833-11-05 16:36:10,95,8229
Abbey Sheldon,Abbey_Sheldon984@qater.org,1873-04-15 13:03:27,65,8230
Sebastian Edler,Sebastian_Edler9593@guentu.biz,1911-10-03 09:56:29,37,8231
Julian Donovan,Julian_Donovan6999@deavo.com,1887-08-23 13:41:19,32,8232
Naomi Hill,Naomi_Hill8667@mafthy.com,1831-05-14 02:53:34,84,8233
Clarissa Simpson,Clarissa_Simpson6725@nanoff.biz,1866-11-03 19:12:19,59,8234
Cristal Herbert,Cristal_Herbert9486@ubusive.com,1861-10-30 21:10:22,60,8235
Karen Upsdell,Karen_Upsdell2909@nickia.com,1882-09-19 21:22:21,85,8236
Aiden Franks,Aiden_Franks6810@infotech44.tech,1975-08-24 19:32:31,57,8237
Mina Cox,Mina_Cox8286@cispeto.com,1851-04-26 10:22:31,49,8238
Carter Norburn,Carter_Norburn675@twace.org,1891-07-26 02:35:00,88,8239
Julianna Thatcher,Julianna_Thatcher5104@atink.com,1851-08-21 08:26:57,63,8240
Phoebe Atkinson,Phoebe_Atkinson8980@yahoo.com,1880-02-28 12:53:45,59,8241
Bob Yarwood,Bob_Yarwood9746@brety.org,1903-11-23 22:18:32,68,8242
Wade Summers,Wade_Summers6641@nanoff.biz,1826-12-30 12:49:39,47,8243
Kate Hill,Kate_Hill9688@fuliss.net,1959-01-28 06:37:02,86,8244
Hank Coll,Hank_Coll5028@fuliss.net,1976-11-15 13:51:46,78,8245
Gil Umney,Gil_Umney3504@zorer.org,1851-11-02 20:58:43,99,8246
Johnathan Willson,Johnathan_Willson4087@brety.org,1986-12-26 02:52:56,20,8247
Bryon Vinton,Bryon_Vinton7059@typill.biz,1918-11-27 08:01:38,49,8248
Mason Russell,Mason_Russell9299@nanoff.biz,1962-01-30 02:03:05,88,8249
Monica Rowan,Monica_Rowan517@dionrab.com,1842-07-02 21:25:45,32,8250
Anne Holmes,Anne_Holmes7527@mafthy.com,1990-04-19 18:11:31,49,8251
Paula Keys,Paula_Keys3472@gompie.com,1840-12-10 14:17:13,19,8252
Gil Rigg,Gil_Rigg1099@gembat.biz,1995-06-14 10:12:37,75,8253
Carolyn Page ,Carolyn_Page 4699@brety.org,1963-02-15 17:18:19,44,8254
Daniel Sinclair,Daniel_Sinclair7038@deons.tech,2014-07-08 21:32:28,97,8255
Ilona Norman,Ilona_Norman7477@irrepsy.com,1937-09-18 21:47:31,76,8256
Christy Rosenbloom,Christy_Rosenbloom8381@qater.org,1984-02-16 13:51:36,87,8257
Johnny Horton,Johnny_Horton9057@sveldo.biz,1981-07-15 12:05:01,38,8258
Josh Thompson,Josh_Thompson6634@liret.org,1997-07-12 17:30:00,29,8259
Davina Potter,Davina_Potter6221@bulaffy.com,1885-09-06 08:40:50,39,8260
Tyler Walker,Tyler_Walker6422@iatim.tech,1849-02-02 15:17:37,71,8261
Belinda Bell,Belinda_Bell2931@sheye.org,1926-02-15 19:53:35,97,8262
Rhea Reid,Rhea_Reid4763@famism.biz,1897-11-17 12:20:58,82,8263
Michaela Victor,Michaela_Victor7680@zorer.org,1998-04-24 21:04:02,24,8264
Allison Thomas,Allison_Thomas3555@sveldo.biz,2013-11-16 04:28:50,49,8265
Victoria Glass,Victoria_Glass8909@gembat.biz,1881-08-14 04:27:34,37,8266
Nate Wigley,Nate_Wigley8458@tonsy.org,1853-10-03 13:58:25,90,8267
Amy Carson,Amy_Carson5251@sheye.org,1938-06-16 04:30:21,25,8268
Miley Knight,Miley_Knight6060@bretoux.com,1821-03-25 18:20:33,63,8269
Melinda Gordon,Melinda_Gordon8041@corti.com,1991-11-21 03:01:09,95,8270
Camden Brett,Camden_Brett9697@typill.biz,1959-12-12 13:32:07,68,8271
Julius Glynn,Julius_Glynn5019@famism.biz,1921-06-19 19:40:31,34,8272
Sebastian Hobbs,Sebastian_Hobbs8756@tonsy.org,1838-02-03 06:03:01,92,8273
Abbey Stewart,Abbey_Stewart4315@deavo.com,1820-12-03 00:30:47,68,8274
Daria Booth,Daria_Booth9540@kideod.biz,1823-05-15 09:58:45,99,8275
Peter Robertson,Peter_Robertson9601@gompie.com,1847-12-12 17:10:46,76,8276
Bob Donnelly,Bob_Donnelly2208@tonsy.org,2008-02-01 07:38:46,21,8277
Aisha Hood,Aisha_Hood9080@naiker.biz,1843-04-26 00:28:25,31,8278
Jayden Cattell,Jayden_Cattell316@guentu.biz,2008-08-13 15:23:50,64,8279
Hayden Collingwood,Hayden_Collingwood821@tonsy.org,1996-05-18 16:58:44,59,8280
Matthew Clifford,Matthew_Clifford7257@womeona.net,1956-05-07 13:35:10,55,8281
Anabel Dixon,Anabel_Dixon6175@yahoo.com,1848-01-03 05:28:18,38,8282
Iris Wise,Iris_Wise2246@naiker.biz,1942-04-11 13:47:41,91,8283
Gabriel Oliver,Gabriel_Oliver9160@corti.com,2008-01-30 01:33:30,35,8284
Alba Jennson,Alba_Jennson4038@kideod.biz,2012-11-09 02:06:02,22,8285
Maia Barclay,Maia_Barclay5105@liret.org,1969-10-22 21:57:54,92,8286
Enoch Needham,Enoch_Needham2769@dionrab.com,1839-05-09 12:48:07,25,8287
Carol Jobson,Carol_Jobson1025@guentu.biz,1861-02-28 16:23:45,86,8288
Elise Gunn,Elise_Gunn6481@jiman.org,1847-08-13 07:12:40,78,8289
David Chapman,David_Chapman5964@twace.org,1936-05-14 04:55:19,47,8290
Stacy Saunders,Stacy_Saunders9553@fuliss.net,2013-01-03 06:33:36,20,8291
George Watson,George_Watson982@elnee.tech,1943-07-05 00:14:00,95,8292
Freya Burge,Freya_Burge3965@sveldo.biz,2009-05-24 00:22:57,43,8293
Mike Milner,Mike_Milner4130@elnee.tech,1860-07-08 11:47:37,42,8294
Abdul Russell,Abdul_Russell6457@deavo.com,1906-02-08 20:31:10,60,8295
Tom Ward,Tom_Ward3890@vetan.org,1828-10-30 03:34:50,23,8296
Josh Hancock,Josh_Hancock2981@fuliss.net,1867-10-09 11:46:39,36,8297
Elijah Higgs,Elijah_Higgs7128@dionrab.com,2016-08-18 17:29:40,73,8298
Michelle Craig,Michelle_Craig4560@bauros.biz,1835-04-17 19:39:47,50,8299
Emmanuelle Wilkinson,Emmanuelle_Wilkinson5795@gmail.com,2017-09-10 03:17:37,57,8300
Livia Vollans,Livia_Vollans9531@supunk.biz,1891-09-19 08:12:18,69,8301
Margaret Cartwright,Margaret_Cartwright1706@yahoo.com,1904-09-22 15:08:32,94,8302
Elly Saunders,Elly_Saunders2726@nanoff.biz,1866-02-20 05:01:19,24,8303
Allison Ballard,Allison_Ballard2061@bauros.biz,2004-12-18 14:15:04,50,8304
Phillip Murray,Phillip_Murray1781@sveldo.biz,1904-08-13 22:46:32,96,8305
Payton Davies,Payton_Davies6938@sveldo.biz,1843-01-04 03:35:46,31,8306
Bryon Boyle,Bryon_Boyle2367@typill.biz,1981-11-24 17:41:25,26,8307
Faith Rivers,Faith_Rivers1531@gembat.biz,1964-10-18 10:47:09,78,8308
Juliette Thompson,Juliette_Thompson3806@sheye.org,1979-11-18 16:10:06,69,8309
oe Partridge,oe_Partridge9093@twipet.com,1899-01-09 17:06:21,43,8310
Darlene Jones,Darlene_Jones4565@nanoff.biz,1998-05-31 21:35:28,49,8311
Johnny Wills,Johnny_Wills501@bungar.biz,1948-02-09 20:29:27,19,8312
Harry Higgs,Harry_Higgs7940@bretoux.com,1973-04-24 22:10:50,85,8313
Nate Long,Nate_Long8521@deons.tech,2008-09-19 02:00:12,90,8314
Lucy Harrison,Lucy_Harrison7224@extex.org,1914-01-14 13:24:58,71,8315
Jayden Funnell,Jayden_Funnell3526@liret.org,1832-12-23 16:33:08,50,8316
Mavis Reese,Mavis_Reese6602@elnee.tech,1880-08-18 20:34:56,98,8317
Candace Walsh,Candace_Walsh5826@atink.com,2011-04-07 20:51:47,86,8318
Adeline Logan,Adeline_Logan2120@twipet.com,1952-10-20 15:05:37,20,8319
Bob Yarwood,Bob_Yarwood8200@ovock.tech,1838-04-27 09:02:16,73,8320
Kieth Darcy,Kieth_Darcy37@sveldo.biz,1951-01-15 00:04:11,39,8321
Rocco Stone,Rocco_Stone3083@gembat.biz,1898-03-12 13:30:21,81,8322
Kurt Bishop,Kurt_Bishop9379@brety.org,2019-02-13 00:26:37,23,8323
Jane Roman,Jane_Roman1275@eirey.tech,1856-09-09 02:10:05,70,8324
Danielle Mould,Danielle_Mould3615@qater.org,1904-07-26 18:32:35,63,8325
Josh Burnley,Josh_Burnley5125@dionrab.com,1978-03-19 00:30:15,28,8326
George Ellwood,George_Ellwood1314@deavo.com,1882-05-19 05:37:03,21,8327
Taylor Hammond,Taylor_Hammond7153@sveldo.biz,2017-09-08 20:35:04,43,8328
Juliette Yarwood,Juliette_Yarwood733@gompie.com,1955-03-27 04:04:03,56,8329
Logan Daniells,Logan_Daniells9688@fuliss.net,1841-05-01 04:44:38,62,8330
Chester Giles,Chester_Giles5619@jiman.org,1840-06-18 10:56:23,25,8331
Jack Richards,Jack_Richards9487@bulaffy.com,1855-06-18 15:21:33,21,8332
Javier Robinson,Javier_Robinson5868@guentu.biz,1963-07-23 11:26:41,19,8333
Marvin Jarrett,Marvin_Jarrett5356@twace.org,1831-07-07 22:17:47,55,8334
Analise Button,Analise_Button9648@mafthy.com,1961-09-08 03:56:03,86,8335
Harvey Nicholls,Harvey_Nicholls6094@elnee.tech,1825-03-03 13:53:39,62,8336
Julia Ebden,Julia_Ebden3798@twipet.com,1967-12-20 11:52:48,88,8337
Lucas Nash,Lucas_Nash1094@hourpy.biz,2000-10-06 11:36:00,33,8338
Caleb Bentley,Caleb_Bentley8801@vetan.org,2016-11-07 22:20:06,26,8339
Gina Fleming,Gina_Fleming2606@qater.org,1863-12-04 22:17:40,87,8340
ara Burge,ara_Burge1956@iatim.tech,1822-01-22 06:04:46,60,8341
Doug Umney,Doug_Umney4811@extex.org,1837-09-11 13:21:45,42,8342
Marvin Lucas,Marvin_Lucas7083@supunk.biz,1848-06-14 17:17:15,67,8343
Ethan Wooldridge,Ethan_Wooldridge1600@infotech44.tech,1882-10-28 08:12:15,66,8344
Bree James,Bree_James5972@gompie.com,1921-12-09 03:08:16,80,8345
Blake Walsh,Blake_Walsh3755@dionrab.com,1834-06-15 10:26:47,57,8346
Eileen Locke,Eileen_Locke1852@mafthy.com,1893-06-15 00:43:30,72,8347
Molly Rogan,Molly_Rogan1794@mafthy.com,2001-01-21 13:10:08,89,8348
Adina Leslie,Adina_Leslie4952@extex.org,1884-07-05 15:32:05,91,8349
Helen Warner,Helen_Warner7688@gmail.com,1969-11-23 01:21:00,34,8350
Chelsea Olivier,Chelsea_Olivier6085@famism.biz,1865-06-09 11:20:46,31,8351
Stacy Lewis,Stacy_Lewis9381@cispeto.com,1940-06-16 21:19:11,40,8352
Ruby Turner,Ruby_Turner6131@hourpy.biz,1975-11-19 00:20:48,86,8353
Wade Swift,Wade_Swift9447@joiniaa.com,1932-08-10 22:24:26,80,8354
Daron Bell,Daron_Bell9356@elnee.tech,1929-05-30 14:26:15,80,8355
Sofia Mcnally,Sofia_Mcnally7345@corti.com,2018-03-28 17:01:45,40,8356
Marvin Norburn,Marvin_Norburn9507@bretoux.com,1869-06-11 02:20:31,95,8357
Michael Eyres,Michael_Eyres4408@kideod.biz,1901-07-23 16:41:11,41,8358
Michael Gregory,Michael_Gregory521@famism.biz,1843-04-21 01:26:27,52,8359
Ramon Sherry,Ramon_Sherry1681@womeona.net,1956-12-17 17:48:36,32,8360
Jayden Foxley,Jayden_Foxley3173@nanoff.biz,1869-10-26 19:42:17,24,8361
Moira Ingram,Moira_Ingram4884@twace.org,1956-01-18 01:28:53,34,8362
Ron Clayton,Ron_Clayton1186@atink.com,1944-04-19 21:42:53,80,8363
Cedrick Bloom,Cedrick_Bloom94@qater.org,1991-04-28 14:45:52,83,8364
Bryon Burge,Bryon_Burge3771@atink.com,1966-03-07 03:08:01,88,8365
Sloane Waterson,Sloane_Waterson4218@extex.org,1971-07-02 09:47:09,62,8366
Charlize Mitchell,Charlize_Mitchell5331@kideod.biz,1895-06-07 22:48:37,40,8367
Sloane Stanton,Sloane_Stanton1078@bungar.biz,1989-05-30 12:30:57,53,8368
Enoch Button,Enoch_Button488@twace.org,1886-12-14 22:39:00,26,8369
Rocco Hancock,Rocco_Hancock3452@irrepsy.com,1846-05-10 11:36:54,80,8370
Dalia Rogers,Dalia_Rogers7529@typill.biz,1884-10-18 16:47:28,30,8371
Isabella Savage,Isabella_Savage7346@dionrab.com,1932-07-10 10:45:23,27,8372
Daron Potts,Daron_Potts5274@typill.biz,1866-03-21 15:14:37,84,8373
Noah Mason,Noah_Mason2121@nickia.com,1848-03-15 05:54:14,85,8374
Hank Crawford,Hank_Crawford8605@zorer.org,1938-01-11 22:51:15,92,8375
Madison Everett,Madison_Everett8076@gmail.com,1911-03-06 11:58:55,65,8376
Nick Redwood,Nick_Redwood6822@hourpy.biz,1885-01-26 06:36:03,94,8377
Caleb Walsh,Caleb_Walsh5755@corti.com,1860-01-31 02:55:38,36,8378
Rocco Mackenzie,Rocco_Mackenzie7368@twace.org,1936-08-10 15:46:49,35,8379
Monica Nielson,Monica_Nielson6692@tonsy.org,1852-12-15 00:29:02,62,8380
Nathan Casey,Nathan_Casey3344@vetan.org,1850-03-20 05:38:18,32,8381
Keira Hill,Keira_Hill7066@acrit.org,1981-03-29 11:24:32,37,8382
Martha Lucas,Martha_Lucas8499@bretoux.com,1826-02-06 12:50:22,45,8383
Miriam Tyrrell,Miriam_Tyrrell1078@bungar.biz,1988-12-16 00:37:07,98,8384
William Ebbs,William_Ebbs6505@guentu.biz,1829-03-13 21:16:19,49,8385
Cameron Emmett,Cameron_Emmett7929@bulaffy.com,1980-12-21 13:56:00,65,8386
Tara Newton,Tara_Newton9846@fuliss.net,1961-05-18 15:13:46,59,8387
Denis Squire,Denis_Squire5725@guentu.biz,1940-08-19 00:07:56,40,8388
Sebastian Summers,Sebastian_Summers11@muall.tech,1933-10-25 15:06:11,28,8389
Ally Parker,Ally_Parker5587@gmail.com,2020-01-25 17:28:37,32,8390
Julian Flanders,Julian_Flanders8212@vetan.org,1985-08-07 07:21:53,43,8391
Peter Grady,Peter_Grady7418@corti.com,1893-08-08 19:15:19,54,8392
Michael Stevens,Michael_Stevens6592@jiman.org,1963-12-15 05:43:12,90,8393
Michael Vaughan,Michael_Vaughan7848@guentu.biz,1892-11-30 17:42:23,86,8394
Dani Craig,Dani_Craig8894@acrit.org,1972-01-25 01:52:04,99,8395
Clint Reynolds,Clint_Reynolds1969@atink.com,1988-01-18 16:49:32,90,8396
Logan Yard,Logan_Yard268@corti.com,1864-06-23 22:12:50,28,8397
Percy Carson,Percy_Carson4994@tonsy.org,1963-09-10 07:07:18,59,8398
Nate Wilde,Nate_Wilde2075@deavo.com,1882-04-02 09:17:37,22,8399
Noah Truscott,Noah_Truscott5163@liret.org,1954-03-27 03:10:23,28,8400
Maria London,Maria_London9408@gmail.com,1830-09-11 15:38:00,54,8401
Benny Andersson,Benny_Andersson461@eirey.tech,1872-01-26 21:56:18,32,8402
Johnathan Robinson,Johnathan_Robinson7951@irrepsy.com,1964-07-10 22:20:15,60,8403
Rylee Garcia,Rylee_Garcia1750@brety.org,1973-11-24 07:42:48,72,8404
Mandy Whittle,Mandy_Whittle1899@grannar.com,1840-05-17 08:06:16,97,8405
Hank Kerr,Hank_Kerr2319@bretoux.com,1835-03-27 06:13:28,71,8406
Janice Ranks,Janice_Ranks4846@zorer.org,1889-12-02 19:21:18,56,8407
Maxwell Robertson,Maxwell_Robertson6481@womeona.net,1837-05-28 09:22:14,47,8408
Ema Glass,Ema_Glass3009@sheye.org,1898-04-27 06:29:51,72,8409
Henry Little,Henry_Little1711@gompie.com,1888-12-15 08:47:19,34,8410
Ronald Casey,Ronald_Casey7978@yahoo.com,1930-02-06 01:13:41,36,8411
Daniel Roberts,Daniel_Roberts1140@bretoux.com,1868-12-18 05:04:41,57,8412
Nate Giles,Nate_Giles6434@fuliss.net,1995-05-03 21:56:04,32,8413
Oliver Russell,Oliver_Russell391@sveldo.biz,1891-11-18 01:16:16,36,8414
Ally Healy,Ally_Healy6464@extex.org,1931-09-16 01:07:51,45,8415
John Bloom,John_Bloom8487@atink.com,2005-01-21 11:09:46,30,8416
Charlotte Armstrong,Charlotte_Armstrong5341@corti.com,1831-08-19 19:56:00,95,8417
Maggie May,Maggie_May4863@atink.com,2019-11-29 12:50:37,54,8418
Belinda Glynn,Belinda_Glynn7467@dionrab.com,1911-07-12 11:12:52,32,8419
Hannah Weasley,Hannah_Weasley1311@iatim.tech,1867-10-08 21:14:09,95,8420
Carl Dwyer,Carl_Dwyer9281@twace.org,1847-05-20 10:35:41,29,8421
Phillip Addison,Phillip_Addison3424@acrit.org,1973-11-10 00:23:27,21,8422
Margaret Wren,Margaret_Wren8370@deons.tech,1882-12-29 11:39:50,92,8423
Emery Powell,Emery_Powell6999@bauros.biz,1954-08-13 16:09:36,95,8424
Daniel Flanders,Daniel_Flanders7521@typill.biz,1859-01-18 08:08:45,88,8425
Caleb Ellis,Caleb_Ellis1162@joiniaa.com,1833-02-20 01:16:49,85,8426
Kurt Bingham,Kurt_Bingham8027@dionrab.com,1832-09-28 22:48:35,73,8427
Holly Dubois,Holly_Dubois5188@famism.biz,1945-03-13 03:18:01,91,8428
Nate Clayton,Nate_Clayton9893@nickia.com,1931-09-22 11:34:17,73,8429
Jack Phillips,Jack_Phillips7967@twipet.com,1858-09-14 03:41:40,79,8430
George Khan,George_Khan979@typill.biz,1895-05-07 16:16:03,82,8431
Abdul Edler,Abdul_Edler9386@zorer.org,1880-06-26 20:44:07,59,8432
Nathan Malone,Nathan_Malone9154@dionrab.com,1945-11-19 12:58:13,88,8433
Marissa Reid,Marissa_Reid2801@nickia.com,1898-12-23 18:46:10,42,8434
Lexi Nelson,Lexi_Nelson5128@bauros.biz,1989-04-08 04:22:54,99,8435
Taylor Norton,Taylor_Norton1754@gembat.biz,1989-02-02 00:36:01,32,8436
Joseph Watson,Joseph_Watson2068@ubusive.com,1918-12-14 03:57:15,57,8437
Penelope Norton,Penelope_Norton8210@nimogy.biz,1881-05-16 20:00:09,37,8438
Marvin Hewitt,Marvin_Hewitt2356@gompie.com,1831-06-18 19:26:04,85,8439
Hank Stone,Hank_Stone31@kideod.biz,1833-06-17 04:18:11,39,8440
Elijah Blythe,Elijah_Blythe4420@corti.com,1857-08-18 19:44:28,91,8441
Gabriel Ellison,Gabriel_Ellison7894@brety.org,1960-01-22 15:47:37,39,8442
Adelaide Underhill,Adelaide_Underhill4446@sveldo.biz,1883-02-01 07:33:21,69,8443
Benny Allwood,Benny_Allwood8999@womeona.net,1868-05-16 00:36:43,49,8444
David Adams,David_Adams1840@qater.org,1888-12-27 16:58:16,80,8445
Tania Paterson,Tania_Paterson9239@iatim.tech,1822-04-02 07:39:19,33,8446
Daria James,Daria_James8564@naiker.biz,1900-10-05 04:33:15,58,8447
Gil Duvall,Gil_Duvall2561@yahoo.com,1927-01-06 16:41:34,81,8448
Callie Swan,Callie_Swan6022@eirey.tech,1964-06-15 20:52:16,60,8449
Chadwick Lewis,Chadwick_Lewis5541@womeona.net,2015-10-13 16:06:23,55,8450
Chester Maxwell,Chester_Maxwell7800@deons.tech,1881-09-28 07:24:52,25,8451
Teagan Rivers,Teagan_Rivers5494@mafthy.com,1922-12-26 21:46:35,23,8452
Daron Nanton,Daron_Nanton7433@gompie.com,1880-05-14 17:30:43,23,8453
Benjamin Plumb,Benjamin_Plumb1355@iatim.tech,1909-07-26 14:30:29,95,8454
Aiden Cooper,Aiden_Cooper1804@eirey.tech,1883-02-02 06:44:57,19,8455
Daniel Morris,Daniel_Morris3285@ovock.tech,1987-03-14 19:57:12,83,8456
Eve Groves,Eve_Groves8248@jiman.org,1949-12-07 06:55:54,29,8457
Havana Emmott,Havana_Emmott6606@nickia.com,1822-07-22 06:06:29,38,8458
Lynn Pearce,Lynn_Pearce7180@yahoo.com,2001-10-20 02:57:10,83,8459
Martin Plumb,Martin_Plumb7110@joiniaa.com,1941-06-24 18:10:53,66,8460
Penny Abbot,Penny_Abbot8265@sveldo.biz,1940-11-08 14:49:39,95,8461
Raquel Osmond,Raquel_Osmond9563@naiker.biz,1922-04-18 05:56:46,47,8462
Mara Gunn,Mara_Gunn1163@grannar.com,1870-12-21 02:33:14,22,8463
Percy Clifford,Percy_Clifford9057@eirey.tech,1954-12-17 04:42:35,53,8464
Adela Quinn,Adela_Quinn2404@jiman.org,1987-04-29 03:20:54,91,8465
Ema Warner,Ema_Warner5496@dionrab.com,1960-04-15 13:42:15,89,8466
Tyler Roman,Tyler_Roman6070@bauros.biz,1904-06-30 12:33:42,26,8467
Amelia Avery,Amelia_Avery3611@deons.tech,1866-06-18 22:30:50,77,8468
Beatrice Griffiths,Beatrice_Griffiths3500@deavo.com,1891-02-06 16:38:48,62,8469
Camellia Hopkinson,Camellia_Hopkinson7311@ovock.tech,1863-03-17 16:41:29,87,8470
Logan Lee,Logan_Lee8210@mafthy.com,1986-07-10 11:01:27,87,8471
Tyler Wild,Tyler_Wild5496@sheye.org,1966-02-02 09:14:53,49,8472
Irene Warden,Irene_Warden1759@fuliss.net,1987-10-11 01:37:24,89,8473
Jayden Chadwick,Jayden_Chadwick82@elnee.tech,1921-08-04 02:48:45,89,8474
Johnathan Mason,Johnathan_Mason9849@hourpy.biz,1827-02-20 14:53:56,35,8475
Sadie May,Sadie_May1118@atink.com,1896-08-01 19:27:47,79,8476
Holly Irving,Holly_Irving5877@bretoux.com,1903-02-25 00:50:06,40,8477
Harry John,Harry_John343@cispeto.com,1821-05-21 16:44:19,98,8478
Ethan Flynn,Ethan_Flynn2038@dionrab.com,1833-12-31 11:53:50,22,8479
Phillip Moore,Phillip_Moore171@sveldo.biz,1824-03-29 01:35:39,52,8480
Lily Neville,Lily_Neville6881@vetan.org,1861-03-15 22:45:35,29,8481
Roger Ellery,Roger_Ellery8230@womeona.net,1937-08-26 04:24:30,38,8482
Sage Nielson,Sage_Nielson545@vetan.org,2010-04-21 13:26:54,58,8483
Percy Kirby,Percy_Kirby9109@extex.org,1912-06-06 08:58:35,89,8484
Olivia Hope,Olivia_Hope7201@supunk.biz,1936-01-08 12:11:28,61,8485
Ron Kirby,Ron_Kirby4221@corti.com,1994-03-13 17:43:04,71,8486
Bob Hobson,Bob_Hobson956@gembat.biz,1930-09-09 22:12:49,23,8487
Hank Moore,Hank_Moore6393@nanoff.biz,1864-05-10 18:16:39,20,8488
Nina Morrison,Nina_Morrison3926@muall.tech,1871-02-03 00:39:24,27,8489
Anabelle Cartwright,Anabelle_Cartwright9395@eirey.tech,1929-12-09 19:12:29,86,8490
Nicholas Cox,Nicholas_Cox4232@ubusive.com,1951-12-22 19:26:15,40,8491
Shannon Nicolas,Shannon_Nicolas547@liret.org,1869-05-11 13:27:26,96,8492
Johnny Clark,Johnny_Clark7204@gmail.com,1933-01-12 06:51:23,68,8493
Naomi Whitmore,Naomi_Whitmore8240@kideod.biz,1840-07-12 00:32:04,99,8494
Madelyn Fulton,Madelyn_Fulton1425@famism.biz,1859-11-07 13:50:41,99,8495
Lucas Hall,Lucas_Hall5403@bretoux.com,1871-01-07 11:37:02,80,8496
Thea Mccall,Thea_Mccall6341@bulaffy.com,1913-09-04 16:14:35,29,8497
Agnes Brown,Agnes_Brown4456@gompie.com,2009-10-31 21:38:39,32,8498
Mona Miller,Mona_Miller3946@iatim.tech,2011-07-14 18:13:30,33,8499
Nathan Giles,Nathan_Giles3131@vetan.org,1901-07-31 12:45:13,66,8500
Carmen Crawley,Carmen_Crawley5606@naiker.biz,2012-05-21 00:19:57,48,8501
Kimberly Williams,Kimberly_Williams8712@sheye.org,2009-09-09 18:38:58,96,8502
Camila Kennedy,Camila_Kennedy4168@grannar.com,1986-03-30 12:04:48,31,8503
Tony Mcleod,Tony_Mcleod682@deavo.com,1954-09-08 04:36:36,73,8504
Ruby Page ,Ruby_Page 1422@qater.org,1964-03-10 09:36:32,73,8505
Violet Dubois,Violet_Dubois2668@bungar.biz,2015-04-23 13:48:00,96,8506
Melania Payne,Melania_Payne8071@ovock.tech,1859-12-11 09:53:09,25,8507
Rihanna Watson,Rihanna_Watson3182@yahoo.com,1855-03-25 05:35:33,86,8508
Karen Walsh,Karen_Walsh1535@gompie.com,1932-04-25 08:09:07,77,8509
Chadwick Neal,Chadwick_Neal6616@eirey.tech,2019-08-22 22:26:11,71,8510
Rufus Allcott,Rufus_Allcott4539@bulaffy.com,1897-09-03 18:27:14,80,8511
Aleksandra Dunbar,Aleksandra_Dunbar1651@womeona.net,1925-12-29 09:20:13,49,8512
John Evans,John_Evans4340@fuliss.net,1899-03-06 13:22:04,20,8513
Mike Antcliff,Mike_Antcliff9023@grannar.com,2001-10-10 10:04:14,33,8514
Cedrick Camden,Cedrick_Camden3640@extex.org,1841-04-05 02:26:07,76,8515
Chloe Durrant,Chloe_Durrant8140@typill.biz,1822-12-26 16:01:26,60,8516
Ivette Evans,Ivette_Evans2213@gompie.com,2009-11-17 13:21:36,69,8517
Nate Rogan,Nate_Rogan470@muall.tech,2010-01-20 08:24:25,91,8518
Kenzie Brennan,Kenzie_Brennan3546@kideod.biz,1936-08-15 13:34:05,62,8519
Faith Scott,Faith_Scott7170@supunk.biz,1881-11-30 11:40:47,21,8520
Mandy Abbot,Mandy_Abbot4939@iatim.tech,1867-01-26 11:10:10,89,8521
Mara Walker,Mara_Walker5489@liret.org,1947-12-28 04:02:45,98,8522
Julia Walsh,Julia_Walsh711@kideod.biz,1952-03-24 16:23:38,45,8523
Mason James,Mason_James3898@supunk.biz,1931-07-05 07:45:42,35,8524
Lorraine Drew,Lorraine_Drew2162@guentu.biz,1992-08-06 19:04:28,80,8525
Rosalyn Preston,Rosalyn_Preston8170@nickia.com,1923-10-01 10:44:02,98,8526
Aeris Donnelly,Aeris_Donnelly8359@elnee.tech,2019-08-27 16:11:09,73,8527
Phoebe Anderson,Phoebe_Anderson5630@bulaffy.com,2015-05-09 13:03:11,66,8528
Owen Holmes,Owen_Holmes8920@gembat.biz,2016-10-27 17:47:42,88,8529
Renee Thompson,Renee_Thompson7412@deavo.com,2014-02-03 20:34:46,90,8530
Anabelle Holmes,Anabelle_Holmes8179@kideod.biz,1965-07-02 03:21:53,75,8531
Lucas Speed,Lucas_Speed4480@atink.com,1992-07-20 04:37:37,54,8532
Piper Griffiths,Piper_Griffiths3013@gompie.com,1971-08-04 15:34:50,94,8533
Janelle Pope,Janelle_Pope3005@elnee.tech,1856-08-25 17:05:26,57,8534
Lara Needham,Lara_Needham201@bungar.biz,1958-09-30 22:16:34,86,8535
Leroy Widdows,Leroy_Widdows3538@iatim.tech,1871-01-24 03:35:14,74,8536
Benny Giles,Benny_Giles9715@vetan.org,2004-01-28 03:16:00,97,8537
Rita Swift,Rita_Swift1582@vetan.org,1994-04-22 00:27:21,90,8538
Lucas Windsor,Lucas_Windsor196@nanoff.biz,1988-01-03 01:53:39,32,8539
Sofie Hunt,Sofie_Hunt7646@elnee.tech,1873-09-10 20:53:24,19,8540
Anne Dunbar,Anne_Dunbar6129@brety.org,1952-03-31 01:46:44,80,8541
Carina Crawley,Carina_Crawley3531@bulaffy.com,1947-11-26 13:28:47,80,8542
Analise Hancock,Analise_Hancock8339@ovock.tech,2016-07-17 05:24:42,45,8543
Penelope Vaughn,Penelope_Vaughn3463@ubusive.com,1830-10-16 03:22:17,59,8544
Jayden Ralph,Jayden_Ralph9051@ovock.tech,1883-02-17 20:29:49,83,8545
Luke Farrow,Luke_Farrow6484@nanoff.biz,1887-01-17 02:25:38,78,8546
Carmella Power,Carmella_Power4115@naiker.biz,1846-06-12 15:52:01,89,8547
Crystal Shaw,Crystal_Shaw2916@fuliss.net,1934-02-14 01:41:52,70,8548
Abdul Styles,Abdul_Styles9288@muall.tech,1933-07-17 22:23:10,99,8549
Fred Clifton,Fred_Clifton5533@sveldo.biz,1839-03-19 05:44:07,84,8550
Julia John,Julia_John9808@bretoux.com,1917-09-03 05:48:37,67,8551
Lillian Marshall,Lillian_Marshall164@muall.tech,1947-11-13 02:07:44,35,8552
Rosemary Vane,Rosemary_Vane258@bungar.biz,1976-09-21 11:36:10,92,8553
Daron Norton,Daron_Norton723@extex.org,1836-11-17 06:34:37,31,8554
Doris Yates,Doris_Yates5803@brety.org,1925-11-01 03:41:52,56,8555
Dasha Windsor,Dasha_Windsor9043@nickia.com,1897-04-18 06:26:03,60,8556
Oliver Lakey,Oliver_Lakey7290@eirey.tech,2013-05-01 19:27:01,65,8557
Clint Robertson,Clint_Robertson5973@guentu.biz,2014-02-15 11:07:17,50,8558
Enoch Benfield,Enoch_Benfield7076@bulaffy.com,1871-05-30 07:39:23,67,8559
Judith Eaton,Judith_Eaton1091@atink.com,1965-02-15 12:01:19,80,8560
Carina Flynn,Carina_Flynn3189@twace.org,1915-10-01 13:23:01,76,8561
Chester Nobbs,Chester_Nobbs6563@bulaffy.com,1865-08-31 20:55:47,99,8562
Javier Nicolas,Javier_Nicolas4214@naiker.biz,1922-04-13 22:23:25,31,8563
Melinda Clarke,Melinda_Clarke5425@deavo.com,2001-05-09 02:24:34,54,8564
Carter Funnell,Carter_Funnell6870@brety.org,1949-05-03 15:51:11,94,8565
Harry Jennson,Harry_Jennson3306@sveldo.biz,1925-11-18 14:15:31,68,8566
Maxwell Downing,Maxwell_Downing8559@jiman.org,1896-02-28 07:35:55,18,8567
Nick Stone ,Nick_Stone 3669@ubusive.com,1964-07-04 11:22:40,29,8568
Livia Larsen,Livia_Larsen5052@bretoux.com,1988-07-30 06:28:25,32,8569
Paula Vollans,Paula_Vollans9684@ovock.tech,1914-10-29 22:47:24,47,8570
Roger Dixon,Roger_Dixon1935@typill.biz,1897-01-20 05:49:58,50,8571
Maia Purvis,Maia_Purvis4034@naiker.biz,1895-05-14 22:26:31,53,8572
Hayden Dickson,Hayden_Dickson7685@brety.org,1876-01-10 13:22:24,88,8573
Fred Beal,Fred_Beal3295@hourpy.biz,1965-11-19 04:00:41,94,8574
Mona Connell,Mona_Connell371@nanoff.biz,1826-02-27 06:27:10,65,8575
Marjorie Torres,Marjorie_Torres9882@eirey.tech,1906-12-25 21:09:27,61,8576
Candace Hobbs,Candace_Hobbs1413@muall.tech,1881-08-02 06:14:33,23,8577
Kieth Yates,Kieth_Yates6087@hourpy.biz,1954-10-19 08:08:35,75,8578
Carl Moss,Carl_Moss8350@supunk.biz,1865-11-18 10:57:04,50,8579
Estrella Oswald,Estrella_Oswald1669@twace.org,1965-03-27 22:19:23,88,8580
Andie Vincent,Andie_Vincent991@supunk.biz,1915-03-23 17:38:08,65,8581
Enoch West,Enoch_West7587@womeona.net,1954-12-28 15:35:44,52,8582
Sloane Yard,Sloane_Yard1666@eirey.tech,1850-03-08 10:34:27,27,8583
Alison Warden,Alison_Warden7494@ovock.tech,2013-01-06 05:06:26,92,8584
Harriet Sloan,Harriet_Sloan4919@gmail.com,1827-08-11 11:46:37,56,8585
Domenic Bailey,Domenic_Bailey9781@fuliss.net,1911-10-17 20:43:49,38,8586
Alexia Lowe,Alexia_Lowe393@bulaffy.com,2017-09-04 00:47:47,64,8587
Angelica Truscott,Angelica_Truscott8429@ovock.tech,1829-06-05 10:39:47,36,8588
Ron Miller,Ron_Miller39@famism.biz,1875-12-26 10:45:43,58,8589
Claire Hale,Claire_Hale1954@guentu.biz,1875-01-21 14:46:34,48,8590
Julius Howard,Julius_Howard712@fuliss.net,1924-05-19 05:43:01,96,8591
Valerie Brooks,Valerie_Brooks6189@mafthy.com,1887-12-05 05:10:58,69,8592
Alessandra Cox,Alessandra_Cox3151@irrepsy.com,2014-08-06 06:56:55,74,8593
Angel Kirby,Angel_Kirby4329@gembat.biz,2015-08-31 16:51:58,61,8594
Mandy Alexander,Mandy_Alexander7841@cispeto.com,1998-07-11 12:38:36,63,8595
Alessia Rigg,Alessia_Rigg9556@zorer.org,1967-04-08 14:38:35,21,8596
John Neville,John_Neville3354@grannar.com,1882-12-02 02:29:23,67,8597
Summer Poulton,Summer_Poulton4670@mafthy.com,1974-12-18 12:15:47,66,8598
Miriam Stone ,Miriam_Stone 3874@muall.tech,2013-04-21 20:07:33,57,8599
Bart Blackburn,Bart_Blackburn9515@twipet.com,1972-05-21 21:24:14,33,8600
Moira Edler,Moira_Edler66@bungar.biz,1955-10-28 06:19:21,25,8601
Summer Thatcher,Summer_Thatcher98@iatim.tech,1944-03-08 21:23:40,65,8602
Elle Dixon,Elle_Dixon9142@jiman.org,1937-03-02 01:13:10,86,8603
Percy Rust,Percy_Rust6210@typill.biz,1891-08-21 08:20:27,97,8604
Scarlett Forester,Scarlett_Forester4805@jiman.org,2017-06-14 04:16:19,72,8605
Adeline Harris,Adeline_Harris6633@bauros.biz,1980-05-25 03:19:43,46,8606
Rosalie Armstrong,Rosalie_Armstrong5328@jiman.org,1839-12-14 07:13:12,40,8607
Logan Widdows,Logan_Widdows7164@guentu.biz,1996-05-05 04:26:37,40,8608
Erick Umney,Erick_Umney5210@extex.org,1876-08-23 08:21:50,18,8609
William Evans,William_Evans1176@gmail.com,1951-04-18 09:13:12,32,8610
Elle Latham,Elle_Latham584@joiniaa.com,1869-08-06 13:00:45,90,8611
Johnathan Bayliss,Johnathan_Bayliss4696@infotech44.tech,1979-01-04 03:36:31,98,8612
Doug Wheeler,Doug_Wheeler1971@famism.biz,1862-07-11 22:48:20,36,8613
Ellen Plant,Ellen_Plant4641@iatim.tech,1900-11-09 16:49:06,79,8614
Lara Rogers,Lara_Rogers9821@joiniaa.com,1926-09-18 07:07:09,65,8615
Samara Rose,Samara_Rose2328@irrepsy.com,1958-08-12 14:51:00,34,8616
Stephanie Newman,Stephanie_Newman5496@joiniaa.com,1943-01-25 10:13:50,63,8617
Stacy Donnelly,Stacy_Donnelly7789@bretoux.com,1884-09-05 08:22:46,60,8618
Jane Lane,Jane_Lane7658@deavo.com,1958-04-15 06:58:58,94,8619
Hayden Waterhouse,Hayden_Waterhouse8964@corti.com,2001-02-22 16:02:33,83,8620
Penelope Morrow,Penelope_Morrow5954@womeona.net,1866-02-17 06:54:54,30,8621
Fiona Coleman,Fiona_Coleman4959@ubusive.com,1899-12-12 02:52:49,76,8622
Juliette Victor,Juliette_Victor9188@sheye.org,1858-04-22 10:36:16,50,8623
Jennifer May,Jennifer_May9756@kideod.biz,1973-12-01 13:04:14,57,8624
Denny Rowlands,Denny_Rowlands8462@vetan.org,1930-07-07 17:19:33,26,8625
Clarissa Clifford,Clarissa_Clifford8578@irrepsy.com,1941-04-10 19:21:48,45,8626
Margaret Lakey,Margaret_Lakey5296@grannar.com,2015-05-10 09:06:02,64,8627
Sabrina Davies,Sabrina_Davies3565@twipet.com,2018-05-19 09:23:17,36,8628
Carissa Hewitt,Carissa_Hewitt1846@vetan.org,1974-01-30 03:55:30,86,8629
Wade Hudson,Wade_Hudson9089@deavo.com,1977-11-17 16:31:17,70,8630
Evelynn Cann,Evelynn_Cann9951@twipet.com,1973-07-08 04:49:33,56,8631
Peter Lindsay,Peter_Lindsay5986@bulaffy.com,1951-05-25 13:26:54,82,8632
Claire Hancock,Claire_Hancock2096@nickia.com,1939-07-21 17:43:38,59,8633
Hayden Forth,Hayden_Forth6624@sveldo.biz,1971-10-22 19:03:53,86,8634
Adalind Knott,Adalind_Knott376@iatim.tech,1905-11-11 03:38:58,22,8635
ara Cadman,ara_Cadman5128@typill.biz,1947-08-31 01:04:19,74,8636
Jack Larsen,Jack_Larsen634@tonsy.org,1888-12-04 08:23:29,31,8637
Clint James,Clint_James907@tonsy.org,1927-07-03 02:33:33,37,8638
Sage Dale,Sage_Dale5924@twipet.com,1825-09-05 05:34:50,56,8639
Joseph Collingwood,Joseph_Collingwood2170@qater.org,1852-03-31 02:18:49,42,8640
Mavis Lynch,Mavis_Lynch8290@liret.org,1960-04-04 16:30:19,40,8641
Jamie Flanders,Jamie_Flanders914@eirey.tech,1992-07-24 15:35:45,31,8642
Kurt Oswald,Kurt_Oswald286@kideod.biz,1834-12-18 17:19:14,20,8643
Bryce Maxwell,Bryce_Maxwell2804@tonsy.org,1952-10-25 22:54:21,66,8644
Boris Porter,Boris_Porter5843@bungar.biz,1863-08-03 05:38:56,99,8645
Martha Simpson,Martha_Simpson6760@gembat.biz,1871-10-30 05:07:21,30,8646
Chadwick Skinner,Chadwick_Skinner2911@hourpy.biz,1969-09-01 17:13:53,66,8647
Cristal Nayler,Cristal_Nayler1756@qater.org,1891-06-23 12:56:05,37,8648
Carl Gray,Carl_Gray2506@grannar.com,2006-09-10 05:02:04,94,8649
Melanie James,Melanie_James2059@nickia.com,2012-06-08 10:57:43,33,8650
Lynn Wallace,Lynn_Wallace3706@deons.tech,1965-02-07 05:21:49,87,8651
John Yarlett,John_Yarlett1284@ubusive.com,1979-10-30 22:01:43,92,8652
Fred Jordan,Fred_Jordan9722@nanoff.biz,1831-09-06 04:02:29,90,8653
Renee Johnson,Renee_Johnson9067@naiker.biz,1980-09-02 08:00:09,85,8654
Candace Jennson,Candace_Jennson2284@gembat.biz,1851-05-12 18:25:51,89,8655
Tyson Kelly,Tyson_Kelly8373@nimogy.biz,1967-05-29 20:45:12,21,8656
Wade Radcliffe,Wade_Radcliffe9518@ovock.tech,1853-04-26 01:07:19,61,8657
Wendy Vollans,Wendy_Vollans9109@liret.org,1948-02-14 11:54:45,18,8658
Courtney Redwood,Courtney_Redwood6350@bulaffy.com,1914-10-12 07:21:13,22,8659
Rick Baxter,Rick_Baxter1152@bretoux.com,1909-03-17 00:15:16,21,8660
Ron Glynn,Ron_Glynn3437@irrepsy.com,2016-01-30 12:18:35,21,8661
Nancy Owen,Nancy_Owen2035@naiker.biz,1968-12-10 01:13:02,57,8662
Adelaide Vincent,Adelaide_Vincent2824@vetan.org,1979-05-21 04:44:35,83,8663
Maia Wood,Maia_Wood7263@bulaffy.com,1936-07-11 15:48:10,94,8664
Janelle Rehman,Janelle_Rehman1836@hourpy.biz,2013-10-26 14:34:19,64,8665
Amy Everett,Amy_Everett8029@gembat.biz,1898-12-02 17:47:43,72,8666
Kurt Oliver,Kurt_Oliver8072@joiniaa.com,2018-02-23 07:16:16,34,8667
Mackenzie Cox,Mackenzie_Cox1025@grannar.com,1985-05-14 21:42:27,70,8668
Oliver Shields,Oliver_Shields385@joiniaa.com,1992-09-05 00:49:30,61,8669
Josh Allington,Josh_Allington5087@atink.com,1844-07-29 06:56:45,86,8670
Bryon Dyson,Bryon_Dyson1254@cispeto.com,1845-09-30 16:07:14,49,8671
Tyler Devonport,Tyler_Devonport996@corti.com,1855-03-27 08:40:23,62,8672
Chris Stone,Chris_Stone7590@supunk.biz,1853-05-18 03:32:55,53,8673
Davina Widdows,Davina_Widdows6227@extex.org,1989-04-22 06:17:30,41,8674
Cedrick Russell,Cedrick_Russell1391@famism.biz,1971-10-10 12:57:01,98,8675
Rose Speed,Rose_Speed2306@zorer.org,1853-07-08 13:32:43,46,8676
Doris Miller,Doris_Miller8050@qater.org,1922-05-22 02:42:06,70,8677
Ally Hepburn,Ally_Hepburn1026@joiniaa.com,1834-08-01 20:36:41,70,8678
Maxwell Malone,Maxwell_Malone9685@nimogy.biz,2003-10-14 08:41:44,85,8679
Joseph Speed,Joseph_Speed1767@ubusive.com,2014-07-23 16:46:17,62,8680
Harvey Kerr,Harvey_Kerr3849@sveldo.biz,1957-10-29 10:27:48,83,8681
Stella Dempsey,Stella_Dempsey917@brety.org,1972-07-06 14:12:07,94,8682
Domenic Morrison,Domenic_Morrison2848@gmail.com,1843-02-06 11:57:45,53,8683
David Middleton,David_Middleton1555@extex.org,1981-12-01 07:08:50,99,8684
Celia Doherty,Celia_Doherty9614@grannar.com,1880-04-25 21:28:26,65,8685
Caleb Jackson,Caleb_Jackson3570@elnee.tech,1870-02-14 19:34:00,99,8686
Jamie Rose,Jamie_Rose3955@kideod.biz,1854-10-17 14:40:05,93,8687
Evie Keys,Evie_Keys1203@irrepsy.com,1861-11-12 11:00:43,24,8688
Colleen Blackwall,Colleen_Blackwall1938@sveldo.biz,1984-11-05 10:57:43,78,8689
Mandy Herbert,Mandy_Herbert8648@typill.biz,2014-06-01 04:28:30,48,8690
Wade Richards,Wade_Richards5361@twace.org,1981-11-14 04:32:51,35,8691
Paula Hunt,Paula_Hunt9323@naiker.biz,1856-12-24 22:30:16,69,8692
Carmella Downing,Carmella_Downing3570@ovock.tech,1959-07-29 08:28:18,59,8693
Ember Giles,Ember_Giles3578@joiniaa.com,2014-09-14 14:58:03,42,8694
Josh Bloom,Josh_Bloom5161@fuliss.net,1842-12-09 20:11:04,68,8695
Danny Goldsmith,Danny_Goldsmith8828@muall.tech,2019-09-16 06:01:34,54,8696
Danny Tennant,Danny_Tennant3724@liret.org,1962-03-22 08:28:30,85,8697
Grace Hopkinson,Grace_Hopkinson9796@extex.org,1990-05-13 13:25:20,87,8698
Hank Goodman,Hank_Goodman6942@corti.com,1878-01-17 18:36:42,52,8699
Blake Goodman,Blake_Goodman6133@guentu.biz,2009-01-25 15:42:17,42,8700
Domenic Barclay,Domenic_Barclay2437@dionrab.com,1827-06-03 05:13:52,82,8701
Alexander Flynn,Alexander_Flynn7309@iatim.tech,1866-12-04 06:31:51,94,8702
Boris Stone,Boris_Stone1018@twace.org,2009-08-27 12:49:05,21,8703
Marigold Armstrong,Marigold_Armstrong492@deons.tech,1901-06-07 11:09:36,56,8704
Willow Vernon,Willow_Vernon9264@extex.org,1993-09-24 21:40:57,71,8705
Carissa Lambert,Carissa_Lambert3593@joiniaa.com,1824-11-28 14:33:06,28,8706
Lillian Campbell,Lillian_Campbell8566@mafthy.com,1933-01-09 15:36:38,37,8707
Britney Jefferson,Britney_Jefferson4105@guentu.biz,1878-11-28 00:50:06,39,8708
Hannah Reid,Hannah_Reid4482@supunk.biz,1835-11-11 00:46:37,23,8709
Iris Hardwick,Iris_Hardwick5025@extex.org,1945-01-23 10:50:19,53,8710
Emery London,Emery_London7436@bungar.biz,1926-06-25 04:25:27,27,8711
Courtney Ripley,Courtney_Ripley8595@sveldo.biz,1938-01-01 12:40:27,60,8712
Noah Grady,Noah_Grady5849@kideod.biz,1976-11-13 01:24:24,40,8713
Ethan Addison,Ethan_Addison6722@dionrab.com,1962-09-12 19:07:30,88,8714
Rosie Curtis,Rosie_Curtis5196@dionrab.com,1820-08-25 10:11:23,51,8715
Hayden Brown,Hayden_Brown8116@guentu.biz,1875-12-18 07:26:17,30,8716
Drew Bennett,Drew_Bennett1860@twipet.com,1985-08-14 06:47:46,50,8717
Hazel Redwood,Hazel_Redwood6112@muall.tech,2014-05-31 13:27:30,55,8718
Leslie Baker,Leslie_Baker153@gembat.biz,1827-04-20 17:41:46,83,8719
Lorraine Ingram,Lorraine_Ingram3715@joiniaa.com,1835-10-30 12:08:13,37,8720
Ron Hill,Ron_Hill9997@nickia.com,1949-06-30 14:45:09,92,8721
Denis Brooks,Denis_Brooks8391@hourpy.biz,1934-04-11 17:58:58,39,8722
George Cooper,George_Cooper9783@fuliss.net,1887-01-25 13:46:12,64,8723
Jack Little,Jack_Little2799@deavo.com,1949-03-01 10:00:20,63,8724
Ronald Oswald,Ronald_Oswald8752@sveldo.biz,1930-02-07 10:58:31,86,8725
Eden Reynolds,Eden_Reynolds9650@tonsy.org,1857-03-17 15:25:58,45,8726
Denis Fox,Denis_Fox5959@cispeto.com,1873-04-04 13:38:07,33,8727
Shelby Edley,Shelby_Edley4300@qater.org,1827-12-06 00:07:51,55,8728
Teagan Reynolds,Teagan_Reynolds3766@jiman.org,1988-05-29 06:16:04,61,8729
Bart Bennett,Bart_Bennett151@cispeto.com,1933-05-09 10:55:21,86,8730
Rocco Wild,Rocco_Wild3498@bauros.biz,1926-06-01 21:42:06,30,8731
Caleb James,Caleb_James5483@irrepsy.com,1907-08-07 13:11:19,72,8732
Johnny Rosenbloom,Johnny_Rosenbloom6001@gembat.biz,1829-03-31 17:37:54,41,8733
Alba Bell,Alba_Bell423@cispeto.com,1826-08-27 17:53:37,78,8734
George Khan,George_Khan9257@acrit.org,1911-02-01 11:27:31,24,8735
Mackenzie Reid,Mackenzie_Reid6988@qater.org,1944-05-17 06:15:08,75,8736
Katelyn Casey,Katelyn_Casey8202@grannar.com,1839-08-05 17:30:02,54,8737
Johnathan Nash,Johnathan_Nash5800@bauros.biz,1904-09-12 03:37:14,79,8738
Jayden Forth,Jayden_Forth8469@bretoux.com,1890-06-25 10:03:11,90,8739
Chris Oakley,Chris_Oakley9389@infotech44.tech,1949-12-12 17:20:21,39,8740
Aleksandra Hammond,Aleksandra_Hammond957@supunk.biz,1877-02-28 15:02:56,53,8741
Benjamin Chadwick,Benjamin_Chadwick3890@atink.com,1919-01-31 04:56:29,35,8742
Johnathan Jackson,Johnathan_Jackson1551@nickia.com,1860-12-31 21:36:36,25,8743
Erick Adams,Erick_Adams9769@dionrab.com,1932-12-07 19:00:27,20,8744
Francesca Drummond,Francesca_Drummond7537@elnee.tech,1849-05-06 10:21:46,56,8745
Kurt Dempsey,Kurt_Dempsey1574@vetan.org,2019-09-09 15:15:24,32,8746
Rhea Hammond,Rhea_Hammond8619@sheye.org,1951-02-16 08:02:19,66,8747
Macy Giles,Macy_Giles4725@grannar.com,1867-05-09 13:33:43,61,8748
Eden Savage,Eden_Savage1447@iatim.tech,1993-06-30 22:06:21,23,8749
Naomi Bailey,Naomi_Bailey2799@nimogy.biz,1936-03-13 22:14:58,81,8750
Chelsea Farmer,Chelsea_Farmer2056@hourpy.biz,1877-04-25 07:21:35,49,8751
Charlotte Andersson,Charlotte_Andersson8896@kideod.biz,1977-09-03 05:16:13,92,8752
Alan Cork,Alan_Cork2606@nimogy.biz,1828-10-22 13:12:46,97,8753
Bryon Price,Bryon_Price9609@brety.org,1884-04-25 12:36:18,46,8754
Willow Moreno,Willow_Moreno9743@muall.tech,1981-03-11 01:40:49,91,8755
Danny Bennett,Danny_Bennett829@deons.tech,1931-07-16 16:46:30,83,8756
Barney Morgan,Barney_Morgan6318@twace.org,1835-10-28 11:34:08,28,8757
Martin Mackenzie,Martin_Mackenzie8891@acrit.org,1838-10-28 16:41:35,90,8758
Daniel Gray,Daniel_Gray8966@muall.tech,1929-07-05 07:29:51,32,8759
Matthew Steer,Matthew_Steer5105@nickia.com,1914-03-11 00:51:49,65,8760
Audrey Andersson,Audrey_Andersson7133@iatim.tech,1958-10-03 16:07:43,99,8761
Gabriel Dickson,Gabriel_Dickson6368@typill.biz,1975-01-09 16:40:58,66,8762
Colleen Ramsey,Colleen_Ramsey9696@womeona.net,1924-10-28 12:27:13,89,8763
Holly Jones,Holly_Jones306@mafthy.com,1923-03-31 08:39:15,96,8764
Camden Riley,Camden_Riley8878@acrit.org,1933-04-21 13:27:41,90,8765
Ada Hood,Ada_Hood2518@typill.biz,1876-04-29 17:33:10,26,8766
Rosemary Warren,Rosemary_Warren8662@bulaffy.com,2016-02-12 03:08:02,41,8767
Bart Simmons,Bart_Simmons288@sheye.org,1933-01-22 05:47:36,97,8768
Alba Holmes,Alba_Holmes3411@sveldo.biz,1968-10-24 21:36:12,43,8769
Gladys Whitehouse,Gladys_Whitehouse1566@naiker.biz,1930-01-17 06:52:57,48,8770
Havana Simmons,Havana_Simmons4116@corti.com,1961-09-16 21:51:28,38,8771
Doug Brock,Doug_Brock2033@atink.com,1837-08-21 11:32:44,32,8772
Bob Morris,Bob_Morris7351@grannar.com,1940-01-25 12:15:13,36,8773
Denny Coll,Denny_Coll2405@grannar.com,1926-07-29 15:20:50,51,8774
Barney Fall,Barney_Fall9550@twipet.com,1974-11-20 19:16:00,76,8775
Boris Armstrong,Boris_Armstrong8004@acrit.org,1997-01-27 11:40:50,90,8776
Phillip Noon,Phillip_Noon2532@extex.org,1954-02-17 02:42:38,69,8777
Marilyn Weldon,Marilyn_Weldon3363@acrit.org,2006-07-21 08:57:26,82,8778
John Page ,John_Page 5185@tonsy.org,1925-10-17 04:02:52,73,8779
Grace Roberts,Grace_Roberts9669@jiman.org,1854-02-20 10:52:56,68,8780
Tony Lakey,Tony_Lakey3788@twipet.com,1996-07-23 00:47:26,52,8781
Evie Kelly,Evie_Kelly751@twace.org,1994-05-10 09:06:04,55,8782
Dasha Savage,Dasha_Savage9694@mafthy.com,1912-02-16 15:43:04,32,8783
Michelle Jacobs,Michelle_Jacobs8364@twace.org,1942-07-27 14:51:14,42,8784
Lucas Olson,Lucas_Olson4652@tonsy.org,1925-05-28 17:24:48,50,8785
Penny Mitchell,Penny_Mitchell5039@atink.com,1931-04-22 07:39:46,85,8786
Emery Kennedy,Emery_Kennedy2744@ovock.tech,2018-10-16 11:23:55,61,8787
Joy Thomas,Joy_Thomas7648@infotech44.tech,1830-09-06 11:21:46,22,8788
ara Holmes,ara_Holmes6740@joiniaa.com,1846-09-03 15:29:39,65,8789
Stella Anderson,Stella_Anderson4163@deons.tech,1857-03-20 15:18:30,33,8790
Nate Griffiths,Nate_Griffiths2988@nanoff.biz,1870-08-23 10:03:31,26,8791
Anthony Eyres,Anthony_Eyres7355@sveldo.biz,2011-12-19 09:03:51,85,8792
Kieth Oliver,Kieth_Oliver3550@liret.org,1874-02-27 09:27:39,82,8793
Maxwell Dempsey,Maxwell_Dempsey5983@yahoo.com,1893-08-26 17:35:30,30,8794
Benjamin Cassidy,Benjamin_Cassidy5686@womeona.net,1889-07-06 01:20:18,29,8795
Oliver Clarkson,Oliver_Clarkson6985@guentu.biz,1825-07-12 14:07:04,91,8796
Liv Richards,Liv_Richards7404@brety.org,1990-10-20 02:16:41,78,8797
Mike James,Mike_James7086@atink.com,1956-08-14 00:08:48,90,8798
Roger Murphy,Roger_Murphy5383@fuliss.net,1977-07-18 17:08:42,18,8799
Caitlyn Oswald,Caitlyn_Oswald6182@acrit.org,1953-01-27 05:13:49,73,8800
Eve Edley,Eve_Edley5703@ovock.tech,2019-10-25 01:43:32,34,8801
Chris Swan,Chris_Swan1836@deavo.com,1966-08-31 19:49:43,94,8802
Stella Styles,Stella_Styles6865@fuliss.net,1926-03-06 05:55:21,57,8803
Remy Bolton,Remy_Bolton1382@muall.tech,1897-12-31 09:34:34,18,8804
Payton Evans,Payton_Evans5190@fuliss.net,1870-02-27 08:21:53,67,8805
Lorraine Ingham,Lorraine_Ingham9102@mafthy.com,1874-10-22 05:56:33,52,8806
Percy Rycroft,Percy_Rycroft604@sheye.org,1865-02-28 04:09:31,44,8807
Quinn Torres,Quinn_Torres7312@tonsy.org,1836-11-16 08:02:40,80,8808
Vicky Wade,Vicky_Wade7588@nickia.com,1826-07-22 06:23:32,48,8809
Allison Leslie,Allison_Leslie1623@eirey.tech,1945-06-14 14:31:44,82,8810
Hank Locke,Hank_Locke5917@bretoux.com,1928-01-31 03:45:42,59,8811
Hank Palmer,Hank_Palmer8063@eirey.tech,1991-01-06 02:35:22,78,8812
Kurt Cadman,Kurt_Cadman1587@nanoff.biz,1985-08-16 05:05:27,64,8813
Rosa Cattell,Rosa_Cattell8998@nimogy.biz,2018-08-31 01:25:26,29,8814
Clint Sylvester,Clint_Sylvester549@irrepsy.com,2014-07-09 04:12:54,51,8815
Angelique Hepburn,Angelique_Hepburn203@qater.org,1874-12-29 13:39:25,57,8816
Tyler Smith,Tyler_Smith1393@dionrab.com,1835-04-15 20:22:06,38,8817
Evelynn Silva,Evelynn_Silva2453@qater.org,1905-04-20 02:32:40,33,8818
Robyn Lowe,Robyn_Lowe665@yahoo.com,1898-06-29 15:16:03,52,8819
Francesca Owen,Francesca_Owen9597@qater.org,1987-02-09 05:31:58,50,8820
Gladys Dowson,Gladys_Dowson6624@iatim.tech,1996-01-20 20:53:10,52,8821
Lynn Williams,Lynn_Williams2355@qater.org,1867-09-29 20:13:06,73,8822
Chloe Hamilton,Chloe_Hamilton6949@qater.org,1894-03-06 15:11:22,19,8823
Ryan Fox,Ryan_Fox2898@sveldo.biz,1987-02-11 21:30:25,31,8824
Mavis Uttley,Mavis_Uttley6420@eirey.tech,1898-04-07 10:45:06,68,8825
Kieth Ellwood,Kieth_Ellwood3089@fuliss.net,1912-01-07 11:23:48,39,8826
Ron Sinclair,Ron_Sinclair1549@gembat.biz,1937-06-03 10:40:07,19,8827
Denny Irwin,Denny_Irwin9434@nanoff.biz,1945-12-07 11:40:25,55,8828
Leslie Bloom,Leslie_Bloom7703@famism.biz,1862-12-22 03:15:17,71,8829
Jazmin Powell,Jazmin_Powell1833@bungar.biz,1986-11-16 05:55:25,73,8830
Raquel Turner,Raquel_Turner973@ubusive.com,1941-03-27 04:29:08,48,8831
Eve Horton,Eve_Horton3700@ubusive.com,1887-12-07 13:44:05,99,8832
Maxwell Wilton,Maxwell_Wilton4640@nickia.com,1967-11-04 15:35:00,45,8833
Keira Hudson,Keira_Hudson7602@cispeto.com,1856-11-28 05:58:25,54,8834
Anabelle Dwyer,Anabelle_Dwyer9172@deavo.com,1931-03-27 13:19:50,66,8835
Rufus Broomfield,Rufus_Broomfield4299@liret.org,1967-03-24 08:10:25,66,8836
Harry Patel,Harry_Patel8067@extex.org,1893-12-30 12:12:50,29,8837
Willow Plumb,Willow_Plumb6489@extex.org,1981-05-10 01:28:44,26,8838
Jennifer Alexander,Jennifer_Alexander4116@deons.tech,1995-02-16 16:48:31,82,8839
Tyler Radley,Tyler_Radley8425@cispeto.com,1902-12-01 03:18:54,46,8840
Jacob John,Jacob_John7176@corti.com,1950-04-13 04:11:25,52,8841
Isabella Carter,Isabella_Carter3281@kideod.biz,1941-02-18 19:04:42,28,8842
Julian Bristow,Julian_Bristow662@bretoux.com,1828-11-09 00:27:08,65,8843
Enoch Garner,Enoch_Garner3980@deons.tech,1975-05-23 19:01:53,54,8844
Caleb Richards,Caleb_Richards1116@twace.org,2010-07-22 14:13:23,92,8845
Roger Bradley,Roger_Bradley7992@deavo.com,1877-03-31 16:24:23,55,8846
Mya Wren,Mya_Wren8633@sheye.org,1996-06-26 07:02:13,72,8847
Alex Morris,Alex_Morris2752@kideod.biz,1843-08-10 07:33:55,47,8848
Erick Rowlands,Erick_Rowlands2345@fuliss.net,1932-09-01 04:44:40,84,8849
Russel Fleming,Russel_Fleming4565@hourpy.biz,2011-07-14 10:30:19,38,8850
Rosie Walsh,Rosie_Walsh7337@nanoff.biz,1968-01-07 21:18:21,66,8851
Marvin John,Marvin_John405@yahoo.com,1981-01-03 15:48:50,35,8852
Benny Devonport,Benny_Devonport4131@mafthy.com,1876-08-03 04:41:26,57,8853
Rocco Ventura,Rocco_Ventura6814@brety.org,1988-06-07 18:19:03,40,8854
Jane Antcliff,Jane_Antcliff1022@zorer.org,2004-10-13 22:34:24,20,8855
Catherine Spencer,Catherine_Spencer1218@grannar.com,1833-12-20 05:34:07,90,8856
Alexa Jones,Alexa_Jones8721@ovock.tech,1844-04-28 21:46:18,33,8857
Anais Stone,Anais_Stone5698@gompie.com,1988-10-22 03:14:31,73,8858
Rose Blackburn,Rose_Blackburn4194@tonsy.org,1820-08-08 03:06:07,72,8859
Wade Martin,Wade_Martin1820@brety.org,1903-07-11 22:31:09,79,8860
Camden Walsh,Camden_Walsh2283@yahoo.com,2014-11-13 20:05:32,76,8861
Kieth Brett,Kieth_Brett4583@mafthy.com,2005-07-17 21:26:40,95,8862
Harvey Adler,Harvey_Adler6431@mafthy.com,1975-05-16 02:33:49,31,8863
Vivian Anderson,Vivian_Anderson7871@nickia.com,1841-03-24 07:03:22,35,8864
Deborah Radley,Deborah_Radley4234@sheye.org,1942-10-18 03:43:34,84,8865
Jacqueline Dempsey,Jacqueline_Dempsey2170@naiker.biz,1856-06-17 12:37:37,39,8866
Nicholas Hale,Nicholas_Hale3820@qater.org,1874-01-01 20:15:46,57,8867
Josh Mcguire,Josh_Mcguire4679@hourpy.biz,2003-10-17 06:13:52,98,8868
Nathan Mcgee,Nathan_Mcgee195@nimogy.biz,1884-05-31 18:51:00,58,8869
Carina Redden,Carina_Redden1317@gmail.com,1979-03-31 17:10:33,58,8870
Daniel Ward,Daniel_Ward1078@liret.org,1938-04-16 10:22:22,89,8871
Darlene Osman,Darlene_Osman6604@muall.tech,1912-01-03 07:14:41,61,8872
Rosalie Page ,Rosalie_Page 2848@bulaffy.com,1997-02-07 10:55:05,21,8873
Bernadette Paterson,Bernadette_Paterson3904@jiman.org,1958-02-25 09:51:46,25,8874
Chelsea Weasley,Chelsea_Weasley1332@gompie.com,1875-11-15 21:44:28,92,8875
Maya Emerson,Maya_Emerson365@fuliss.net,1953-06-01 15:39:11,45,8876
Meredith Skinner,Meredith_Skinner3486@brety.org,1987-04-29 14:21:22,97,8877
Nick Thomas,Nick_Thomas5994@nimogy.biz,1831-10-01 12:07:41,70,8878
Fred Dillon,Fred_Dillon1846@gompie.com,1941-04-10 13:37:22,67,8879
Cristal Sylvester,Cristal_Sylvester4543@infotech44.tech,1883-04-21 03:07:23,78,8880
Harry Rycroft,Harry_Rycroft5110@guentu.biz,2019-07-02 01:51:20,96,8881
Caleb Morrison,Caleb_Morrison5593@joiniaa.com,1900-05-08 01:05:45,28,8882
Rosalee Powell,Rosalee_Powell7788@bungar.biz,1875-01-21 18:00:36,48,8883
Havana Eddison,Havana_Eddison9645@extex.org,1887-06-11 08:55:17,65,8884
Julian Walsh,Julian_Walsh4120@cispeto.com,1921-04-17 18:07:02,65,8885
Robyn Avery,Robyn_Avery2718@cispeto.com,1950-12-13 13:34:34,68,8886
Rhea Newton,Rhea_Newton9851@famism.biz,1957-03-05 18:00:33,24,8887
Tony Baxter,Tony_Baxter1867@vetan.org,1921-10-27 16:33:16,53,8888
Mason Wilkinson,Mason_Wilkinson410@twace.org,1994-05-10 01:26:26,45,8889
Abdul Fields,Abdul_Fields6904@gmail.com,1910-10-22 10:17:21,84,8890
Hayden Amstead,Hayden_Amstead9665@womeona.net,1840-06-06 05:10:39,18,8891
Sabrina Ellis,Sabrina_Ellis1518@twace.org,1929-04-23 02:12:50,32,8892
Denny West,Denny_West2405@acrit.org,1877-09-08 17:06:48,30,8893
Tyson Eagle,Tyson_Eagle4615@brety.org,1959-06-03 02:58:30,20,8894
Hannah Fowler,Hannah_Fowler4469@joiniaa.com,1959-08-03 10:12:33,85,8895
Maia Hogg,Maia_Hogg1934@tonsy.org,1889-12-21 05:17:36,38,8896
Kenzie Avery,Kenzie_Avery5225@infotech44.tech,1921-05-20 18:50:25,53,8897
Carl Connor,Carl_Connor8181@grannar.com,1968-06-24 13:06:49,71,8898
Scarlett Andersson,Scarlett_Andersson9860@typill.biz,1980-09-05 22:00:15,49,8899
Skylar Gray,Skylar_Gray2668@deavo.com,1912-12-23 11:15:28,91,8900
Cameron Neville,Cameron_Neville1318@joiniaa.com,1861-09-26 12:36:37,55,8901
Sofie Ellison,Sofie_Ellison9661@joiniaa.com,1975-11-12 14:22:41,31,8902
Norah Bailey,Norah_Bailey442@infotech44.tech,1941-10-18 17:26:06,25,8903
Janice Myatt,Janice_Myatt9449@naiker.biz,1866-04-06 17:23:34,67,8904
Chadwick Franks,Chadwick_Franks8157@vetan.org,1884-01-07 08:23:50,93,8905
Marvin Cameron,Marvin_Cameron3266@gmail.com,1832-05-14 00:44:09,83,8906
Dasha Mccormick,Dasha_Mccormick5379@liret.org,1913-10-22 11:30:10,32,8907
Bristol Wise,Bristol_Wise997@guentu.biz,1850-08-15 09:45:26,71,8908
Sarah Walker,Sarah_Walker1918@eirey.tech,1835-08-09 17:17:33,77,8909
Matt Edler,Matt_Edler7839@atink.com,1855-06-26 19:49:34,29,8910
Susan Boden,Susan_Boden6756@bulaffy.com,1948-08-31 08:26:25,36,8911
Brad Dyson,Brad_Dyson4974@grannar.com,1841-02-25 11:18:17,30,8912
Alan Lunt,Alan_Lunt4635@infotech44.tech,2019-06-19 21:00:55,76,8913
Maribel Crawford,Maribel_Crawford3070@zorer.org,1904-10-12 02:53:16,67,8914
Daron Cavanagh,Daron_Cavanagh3396@deons.tech,2009-03-12 16:44:14,22,8915
Michael Cameron,Michael_Cameron4262@elnee.tech,1933-04-07 20:44:41,93,8916
Bryon King,Bryon_King7175@bungar.biz,1828-02-06 01:58:37,27,8917
Andrea Pickard,Andrea_Pickard6842@elnee.tech,1900-05-18 08:36:21,20,8918
Elijah Whitmore,Elijah_Whitmore8913@famism.biz,1969-04-07 00:44:51,42,8919
Chadwick Moss,Chadwick_Moss3644@bungar.biz,1898-04-01 18:08:23,22,8920
Fred Harrington,Fred_Harrington1203@dionrab.com,1834-12-12 11:51:58,20,8921
Brad Brown,Brad_Brown6672@iatim.tech,1916-10-24 13:36:39,33,8922
Anais Harrington,Anais_Harrington3385@gompie.com,1941-11-19 08:39:45,21,8923
Alan Johnson,Alan_Johnson3158@nanoff.biz,1933-04-27 01:38:48,97,8924
Doris Oakley,Doris_Oakley8519@sveldo.biz,1875-03-25 22:32:43,54,8925
Hank Stuart,Hank_Stuart2111@famism.biz,1928-03-10 13:45:31,56,8926
Denis Corbett,Denis_Corbett9560@elnee.tech,2009-11-08 01:04:29,23,8927
Lindsay Pond,Lindsay_Pond6949@infotech44.tech,1986-01-02 13:15:13,43,8928
Denis Sawyer,Denis_Sawyer3239@gembat.biz,1903-10-30 17:58:15,69,8929
Daron Terry,Daron_Terry3476@twipet.com,1897-11-04 01:47:25,31,8930
Marina Quinton,Marina_Quinton6598@famism.biz,2000-11-19 08:45:14,36,8931
Ada Cameron,Ada_Cameron2357@qater.org,1989-03-07 20:46:43,18,8932
Moira Kidd,Moira_Kidd8698@sveldo.biz,1838-08-12 18:26:23,65,8933
Emerald Thomson,Emerald_Thomson654@deons.tech,1963-05-28 18:16:16,43,8934
Angela Bowen,Angela_Bowen342@muall.tech,1946-08-19 17:51:29,54,8935
Jayden Mcguire,Jayden_Mcguire4144@extex.org,1851-12-03 02:10:32,95,8936
Brooklyn Fields,Brooklyn_Fields6766@irrepsy.com,1861-09-04 11:28:08,28,8937
Benjamin Ingham,Benjamin_Ingham4199@infotech44.tech,1855-06-06 07:45:12,56,8938
Iris Miller,Iris_Miller9622@deons.tech,1914-10-09 16:25:04,94,8939
Miriam Eddison,Miriam_Eddison3304@liret.org,1841-07-29 14:04:33,54,8940
Alessandra Thompson,Alessandra_Thompson3772@supunk.biz,1991-10-01 18:38:25,84,8941
Johnny Adams,Johnny_Adams814@vetan.org,1851-05-24 22:23:34,99,8942
Gil Hill,Gil_Hill2158@cispeto.com,1904-06-26 20:09:11,89,8943
Alan Johnson,Alan_Johnson7613@ubusive.com,1833-08-29 04:33:33,37,8944
Tyler Powell,Tyler_Powell2645@deons.tech,1878-10-04 15:37:42,23,8945
Alan Edwards,Alan_Edwards5723@ovock.tech,1834-07-24 19:30:51,98,8946
Danielle Bradshaw,Danielle_Bradshaw5695@jiman.org,1942-01-17 02:11:43,63,8947
Lucas Thomson,Lucas_Thomson3508@bretoux.com,1910-07-10 01:08:07,36,8948
Harmony Hopkinson,Harmony_Hopkinson1256@bauros.biz,1882-07-12 17:37:48,39,8949
Danny Haines,Danny_Haines5843@jiman.org,1832-05-25 13:24:58,57,8950
Rosalyn Oatway,Rosalyn_Oatway1663@twace.org,1963-06-11 08:07:15,58,8951
Anne Gray,Anne_Gray6439@liret.org,1959-11-06 03:19:48,96,8952
Camellia Ranks,Camellia_Ranks4804@acrit.org,1868-11-16 16:15:04,38,8953
Mason Murphy,Mason_Murphy6558@famism.biz,1879-04-15 08:16:58,20,8954
Rick Gray,Rick_Gray3218@jiman.org,1917-09-15 07:03:21,65,8955
Parker Russell,Parker_Russell317@iatim.tech,1960-05-31 01:24:48,90,8956
Charlize Milner,Charlize_Milner64@muall.tech,1886-02-21 13:42:35,94,8957
Kirsten Curtis,Kirsten_Curtis7958@famism.biz,1868-02-12 02:03:12,88,8958
Anabelle Hood,Anabelle_Hood4898@gmail.com,1933-01-31 01:07:02,46,8959
Melania Ellison,Melania_Ellison1158@fuliss.net,1977-08-10 12:21:39,95,8960
Trisha Farrell,Trisha_Farrell4357@eirey.tech,1821-12-06 22:46:58,49,8961
Matt Moss,Matt_Moss9640@infotech44.tech,1894-06-24 05:33:37,25,8962
Hope Cork,Hope_Cork2576@deavo.com,1898-12-24 09:12:45,38,8963
Julian Chappell,Julian_Chappell2609@bungar.biz,1884-03-31 04:26:14,47,8964
John Herbert,John_Herbert6540@bauros.biz,1860-01-29 16:29:08,71,8965
Chuck Garcia,Chuck_Garcia5860@nimogy.biz,1914-07-27 21:12:42,87,8966
Matthew Moore,Matthew_Moore7362@nimogy.biz,1994-08-22 14:56:01,70,8967
Samara Hill,Samara_Hill2891@irrepsy.com,2017-06-30 07:01:30,60,8968
Daniel Lindsay,Daniel_Lindsay1312@deavo.com,1961-07-13 00:47:33,56,8969
Chuck Upsdell,Chuck_Upsdell3920@sheye.org,1992-02-24 05:23:56,89,8970
Samara Reading,Samara_Reading5065@kideod.biz,1972-08-06 14:25:06,75,8971
Kirsten Shields,Kirsten_Shields2107@tonsy.org,1954-07-26 15:52:01,99,8972
Rocco Ashley,Rocco_Ashley5577@liret.org,1863-05-27 01:55:30,68,8973
Brooklyn Webster,Brooklyn_Webster6425@ovock.tech,1995-11-09 10:32:39,95,8974
Eden Bayliss,Eden_Bayliss8732@bretoux.com,1925-05-21 06:30:11,25,8975
Chadwick Fields,Chadwick_Fields9667@fuliss.net,1969-12-05 09:54:15,37,8976
Olivia Daniells,Olivia_Daniells4856@infotech44.tech,1864-11-09 18:02:15,43,8977
Tony Jenkins,Tony_Jenkins775@bungar.biz,1881-08-14 02:29:14,76,8978
Caleb Selby,Caleb_Selby4286@kideod.biz,1892-10-08 12:06:37,33,8979
Caleb Palmer,Caleb_Palmer4331@liret.org,1888-11-16 14:12:53,25,8980
Megan Lee,Megan_Lee8845@zorer.org,1826-02-20 03:16:01,75,8981
Noah Flynn,Noah_Flynn5529@bretoux.com,1856-12-07 22:28:01,67,8982
Chanelle Woodley,Chanelle_Woodley740@qater.org,1960-07-13 19:45:49,66,8983
Celia Fenton,Celia_Fenton1457@extex.org,1958-04-28 06:50:33,52,8984
John Pierce,John_Pierce9438@gompie.com,1933-05-13 19:43:07,22,8985
Javier Lowe,Javier_Lowe2934@elnee.tech,1824-09-18 19:10:02,31,8986
Mina Brown,Mina_Brown4384@yahoo.com,1961-09-08 07:31:32,69,8987
Carl Dixon,Carl_Dixon6092@joiniaa.com,1897-04-29 14:27:29,40,8988
Sage Atkinson,Sage_Atkinson7831@liret.org,1919-04-02 16:18:41,97,8989
Maddison Tyler,Maddison_Tyler3941@eirey.tech,1986-03-03 18:37:53,89,8990
Jaylene Miller,Jaylene_Miller4973@atink.com,1869-04-12 05:33:52,22,8991
Chadwick Groves,Chadwick_Groves7590@bretoux.com,1829-10-22 16:39:12,62,8992
Kieth Locke,Kieth_Locke5841@sheye.org,1983-07-04 07:31:21,65,8993
Priscilla Radley,Priscilla_Radley6337@yahoo.com,1926-08-12 21:09:37,98,8994
Abbey Gordon,Abbey_Gordon6593@gompie.com,1917-12-06 09:03:04,34,8995
Marilyn Bright,Marilyn_Bright3601@guentu.biz,1872-06-25 11:34:43,45,8996
Mayleen Moss,Mayleen_Moss3158@corti.com,1903-12-23 18:02:43,82,8997
Gemma Rust,Gemma_Rust2307@twipet.com,1980-12-07 13:09:00,40,8998
Leroy Hopkinson,Leroy_Hopkinson1537@irrepsy.com,1900-03-05 12:11:43,80,8999
Tara Richards,Tara_Richards3052@famism.biz,1930-03-09 21:05:09,30,9000
Melody Hope,Melody_Hope2922@sveldo.biz,1931-01-27 03:11:04,25,9001
Jennifer Norton,Jennifer_Norton4532@bungar.biz,1956-07-14 05:03:50,25,9002
Rick Ellis,Rick_Ellis9775@bauros.biz,1966-05-16 02:42:10,78,9003
Chris Roberts,Chris_Roberts8560@vetan.org,1827-01-30 21:09:02,92,9004
Chadwick Campbell,Chadwick_Campbell6426@deons.tech,1959-04-16 18:57:22,47,9005
Emmanuelle Ebden,Emmanuelle_Ebden743@twipet.com,1832-11-16 01:19:31,49,9006
Lucas Jacobs,Lucas_Jacobs3317@eirey.tech,1859-05-27 07:42:50,91,9007
Barney Baker,Barney_Baker9411@hourpy.biz,1920-03-16 11:39:52,22,9008
Chester Stone ,Chester_Stone 8185@kideod.biz,2009-12-25 05:54:33,62,9009
Trisha Scott,Trisha_Scott6634@corti.com,1992-09-30 08:46:23,90,9010
Ally Ellery,Ally_Ellery4791@iatim.tech,1860-09-28 20:18:14,83,9011
Molly Clarkson,Molly_Clarkson4800@elnee.tech,1875-05-31 01:11:52,42,9012
Tyson Redwood,Tyson_Redwood3111@bungar.biz,1848-10-30 10:20:26,96,9013
Johnathan Marshall,Johnathan_Marshall68@deavo.com,1995-10-23 00:51:11,37,9014
Carter Spencer,Carter_Spencer7665@infotech44.tech,1936-08-05 03:08:13,35,9015
Chester Holmes,Chester_Holmes951@bungar.biz,2005-08-14 20:48:32,57,9016
Jacqueline Hobson,Jacqueline_Hobson2861@muall.tech,1996-12-03 02:25:45,63,9017
Hank Vallins,Hank_Vallins6436@liret.org,1827-03-30 17:23:20,45,9018
Johnny King,Johnny_King2470@atink.com,2018-03-08 18:10:04,82,9019
Dorothy Richardson,Dorothy_Richardson7136@cispeto.com,1926-02-21 01:22:07,24,9020
Samantha Shepherd,Samantha_Shepherd6656@ovock.tech,1943-07-16 03:15:50,91,9021
Evie Ebbs,Evie_Ebbs2156@corti.com,1900-09-25 09:35:07,71,9022
Adalie Cox,Adalie_Cox9893@mafthy.com,1828-02-21 20:16:07,76,9023
Melody Wright,Melody_Wright2643@guentu.biz,1873-09-29 22:27:16,62,9024
Caleb Quinn,Caleb_Quinn1870@vetan.org,1911-10-26 17:05:12,27,9025
Elise Torres,Elise_Torres4608@extex.org,1923-02-11 08:22:04,93,9026
Liam Owens,Liam_Owens1504@bungar.biz,1980-10-11 05:12:19,36,9027
Anthony Hope,Anthony_Hope5832@hourpy.biz,1935-12-04 14:10:22,28,9028
Courtney Mcguire,Courtney_Mcguire203@mafthy.com,1917-06-30 02:47:16,48,9029
Ryan Penn,Ryan_Penn3659@typill.biz,2010-01-16 08:09:14,84,9030
Kaylee Stewart,Kaylee_Stewart9894@nickia.com,1853-11-08 03:39:37,51,9031
Maxwell Chester,Maxwell_Chester9432@iatim.tech,2012-09-08 18:06:33,54,9032
Tyson Ward,Tyson_Ward9648@ubusive.com,1993-05-29 13:56:46,90,9033
Sadie Dallas,Sadie_Dallas5705@bulaffy.com,1971-08-26 00:04:20,52,9034
Jack Butler,Jack_Butler8735@corti.com,1963-01-19 13:25:43,87,9035
Monica Baker,Monica_Baker8028@sveldo.biz,1978-05-15 14:47:39,83,9036
Rihanna Clayton,Rihanna_Clayton7459@gembat.biz,1905-06-15 06:25:01,89,9037
Boris Riley,Boris_Riley1390@sveldo.biz,1870-06-29 05:02:28,68,9038
Carl Johnson,Carl_Johnson9374@bauros.biz,2003-08-10 19:06:26,28,9039
Barry Andrews,Barry_Andrews5494@hourpy.biz,1845-03-07 12:25:38,22,9040
Leah Fulton,Leah_Fulton8709@guentu.biz,1899-08-30 11:27:40,89,9041
Benny Hope,Benny_Hope550@cispeto.com,1914-04-07 22:56:58,42,9042
Cara Jobson,Cara_Jobson9019@brety.org,1966-05-22 07:12:18,99,9043
Erick Warner,Erick_Warner4244@nanoff.biz,1849-03-12 16:20:02,46,9044
Nathan Kaur,Nathan_Kaur5823@gompie.com,1935-03-19 20:20:02,47,9045
Logan Long,Logan_Long3574@corti.com,1876-09-15 03:30:08,31,9046
Daron Bryson,Daron_Bryson6869@nanoff.biz,1968-05-14 04:52:52,48,9047
Esmeralda Daniells,Esmeralda_Daniells6446@guentu.biz,1857-04-15 16:23:19,30,9048
Grace Furnell,Grace_Furnell9611@zorer.org,1844-02-18 08:02:55,90,9049
Bristol Martin,Bristol_Martin8758@twipet.com,1840-04-23 05:43:24,86,9050
Ronald Rixon,Ronald_Rixon6653@vetan.org,1914-12-02 15:46:27,42,9051
Shelby Mason,Shelby_Mason9868@ubusive.com,1839-04-30 02:11:48,21,9052
Sofie Downing,Sofie_Downing9945@supunk.biz,1929-02-08 10:02:21,83,9053
Ramon Clark,Ramon_Clark4825@bauros.biz,1984-11-26 11:30:21,50,9054
Ryan Robinson,Ryan_Robinson6359@ubusive.com,1862-09-03 00:12:31,33,9055
Angelique Uddin,Angelique_Uddin3755@irrepsy.com,1872-08-11 01:28:16,22,9056
Goldie Carter,Goldie_Carter6610@acrit.org,1935-04-29 18:41:13,60,9057
Tiffany Wilcox,Tiffany_Wilcox4248@mafthy.com,1981-02-18 12:18:38,32,9058
Sebastian Ingham,Sebastian_Ingham1703@hourpy.biz,2001-07-09 01:35:00,58,9059
Gabriel Graves,Gabriel_Graves2996@supunk.biz,1982-12-15 03:53:16,80,9060
Nicholas Clark,Nicholas_Clark271@mafthy.com,1891-07-21 04:29:45,72,9061
Jules Samuel,Jules_Samuel945@womeona.net,1973-06-15 03:15:49,54,9062
Laila Stevens,Laila_Stevens7381@bauros.biz,1933-08-20 08:31:02,82,9063
Owen Yarlett,Owen_Yarlett9013@bauros.biz,1861-08-29 06:27:33,56,9064
Diane Savage,Diane_Savage3544@naiker.biz,1827-03-21 04:08:45,68,9065
Michaela Rivers,Michaela_Rivers8367@liret.org,1867-04-14 14:14:16,20,9066
Cynthia Dillon,Cynthia_Dillon9923@extex.org,1829-12-31 16:53:19,45,9067
Carla Knight,Carla_Knight3652@bauros.biz,2013-05-11 08:19:55,76,9068
Megan Whitmore,Megan_Whitmore4280@sveldo.biz,1980-04-07 13:11:39,60,9069
oe Nicholls,oe_Nicholls5411@corti.com,1823-02-25 02:49:21,79,9070
Sloane May,Sloane_May4330@twace.org,1823-06-15 04:42:04,40,9071
Darlene Wigley,Darlene_Wigley5730@nickia.com,1967-07-11 20:01:52,33,9072
Michelle Hudson,Michelle_Hudson8127@bauros.biz,1913-05-10 10:08:51,78,9073
Bob Asher,Bob_Asher1932@gmail.com,1832-04-07 09:19:18,25,9074
Manuel Rogan,Manuel_Rogan3863@muall.tech,1877-01-19 16:36:51,80,9075
Gil Morgan,Gil_Morgan1670@jiman.org,1986-08-29 01:58:40,71,9076
Gabriel Lambert,Gabriel_Lambert3440@joiniaa.com,1888-09-29 07:06:11,68,9077
Ryan Harris,Ryan_Harris7935@gompie.com,1944-08-06 08:51:09,56,9078
Jane Whittle,Jane_Whittle1106@iatim.tech,1980-02-03 13:47:54,62,9079
Isabel Weston,Isabel_Weston6512@grannar.com,1939-10-04 00:45:57,43,9080
Benjamin Sanchez,Benjamin_Sanchez2488@kideod.biz,1926-02-18 07:09:35,71,9081
Ethan Abbot,Ethan_Abbot2120@bungar.biz,1956-12-07 17:43:41,67,9082
Cassidy Butler,Cassidy_Butler6518@vetan.org,1992-03-28 21:04:14,97,9083
Rick Reyes,Rick_Reyes8508@cispeto.com,1841-08-22 10:02:38,26,9084
Mona Moss,Mona_Moss2723@sveldo.biz,1988-01-25 14:26:42,89,9085
Anabel Hewitt,Anabel_Hewitt3687@grannar.com,1909-04-30 10:45:38,67,9086
John Waterson,John_Waterson6202@famism.biz,1985-06-19 06:57:41,84,9087
Danny Price,Danny_Price5999@atink.com,1886-02-15 07:53:32,80,9088
Peter Vince,Peter_Vince3749@sveldo.biz,1886-01-31 12:30:17,23,9089
Ron Chappell,Ron_Chappell533@corti.com,1855-04-29 11:34:13,40,9090
Martin Kennedy,Martin_Kennedy9111@iatim.tech,1851-06-14 04:27:12,36,9091
Jacqueline Durrant,Jacqueline_Durrant8853@acrit.org,1847-02-04 21:31:29,76,9092
Mavis Button,Mavis_Button6409@atink.com,1934-07-07 07:01:05,98,9093
Fred Groves,Fred_Groves2736@gembat.biz,1943-12-16 16:25:44,96,9094
Barney Ellis,Barney_Ellis765@bungar.biz,1846-03-23 10:29:41,47,9095
Ramon Glynn,Ramon_Glynn5170@fuliss.net,1976-03-28 21:05:44,22,9096
Ethan Jones,Ethan_Jones2269@joiniaa.com,1904-12-11 19:55:39,78,9097
Michelle Fox,Michelle_Fox5402@mafthy.com,1855-12-06 10:35:42,20,9098
Sienna Curtis,Sienna_Curtis7367@bauros.biz,1985-06-02 14:09:15,53,9099
Martin Burnley,Martin_Burnley6956@sveldo.biz,2012-02-11 16:04:39,59,9100
Erica Wilcox,Erica_Wilcox9694@infotech44.tech,1967-10-03 04:32:55,85,9101
Callie Richards,Callie_Richards7311@bungar.biz,1827-02-25 19:36:28,66,9102
Cadence Flynn,Cadence_Flynn2377@dionrab.com,1972-01-10 19:05:24,69,9103
Jacob Dobson,Jacob_Dobson2144@bauros.biz,1940-12-12 22:20:45,18,9104
Roger Snow,Roger_Snow4385@sveldo.biz,1884-12-06 05:55:44,25,9105
Aeris Ross,Aeris_Ross740@deavo.com,1937-07-19 19:35:53,35,9106
David Campbell,David_Campbell3080@supunk.biz,2008-03-31 09:09:57,45,9107
Melinda Yarwood,Melinda_Yarwood4767@infotech44.tech,1963-02-10 10:14:07,78,9108
Josh Pratt,Josh_Pratt3343@cispeto.com,1888-03-28 17:51:29,31,9109
Nathan Darcy,Nathan_Darcy5584@deons.tech,1923-11-28 21:54:03,32,9110
Dasha Adams,Dasha_Adams4196@yahoo.com,1944-11-09 05:07:06,99,9111
Harry Gaynor,Harry_Gaynor1624@deavo.com,1824-10-20 17:46:46,21,9112
Meredith Adler,Meredith_Adler8178@gompie.com,1955-04-28 00:17:22,54,9113
Kaylee Poulton,Kaylee_Poulton9446@hourpy.biz,1902-11-03 21:53:18,91,9114
Phillip Stone,Phillip_Stone5130@yahoo.com,1854-01-01 20:17:50,24,9115
Javier Campbell,Javier_Campbell128@fuliss.net,1896-12-10 09:08:50,47,9116
Anthony Dixon,Anthony_Dixon6669@liret.org,1937-09-17 09:31:19,42,9117
Kimberly Whitehouse,Kimberly_Whitehouse9049@ovock.tech,1920-06-24 17:08:45,50,9118
Joseph Weatcroft,Joseph_Weatcroft3008@deavo.com,1940-02-01 09:09:54,54,9119
Mike Milner,Mike_Milner9505@bretoux.com,1847-03-05 21:05:16,55,9120
Eryn Jarrett,Eryn_Jarrett5533@infotech44.tech,1996-06-23 15:13:03,60,9121
Jayden Becker,Jayden_Becker4474@mafthy.com,1986-10-23 11:26:56,70,9122
Mackenzie Rossi,Mackenzie_Rossi8982@bretoux.com,1883-10-22 18:31:35,85,9123
Johnathan Kerr,Johnathan_Kerr3274@muall.tech,1897-01-31 18:52:18,85,9124
Maxwell Drummond,Maxwell_Drummond4090@hourpy.biz,1960-10-28 09:36:21,56,9125
Peter King,Peter_King6428@jiman.org,1920-11-26 17:03:14,72,9126
Tony Parker,Tony_Parker2359@bungar.biz,2002-08-09 09:02:46,34,9127
Liliana Alldridge,Liliana_Alldridge1419@deavo.com,2016-12-23 03:11:03,68,9128
Hank Furnell,Hank_Furnell1222@tonsy.org,1843-05-24 13:13:02,30,9129
Matthew Funnell,Matthew_Funnell6594@brety.org,1977-12-28 13:51:28,94,9130
Jacob Locke,Jacob_Locke1550@kideod.biz,1823-04-28 08:57:54,42,9131
Logan Collins,Logan_Collins6293@sheye.org,2000-11-27 22:29:02,84,9132
Hank Powell,Hank_Powell6475@vetan.org,1876-07-25 22:27:23,93,9133
Jessica Vane,Jessica_Vane1328@ubusive.com,1924-07-25 08:01:39,32,9134
Logan Clarke,Logan_Clarke7545@naiker.biz,1823-06-24 17:01:52,86,9135
Gil Waterhouse,Gil_Waterhouse6607@mafthy.com,1840-12-07 09:10:32,31,9136
Leslie Bailey,Leslie_Bailey86@zorer.org,1841-02-14 20:50:18,37,9137
Tom Savage,Tom_Savage8618@famism.biz,1972-06-09 20:13:50,66,9138
Eduardo Rosenbloom,Eduardo_Rosenbloom5657@deons.tech,1890-03-19 09:03:32,35,9139
Hank Ebbs,Hank_Ebbs5136@twace.org,1996-01-21 00:16:51,73,9140
Noah Oliver,Noah_Oliver6569@twipet.com,1997-09-23 05:57:35,85,9141
Chester Thorpe,Chester_Thorpe9645@muall.tech,1844-08-02 07:00:53,61,9142
Elly Thorpe,Elly_Thorpe892@sveldo.biz,1891-07-14 10:18:43,32,9143
Blake Thornton,Blake_Thornton1847@kideod.biz,1944-10-11 05:53:16,35,9144
Russel Parsons,Russel_Parsons7268@fuliss.net,2014-02-05 20:29:51,18,9145
Wendy Gavin,Wendy_Gavin3442@fuliss.net,1885-01-30 13:37:32,94,9146
Jolene Willson,Jolene_Willson4368@dionrab.com,1940-12-25 18:07:30,19,9147
Luke Warden,Luke_Warden7025@elnee.tech,1864-04-23 08:34:04,29,9148
Maggie Murphy,Maggie_Murphy7346@vetan.org,1973-09-29 05:00:10,27,9149
Naomi Avery,Naomi_Avery3330@naiker.biz,1855-05-17 05:00:38,51,9150
Joseph Saunders,Joseph_Saunders8519@sveldo.biz,1848-05-22 05:39:54,82,9151
Ronald Simpson,Ronald_Simpson4004@irrepsy.com,1909-11-01 11:29:48,42,9152
Mike Widdows,Mike_Widdows3978@extex.org,1882-08-31 01:24:53,38,9153
Sabina Santos,Sabina_Santos6743@infotech44.tech,1965-01-06 22:34:37,57,9154
Eden Drake,Eden_Drake3961@nanoff.biz,1824-07-23 01:56:51,46,9155
Julian Nicholls,Julian_Nicholls3604@yahoo.com,1895-12-29 18:34:50,82,9156
Alexander Moran,Alexander_Moran6713@naiker.biz,1936-10-12 02:51:24,78,9157
Noah Radcliffe,Noah_Radcliffe3417@sheye.org,1981-09-02 15:32:13,97,9158
Roger Andersson,Roger_Andersson5602@gompie.com,1875-05-23 04:33:37,67,9159
Christine Maxwell,Christine_Maxwell8446@supunk.biz,1956-12-29 18:24:35,66,9160
Doris Oswald,Doris_Oswald1338@guentu.biz,1975-03-15 19:49:34,36,9161
Brad Wheeler,Brad_Wheeler8938@womeona.net,2019-12-07 06:11:06,59,9162
Caleb Willson,Caleb_Willson8230@hourpy.biz,1833-10-20 04:01:56,25,9163
John Strong,John_Strong6339@yahoo.com,1839-05-30 12:23:39,83,9164
Ada Mcgee,Ada_Mcgee4073@bulaffy.com,1950-02-15 00:48:19,50,9165
Harry Anderson,Harry_Anderson971@tonsy.org,1901-07-25 21:42:18,84,9166
Melanie Clayton,Melanie_Clayton4835@liret.org,1902-04-22 07:42:50,53,9167
Cedrick Walsh,Cedrick_Walsh3099@deons.tech,1834-08-15 12:48:53,32,9168
Florence Ramsey,Florence_Ramsey5592@deavo.com,1902-03-27 21:49:26,69,9169
Susan Forth,Susan_Forth8596@gembat.biz,1936-08-28 10:29:10,59,9170
Daron Howard,Daron_Howard8949@ovock.tech,1918-03-16 01:00:00,27,9171
Rita Kidd,Rita_Kidd1305@naiker.biz,1867-09-19 03:19:45,84,9172
Claire Blackburn,Claire_Blackburn2279@jiman.org,1943-04-16 18:39:06,60,9173
Regina Wright,Regina_Wright3988@qater.org,1965-04-11 08:47:36,36,9174
Adalie Coll,Adalie_Coll3295@sheye.org,1830-01-06 00:56:04,97,9175
David Thompson,David_Thompson3686@famism.biz,1988-03-15 00:43:36,45,9176
Taylor Vincent,Taylor_Vincent4898@corti.com,1982-06-14 10:24:16,22,9177
Noemi Heaton,Noemi_Heaton5464@irrepsy.com,1922-01-08 14:56:26,36,9178
Rosa Russell,Rosa_Russell1399@dionrab.com,1926-10-20 07:16:20,19,9179
Margaret Lowe,Margaret_Lowe2842@womeona.net,2007-01-24 01:20:49,96,9180
Rick Shields,Rick_Shields143@sveldo.biz,1842-01-17 08:10:52,62,9181
Leilani Cann,Leilani_Cann4042@brety.org,1991-12-22 18:44:24,95,9182
Maxwell Rowlands,Maxwell_Rowlands2614@gmail.com,1863-08-20 03:25:00,62,9183
Mark Barrett,Mark_Barrett4968@iatim.tech,2016-08-02 03:34:01,96,9184
Bridget Penn,Bridget_Penn8011@hourpy.biz,1945-04-01 08:45:32,73,9185
Jayden Brooks,Jayden_Brooks8956@irrepsy.com,1898-09-29 12:25:38,91,9186
Melania Khan,Melania_Khan3485@deons.tech,1999-07-05 22:46:45,80,9187
Fiona Upsdell,Fiona_Upsdell4583@naiker.biz,1889-05-27 18:15:25,78,9188
Nathan Underhill,Nathan_Underhill3372@elnee.tech,1856-07-31 08:12:01,38,9189
Winnie Uddin,Winnie_Uddin1315@fuliss.net,1861-10-23 22:02:42,93,9190
Renee Cooper,Renee_Cooper7880@infotech44.tech,1997-03-31 12:27:05,28,9191
Jayden Grady,Jayden_Grady9140@yahoo.com,1933-11-06 01:48:54,91,9192
Joseph Matthews,Joseph_Matthews5176@ubusive.com,2020-04-07 07:35:26,66,9193
Enoch Amstead,Enoch_Amstead5129@deons.tech,1880-11-15 08:06:22,62,9194
Emmanuelle Blythe,Emmanuelle_Blythe8961@nickia.com,1851-06-26 16:00:05,54,9195
Leah Huggins,Leah_Huggins8195@joiniaa.com,1999-08-06 18:28:27,96,9196
Adalie Wade,Adalie_Wade5033@bauros.biz,1982-11-17 16:28:49,77,9197
Louise Yang,Louise_Yang3861@jiman.org,1945-11-23 14:51:50,31,9198
Adalind Robertson,Adalind_Robertson43@elnee.tech,1865-04-07 15:42:06,33,9199
Josh Collins,Josh_Collins4143@infotech44.tech,1957-12-11 20:35:08,87,9200
Daria Shaw,Daria_Shaw3704@eirey.tech,1861-02-26 15:42:32,81,9201
Carter Chapman,Carter_Chapman3000@nimogy.biz,1875-03-09 10:01:03,61,9202
Matt Wheeler,Matt_Wheeler6448@liret.org,1881-10-27 07:02:24,65,9203
Estrella Benfield,Estrella_Benfield44@bauros.biz,1824-09-06 02:07:44,37,9204
Nicole Miller,Nicole_Miller3404@bungar.biz,1936-03-19 05:19:42,74,9205
Manuel Lloyd,Manuel_Lloyd6041@deavo.com,1902-02-04 20:31:08,95,9206
Caitlyn Swan,Caitlyn_Swan9721@yahoo.com,1863-03-16 04:37:32,72,9207
Dani Pope,Dani_Pope8296@fuliss.net,1862-08-05 19:01:41,70,9208
Ellen Flett,Ellen_Flett7288@ubusive.com,1998-11-20 11:07:17,45,9209
Rae Parker,Rae_Parker8081@acrit.org,1996-07-31 14:11:18,77,9210
Rick Healy,Rick_Healy574@womeona.net,2007-10-12 13:42:35,58,9211
Candace Gordon,Candace_Gordon5028@guentu.biz,2003-01-17 07:33:37,28,9212
Gil Middleton,Gil_Middleton2148@womeona.net,1934-02-16 07:26:28,27,9213
Vivian Graham,Vivian_Graham9854@jiman.org,1908-08-04 04:15:11,50,9214
Stephanie Blackwall,Stephanie_Blackwall8140@sheye.org,1873-08-31 17:28:54,53,9215
Gil Mcneill,Gil_Mcneill1896@extex.org,1883-06-19 06:33:30,97,9216
Charlize Kelly,Charlize_Kelly4830@bulaffy.com,2006-11-27 03:49:14,54,9217
Miley Penn,Miley_Penn2413@hourpy.biz,2010-02-10 12:30:26,40,9218
Denis Butler,Denis_Butler534@gompie.com,1923-02-02 01:30:58,95,9219
Miriam Thorne,Miriam_Thorne2220@naiker.biz,1853-02-21 12:02:53,86,9220
Daniel Crawley,Daniel_Crawley4766@deavo.com,1912-12-05 15:18:21,22,9221
Stephanie Alldridge,Stephanie_Alldridge2537@atink.com,1975-01-13 13:10:53,50,9222
Ilona Cavanagh,Ilona_Cavanagh2968@twipet.com,1839-05-11 07:09:27,72,9223
Rufus James,Rufus_James6109@nanoff.biz,1998-10-19 13:03:20,27,9224
Sydney Reynolds,Sydney_Reynolds9356@nanoff.biz,1895-06-25 11:28:03,18,9225
Chadwick Allen,Chadwick_Allen4985@infotech44.tech,1911-03-09 01:55:10,68,9226
Cassidy Wild,Cassidy_Wild6935@muall.tech,1873-12-28 03:30:05,39,9227
Luna Booth,Luna_Booth7919@gompie.com,1840-11-23 11:54:07,93,9228
Violet Lewis,Violet_Lewis4474@sveldo.biz,1827-12-08 08:06:37,76,9229
Phillip Rose,Phillip_Rose7243@extex.org,1883-10-23 20:27:17,92,9230
Aileen Warner,Aileen_Warner7954@hourpy.biz,1824-10-03 12:20:55,89,9231
Bridget Calderwood,Bridget_Calderwood2641@yahoo.com,1870-08-29 09:24:34,67,9232
Robyn Faulkner,Robyn_Faulkner3767@elnee.tech,1923-12-12 15:06:46,38,9233
Estrella Townend,Estrella_Townend2162@deavo.com,1940-06-06 10:17:36,24,9234
Gabriel Butler,Gabriel_Butler7562@bauros.biz,1957-03-30 19:36:41,79,9235
Audrey Kerr,Audrey_Kerr6808@fuliss.net,1853-10-04 02:00:21,44,9236
Chelsea West,Chelsea_West6829@nickia.com,2005-03-07 11:35:32,52,9237
Livia May,Livia_May5098@sveldo.biz,1995-02-27 19:07:36,79,9238
Tyler Fulton,Tyler_Fulton481@acrit.org,1967-06-26 03:55:12,62,9239
Russel Emmett,Russel_Emmett2915@brety.org,1837-11-07 10:29:05,85,9240
Wade Richardson,Wade_Richardson2743@infotech44.tech,1976-07-14 15:21:34,28,9241
Kieth Warner,Kieth_Warner6024@iatim.tech,1880-12-06 00:29:19,94,9242
Carrie Wilton,Carrie_Wilton207@bungar.biz,1884-10-01 03:30:46,19,9243
Tara Rodgers,Tara_Rodgers7948@mafthy.com,1911-04-10 00:08:04,64,9244
Erick Shepherd,Erick_Shepherd765@liret.org,1919-08-29 01:20:38,52,9245
Ellen Eastwood,Ellen_Eastwood1616@dionrab.com,1940-11-16 19:01:19,70,9246
Chester Robinson,Chester_Robinson5645@brety.org,2008-06-12 22:35:01,32,9247
Hayden Tate,Hayden_Tate7599@zorer.org,2011-01-21 04:18:46,54,9248
Clarissa Rowe,Clarissa_Rowe3631@bungar.biz,1904-04-03 04:51:42,98,9249
Doug Pond,Doug_Pond4342@infotech44.tech,2001-12-18 05:47:20,42,9250
Juliette Edwards,Juliette_Edwards4743@twace.org,1862-06-20 12:24:17,27,9251
Clint Parr,Clint_Parr8944@supunk.biz,1976-10-05 06:12:37,44,9252
Roger Jones,Roger_Jones343@gompie.com,1887-02-13 01:58:47,96,9253
Domenic Jobson,Domenic_Jobson4908@bulaffy.com,1978-03-21 11:22:14,77,9254
Mike Speed,Mike_Speed6075@gompie.com,1841-10-25 16:53:02,32,9255
Matt Furnell,Matt_Furnell225@grannar.com,1909-10-06 13:17:53,82,9256
Ryan Cowan,Ryan_Cowan3397@supunk.biz,1822-11-13 12:44:58,67,9257
Daniel Exton,Daniel_Exton9054@kideod.biz,2012-08-17 11:15:26,55,9258
Marilyn Stubbs,Marilyn_Stubbs6187@acrit.org,1960-12-26 05:56:55,55,9259
Dorothy Ripley,Dorothy_Ripley4565@mafthy.com,1878-07-21 04:13:12,64,9260
Stella Dallas,Stella_Dallas4450@guentu.biz,1959-01-08 01:15:33,66,9261
Bryon Whatson,Bryon_Whatson4607@nanoff.biz,2016-09-09 14:58:58,74,9262
Madelyn Tyler,Madelyn_Tyler5313@joiniaa.com,1834-06-18 10:30:19,31,9263
Jayden Verdon,Jayden_Verdon8905@guentu.biz,1949-07-29 05:29:42,71,9264
Greta Chappell,Greta_Chappell3548@womeona.net,1993-02-02 08:00:16,67,9265
Macy Crawley,Macy_Crawley5212@sheye.org,2019-06-09 03:22:02,86,9266
Bob Emmett,Bob_Emmett4027@typill.biz,1949-07-14 06:55:34,61,9267
Charlize Adams,Charlize_Adams3362@yahoo.com,1989-08-25 04:27:00,62,9268
Lana Kelly,Lana_Kelly7228@cispeto.com,1941-03-04 00:31:07,90,9269
Marigold Dillon,Marigold_Dillon8897@joiniaa.com,1842-12-20 00:58:32,90,9270
Tyson Mcleod,Tyson_Mcleod7530@zorer.org,1925-05-08 20:53:28,93,9271
Johnathan Penn,Johnathan_Penn4959@twace.org,1982-04-19 07:13:52,34,9272
Matthew Gordon,Matthew_Gordon6945@yahoo.com,1996-07-07 15:22:54,94,9273
Elijah Grey,Elijah_Grey1201@ovock.tech,1873-10-27 00:28:50,98,9274
Sofie Bell,Sofie_Bell1947@dionrab.com,1980-04-22 10:56:44,67,9275
Enoch Kirby,Enoch_Kirby3569@jiman.org,1987-11-04 13:43:42,98,9276
Caleb Cassidy,Caleb_Cassidy5544@deons.tech,1941-11-01 18:15:31,89,9277
Alexander Wheeler,Alexander_Wheeler9183@cispeto.com,1913-09-03 16:37:36,37,9278
Fred Kelly,Fred_Kelly3291@twace.org,1833-04-03 02:32:49,27,9279
John Holmes,John_Holmes8782@twace.org,1853-08-12 03:29:06,56,9280
Dorothy Woods,Dorothy_Woods8906@naiker.biz,2014-10-10 09:10:50,84,9281
Grace Harrington,Grace_Harrington4816@gompie.com,1846-02-02 20:38:25,19,9282
Lexi Woods,Lexi_Woods4175@gembat.biz,1925-07-12 01:28:46,45,9283
Elijah Addison,Elijah_Addison1460@liret.org,1859-06-03 06:43:31,30,9284
Tom Powell,Tom_Powell274@extex.org,1958-08-05 03:16:17,18,9285
Clint Milner,Clint_Milner968@infotech44.tech,1974-03-24 18:00:40,40,9286
Jolene Martin,Jolene_Martin5162@cispeto.com,2007-05-19 10:57:15,49,9287
Gwenyth Harrington,Gwenyth_Harrington2800@gmail.com,1931-04-15 12:23:25,59,9288
Kurt Poulton,Kurt_Poulton7798@dionrab.com,1979-08-19 03:24:10,55,9289
Mark Brett,Mark_Brett2583@eirey.tech,1963-05-12 12:10:30,21,9290
Alexia Chadwick,Alexia_Chadwick9219@nanoff.biz,1840-01-08 09:46:42,52,9291
Domenic Purvis,Domenic_Purvis1767@bulaffy.com,1841-04-12 17:35:26,76,9292
Estrella Pond,Estrella_Pond7997@infotech44.tech,1929-01-09 02:50:01,71,9293
Melody Vollans,Melody_Vollans3884@jiman.org,1856-09-02 17:15:35,97,9294
Denny Knight,Denny_Knight7500@liret.org,1822-12-06 16:51:20,30,9295
Anthony Upsdell,Anthony_Upsdell8111@eirey.tech,1860-07-16 08:13:55,69,9296
Jacqueline Kennedy,Jacqueline_Kennedy728@elnee.tech,1990-12-23 11:10:53,77,9297
Melinda Noach,Melinda_Noach4686@bretoux.com,1907-12-08 07:02:33,96,9298
Sebastian Mccormick,Sebastian_Mccormick8803@nimogy.biz,1830-02-12 14:03:08,24,9299
Scarlett Richardson,Scarlett_Richardson9791@extex.org,1994-03-18 13:36:19,49,9300
Kaylee Beal,Kaylee_Beal6301@typill.biz,1914-11-28 21:15:29,84,9301
Noemi Lewin,Noemi_Lewin9860@typill.biz,1966-05-07 00:51:22,48,9302
Julianna Watson,Julianna_Watson8255@bungar.biz,1976-04-05 04:01:27,53,9303
Sara Harris,Sara_Harris1841@irrepsy.com,1876-12-21 06:51:03,35,9304
Melody Pearson,Melody_Pearson3211@gembat.biz,1912-04-03 20:19:10,39,9305
Julian Victor,Julian_Victor9545@nanoff.biz,1827-07-12 11:08:41,21,9306
Helen Baxter,Helen_Baxter660@infotech44.tech,1847-11-12 14:27:30,60,9307
Kenzie Moore,Kenzie_Moore1638@jiman.org,1990-04-27 20:42:35,56,9308
Manuel Thatcher,Manuel_Thatcher2063@mafthy.com,1842-04-15 11:45:01,53,9309
Tony Dickson,Tony_Dickson266@bungar.biz,1852-10-01 13:29:20,24,9310
Tyson Potts,Tyson_Potts6496@typill.biz,1958-02-18 21:04:39,43,9311
Mavis Buckley,Mavis_Buckley2330@atink.com,1908-04-13 02:34:27,89,9312
Paula Darcy,Paula_Darcy842@brety.org,1883-04-17 22:46:14,27,9313
Taylor Richards,Taylor_Richards5302@iatim.tech,1912-06-16 01:11:23,92,9314
Phoebe Bloom,Phoebe_Bloom7072@twipet.com,1823-12-12 13:55:51,57,9315
Thea Stevens,Thea_Stevens4729@elnee.tech,2020-04-03 22:42:53,59,9316
Rachael Booth,Rachael_Booth5614@yahoo.com,1966-08-13 08:00:35,74,9317
Vicky Norman,Vicky_Norman5604@nickia.com,1869-06-20 17:43:46,76,9318
Andie Tyrrell,Andie_Tyrrell7527@famism.biz,1877-07-26 08:53:06,69,9319
Johnny Coates,Johnny_Coates8884@tonsy.org,1832-12-17 13:31:39,64,9320
Harry Turner,Harry_Turner1796@deons.tech,1856-04-03 18:27:47,32,9321
Wade Wilson,Wade_Wilson1972@naiker.biz,1954-10-24 05:04:30,79,9322
Chris Simpson,Chris_Simpson9853@gembat.biz,1835-01-12 14:18:21,68,9323
Vanessa Webster,Vanessa_Webster2229@deons.tech,1843-09-18 16:43:39,88,9324
Lindsay Drummond,Lindsay_Drummond9255@supunk.biz,1872-05-18 08:04:05,61,9325
Chris Benson,Chris_Benson9141@gembat.biz,1850-01-28 16:20:57,19,9326
Chris Uttley,Chris_Uttley1848@cispeto.com,1823-09-07 03:42:06,73,9327
Chris Woods,Chris_Woods6547@eirey.tech,1906-05-19 08:57:35,95,9328
Caleb Craig,Caleb_Craig8355@sheye.org,1856-12-31 04:09:00,95,9329
Summer Oakley,Summer_Oakley6426@twipet.com,1822-08-11 18:54:24,47,9330
Ron Williams,Ron_Williams4283@gompie.com,1891-08-06 01:20:38,82,9331
Sara Baldwin,Sara_Baldwin290@ubusive.com,1828-01-16 06:15:24,44,9332
Wendy Haines,Wendy_Haines1683@eirey.tech,1941-03-07 16:45:21,38,9333
Isabel Nash,Isabel_Nash2403@hourpy.biz,1823-11-10 12:46:16,51,9334
Kimberly Payne,Kimberly_Payne2202@nanoff.biz,1959-04-30 14:42:18,39,9335
Scarlett Allen,Scarlett_Allen945@gompie.com,1843-12-10 22:47:10,96,9336
Jayden Noach,Jayden_Noach4067@nanoff.biz,1887-08-30 03:29:11,43,9337
Aiden Collins,Aiden_Collins21@gembat.biz,2008-02-27 11:28:00,63,9338
Ronald Stuart,Ronald_Stuart992@cispeto.com,1832-06-09 21:27:39,77,9339
Angelina Hancock,Angelina_Hancock3170@naiker.biz,1985-10-16 19:05:02,85,9340
Percy Randall,Percy_Randall9998@sheye.org,1868-07-16 12:30:52,69,9341
Camellia Gallacher,Camellia_Gallacher6171@infotech44.tech,1945-06-10 18:53:52,27,9342
Danny Savage,Danny_Savage4716@eirey.tech,1968-01-18 20:39:12,49,9343
Nina Long,Nina_Long1824@yahoo.com,1993-03-12 10:27:19,40,9344
Faith Robinson,Faith_Robinson500@deons.tech,1935-06-12 21:58:20,31,9345
Doug Pitt,Doug_Pitt9319@elnee.tech,1983-09-06 06:03:43,20,9346
Josh Clarke,Josh_Clarke5040@grannar.com,1870-09-03 00:36:34,27,9347
Denny Bryant,Denny_Bryant6227@vetan.org,2016-09-04 03:45:22,74,9348
Karen Turner,Karen_Turner531@gmail.com,1842-07-13 04:30:44,35,9349
Domenic Thompson,Domenic_Thompson2896@bungar.biz,1942-12-22 02:04:29,86,9350
Dalia Wood,Dalia_Wood2335@fuliss.net,1950-05-10 09:34:18,54,9351
Clint Sylvester,Clint_Sylvester557@eirey.tech,1909-08-17 12:14:07,54,9352
Kassandra Cavanagh,Kassandra_Cavanagh3675@grannar.com,1972-12-29 14:16:41,18,9353
Gina Attwood,Gina_Attwood5522@atink.com,1912-10-03 11:05:03,77,9354
Willow Hall,Willow_Hall3230@womeona.net,1830-04-25 16:39:02,57,9355
Leslie Widdows,Leslie_Widdows599@bauros.biz,1822-04-28 10:02:40,37,9356
David Eyres,David_Eyres3158@mafthy.com,1944-01-31 05:07:53,82,9357
Russel Nicholls,Russel_Nicholls4004@brety.org,1916-05-05 07:31:49,58,9358
Anthony Victor,Anthony_Victor2253@ovock.tech,2013-03-13 02:12:46,29,9359
Nick York,Nick_York8147@deavo.com,1942-07-31 16:51:43,93,9360
Harry Gunn,Harry_Gunn2627@womeona.net,1940-03-04 16:32:20,40,9361
Melania Watson,Melania_Watson2021@tonsy.org,1832-11-29 20:38:21,69,9362
oe Denton,oe_Denton7722@naiker.biz,1916-07-12 01:22:40,27,9363
Nick Wise,Nick_Wise9167@nimogy.biz,1910-09-20 04:57:41,46,9364
Ryan Rose,Ryan_Rose5120@irrepsy.com,1829-06-28 06:11:36,70,9365
Tyler Flanders,Tyler_Flanders1134@joiniaa.com,1975-09-14 05:58:27,22,9366
Johnny Harvey,Johnny_Harvey2294@cispeto.com,1862-06-01 03:16:30,78,9367
Cedrick Adams,Cedrick_Adams256@acrit.org,2004-07-03 03:48:18,79,9368
Holly Yates,Holly_Yates507@gmail.com,1962-09-18 22:40:29,92,9369
Bristol King,Bristol_King6456@typill.biz,2007-12-28 16:38:58,38,9370
Ellen Phillips,Ellen_Phillips8785@sheye.org,1989-09-22 02:28:44,58,9371
Jack Button,Jack_Button7179@hourpy.biz,1959-01-13 13:47:50,83,9372
Rosalyn Slater,Rosalyn_Slater6071@grannar.com,1952-01-30 08:18:13,52,9373
Emely Harper,Emely_Harper531@qater.org,1868-10-10 03:51:16,60,9374
Ruby Brooks,Ruby_Brooks11@twipet.com,1972-03-14 12:46:48,26,9375
Eduardo Slater,Eduardo_Slater1976@fuliss.net,1907-09-07 04:04:19,27,9376
Enoch Lee,Enoch_Lee3340@bretoux.com,1844-01-30 14:37:51,66,9377
Johnathan Thomson,Johnathan_Thomson3384@tonsy.org,1974-12-05 12:46:18,82,9378
Andrea Young,Andrea_Young1170@famism.biz,1872-07-26 16:36:02,51,9379
Gloria Ryan,Gloria_Ryan1536@dionrab.com,1988-02-21 05:35:41,31,9380
Cedrick Santos,Cedrick_Santos2253@mafthy.com,1953-06-03 09:26:00,36,9381
Lucas Stone,Lucas_Stone5410@extex.org,1993-02-04 06:08:16,21,9382
Aleksandra Norton,Aleksandra_Norton4541@womeona.net,1908-06-23 03:21:16,46,9383
Tom Coleman,Tom_Coleman1553@muall.tech,1867-06-10 15:16:31,50,9384
Quinn Irving,Quinn_Irving8204@cispeto.com,1950-03-30 07:00:09,34,9385
Roger Hope,Roger_Hope6499@sheye.org,1852-11-02 07:27:40,29,9386
William Smith,William_Smith6678@nimogy.biz,2012-05-27 07:35:53,79,9387
Ronald Fenton,Ronald_Fenton8865@tonsy.org,1845-11-19 08:44:55,90,9388
Kenzie Goldsmith,Kenzie_Goldsmith777@naiker.biz,1912-01-23 14:26:22,57,9389
Bristol Rogers,Bristol_Rogers3968@guentu.biz,1984-07-07 02:55:08,63,9390
Jenna Corbett,Jenna_Corbett4151@fuliss.net,1932-05-13 11:25:27,70,9391
Benny Walsh,Benny_Walsh8009@yahoo.com,1891-09-03 19:05:52,36,9392
Michaela Jennson,Michaela_Jennson4198@hourpy.biz,2016-11-18 09:11:00,48,9393
Tyson Gardner,Tyson_Gardner3891@grannar.com,1896-09-04 01:46:04,36,9394
Maxwell Mcgee,Maxwell_Mcgee7470@nimogy.biz,1891-04-06 15:46:21,61,9395
Marie Russell,Marie_Russell9129@gembat.biz,1913-06-22 11:40:34,20,9396
Jayden Hammond,Jayden_Hammond904@vetan.org,1892-08-24 21:08:14,71,9397
Bart Shelton,Bart_Shelton6592@eirey.tech,1848-04-13 20:27:43,57,9398
Benjamin Booth,Benjamin_Booth4795@gmail.com,1824-07-26 08:41:10,25,9399
Chadwick Johnson,Chadwick_Johnson408@dionrab.com,1957-04-12 17:52:07,44,9400
Luna Randall,Luna_Randall7185@gembat.biz,2010-06-22 22:23:38,24,9401
Regina Brock,Regina_Brock981@brety.org,1923-12-29 10:55:41,66,9402
Fiona Horton,Fiona_Horton1649@naiker.biz,2008-06-07 19:58:34,64,9403
Kieth Pratt,Kieth_Pratt4008@dionrab.com,1972-03-23 02:06:15,53,9404
Doug Bell,Doug_Bell935@cispeto.com,1984-03-10 09:06:18,63,9405
Belinda Shaw,Belinda_Shaw5417@ubusive.com,1855-12-02 13:21:55,40,9406
Rosalee Locke,Rosalee_Locke876@deavo.com,1935-06-02 16:32:01,97,9407
Bryon Stewart,Bryon_Stewart2831@grannar.com,1826-02-17 04:51:38,96,9408
Fred Lane,Fred_Lane198@ubusive.com,1928-11-30 18:46:03,91,9409
Julian Crawford,Julian_Crawford9819@bretoux.com,1829-04-12 03:56:22,94,9410
Manuel Niles,Manuel_Niles3496@twace.org,2001-04-12 03:52:58,43,9411
Mayleen Oliver,Mayleen_Oliver9739@bauros.biz,1900-09-12 07:47:44,31,9412
Emma Edwards,Emma_Edwards1380@naiker.biz,1961-08-21 03:41:57,59,9413
Wade Whitehouse,Wade_Whitehouse7189@qater.org,1953-11-24 14:18:52,53,9414
Carter Pond,Carter_Pond7597@guentu.biz,1915-08-13 00:12:13,92,9415
Callie Craig,Callie_Craig2167@tonsy.org,1856-06-16 08:55:33,53,9416
Lana Santos,Lana_Santos4818@elnee.tech,1973-08-26 04:58:06,24,9417
Ronald Camden,Ronald_Camden3218@sheye.org,1986-04-27 02:42:14,43,9418
Tom Rixon,Tom_Rixon676@naiker.biz,1928-09-05 00:16:31,73,9419
Kamila Kennedy,Kamila_Kennedy4571@nickia.com,2012-09-24 00:18:19,28,9420
Liv Coleman,Liv_Coleman1471@atink.com,1962-09-02 09:52:26,46,9421
Catherine Haines,Catherine_Haines2568@brety.org,1982-08-19 22:50:40,90,9422
Tom Thompson,Tom_Thompson4368@naiker.biz,1835-04-11 05:27:38,83,9423
Erick Chappell,Erick_Chappell1045@famism.biz,1959-12-10 19:19:54,24,9424
Lucy Locke,Lucy_Locke1864@iatim.tech,1950-01-23 22:29:43,88,9425
Cherish Welsch,Cherish_Welsch4575@supunk.biz,1882-12-16 12:38:21,23,9426
Maggie Crawley,Maggie_Crawley6461@womeona.net,1871-06-19 05:35:12,20,9427
Catherine Callan,Catherine_Callan6137@sheye.org,1944-06-02 02:16:48,29,9428
Joseph Garcia,Joseph_Garcia7801@typill.biz,1955-09-19 04:54:42,78,9429
Hadley Morrison,Hadley_Morrison8590@vetan.org,1849-08-22 20:10:39,47,9430
Nina Nanton,Nina_Nanton7042@bulaffy.com,1890-06-05 05:00:40,80,9431
John Walton,John_Walton2166@infotech44.tech,1961-05-05 05:27:49,87,9432
Johnny Chapman,Johnny_Chapman4703@zorer.org,1972-12-28 15:04:58,68,9433
Louise Irving,Louise_Irving4512@bauros.biz,1961-10-22 10:01:51,55,9434
Marilyn Nayler,Marilyn_Nayler9566@grannar.com,1996-08-27 08:44:52,92,9435
Tyson White,Tyson_White8123@twipet.com,1833-07-13 11:48:48,29,9436
Rylee Taylor,Rylee_Taylor716@yahoo.com,1867-11-06 15:22:27,40,9437
Barry Rogers,Barry_Rogers3748@supunk.biz,2004-02-14 01:54:54,99,9438
Carter Mason,Carter_Mason800@deavo.com,1881-04-26 14:47:09,74,9439
Owen Gilbert,Owen_Gilbert7319@naiker.biz,1880-07-25 03:09:54,43,9440
Chuck Palmer,Chuck_Palmer6113@nickia.com,1957-08-29 19:56:24,48,9441
Ryan Simpson,Ryan_Simpson8354@brety.org,1969-08-30 22:55:21,77,9442
Manuel Boden,Manuel_Boden7824@dionrab.com,1939-10-09 00:50:34,25,9443
Lindsay Walsh,Lindsay_Walsh6091@sheye.org,1907-01-30 14:33:23,20,9444
Owen Richards,Owen_Richards7997@deavo.com,1946-05-14 17:21:58,21,9445
Crystal Moore,Crystal_Moore1972@nimogy.biz,1893-03-26 17:29:32,24,9446
Ramon Lindop,Ramon_Lindop3247@mafthy.com,1833-01-01 13:17:03,42,9447
Domenic Summers,Domenic_Summers3279@jiman.org,2016-04-08 10:24:04,53,9448
Carmella Carson,Carmella_Carson5462@bauros.biz,1935-01-26 02:47:54,51,9449
Marvin Upton,Marvin_Upton3291@gmail.com,1915-12-12 06:03:12,70,9450
Alice Clarke,Alice_Clarke6892@bungar.biz,2008-10-25 15:28:55,75,9451
Johnny Woods,Johnny_Woods1125@liret.org,2019-02-21 02:49:33,19,9452
Amy Rycroft,Amy_Rycroft6573@iatim.tech,2012-05-26 08:12:56,82,9453
Luke Moss,Luke_Moss4373@supunk.biz,1899-11-05 08:10:35,85,9454
Benjamin Kerr,Benjamin_Kerr2166@cispeto.com,1891-02-24 16:54:06,48,9455
Lana Knight,Lana_Knight1930@nimogy.biz,1876-07-30 02:37:03,98,9456
Juliette Blackwall,Juliette_Blackwall1478@extex.org,1914-03-17 02:58:43,85,9457
Carolyn Everett,Carolyn_Everett7475@sveldo.biz,1887-09-08 20:08:08,39,9458
Hope Steer,Hope_Steer5863@elnee.tech,1874-08-07 21:01:44,26,9459
Boris Corbett,Boris_Corbett6293@liret.org,1907-12-02 02:42:12,22,9460
Jules Logan,Jules_Logan2765@bauros.biz,1899-12-03 04:43:04,46,9461
Iris Owen,Iris_Owen7998@brety.org,1846-08-04 08:55:42,77,9462
Barney Kelly,Barney_Kelly6318@cispeto.com,1996-11-07 19:35:30,73,9463
Macy Kelly,Macy_Kelly882@yahoo.com,1921-04-11 06:48:49,20,9464
Macy Sawyer,Macy_Sawyer4070@brety.org,1894-08-09 05:17:52,26,9465
Marilyn Harris,Marilyn_Harris4938@cispeto.com,1847-08-30 11:32:44,89,9466
Benjamin Graves,Benjamin_Graves4039@sveldo.biz,1859-06-25 00:24:45,37,9467
Michael Gilmour,Michael_Gilmour6777@nickia.com,1892-07-10 03:48:53,30,9468
Michael Graham,Michael_Graham4006@vetan.org,1836-01-24 04:25:34,91,9469
Fred Mcguire,Fred_Mcguire9603@corti.com,1907-01-30 21:31:17,61,9470
Rocco Butler,Rocco_Butler6561@eirey.tech,1926-02-19 01:19:48,30,9471
Cynthia Griffiths,Cynthia_Griffiths6102@liret.org,2020-04-02 21:49:47,20,9472
Ryan Ingram,Ryan_Ingram8720@liret.org,1851-08-16 10:08:11,37,9473
Miriam Thomson,Miriam_Thomson3822@naiker.biz,1982-12-08 00:02:09,24,9474
Denis Irving,Denis_Irving4335@bungar.biz,1884-06-13 01:26:43,58,9475
Rita Thorne,Rita_Thorne2689@cispeto.com,1978-10-19 00:39:24,24,9476
Bethany Fall,Bethany_Fall5862@brety.org,1890-05-02 03:15:48,52,9477
Liam Burnley,Liam_Burnley7240@fuliss.net,1855-10-06 22:23:56,92,9478
Gabriel Drew,Gabriel_Drew6978@brety.org,1881-04-12 20:15:51,99,9479
Erin Fleming,Erin_Fleming757@yahoo.com,1842-10-16 16:01:41,64,9480
Erick Townend,Erick_Townend3146@cispeto.com,1948-11-24 10:00:15,44,9481
Blake Notman,Blake_Notman5080@extex.org,1826-03-30 11:26:50,53,9482
Emmanuelle Ranks,Emmanuelle_Ranks8334@vetan.org,1948-05-10 05:35:41,91,9483
Jolene Powell,Jolene_Powell3813@bauros.biz,1876-05-14 09:05:11,24,9484
Liam Roberts,Liam_Roberts5470@atink.com,1861-11-02 14:06:04,99,9485
Harmony Ralph,Harmony_Ralph2735@sveldo.biz,1873-11-03 09:46:41,88,9486
Susan Plumb,Susan_Plumb3668@qater.org,2000-11-16 20:19:44,76,9487
Alma Ebden,Alma_Ebden7833@grannar.com,1936-04-06 20:49:39,50,9488
Tony Kent,Tony_Kent7047@twipet.com,1863-07-01 17:24:15,57,9489
Andrea Villiger,Andrea_Villiger3323@nimogy.biz,1827-02-23 13:37:40,39,9490
Emery Cox,Emery_Cox3619@acrit.org,1863-06-12 00:22:42,61,9491
Logan Carpenter,Logan_Carpenter3128@qater.org,1873-05-21 07:35:05,70,9492
Rowan Russell,Rowan_Russell2785@zorer.org,1828-04-12 00:54:05,61,9493
Katelyn Armstrong,Katelyn_Armstrong4187@sveldo.biz,1960-01-05 17:09:20,23,9494
Nathan Haines,Nathan_Haines7374@sveldo.biz,1874-06-07 10:04:27,52,9495
Cassandra Khan,Cassandra_Khan527@twace.org,1981-11-16 05:04:29,44,9496
Barney Coates,Barney_Coates1901@womeona.net,1837-11-01 10:41:12,31,9497
Rylee Newton,Rylee_Newton205@elnee.tech,1969-08-03 18:19:09,66,9498
Eduardo Clarkson,Eduardo_Clarkson6786@typill.biz,1830-03-22 16:05:17,42,9499
Adelaide Greenwood,Adelaide_Greenwood269@zorer.org,1842-10-03 02:30:12,20,9500
Enoch Reid,Enoch_Reid3119@bungar.biz,1933-01-12 16:30:36,48,9501
Carter Dallas,Carter_Dallas9107@bauros.biz,1874-05-09 14:35:22,56,9502
Sarah Robinson,Sarah_Robinson9189@deavo.com,1979-10-06 11:13:09,44,9503
Rosemary Wright,Rosemary_Wright1300@sheye.org,1978-03-09 01:07:44,37,9504
Barry John,Barry_John9207@jiman.org,1926-08-28 17:44:15,66,9505
Rufus Ross,Rufus_Ross7438@nickia.com,1916-06-29 08:55:35,28,9506
Nick Wheeler,Nick_Wheeler2963@brety.org,1971-09-25 18:46:08,97,9507
Joy Tanner,Joy_Tanner1416@twace.org,1848-04-09 20:28:38,32,9508
Raquel Roth,Raquel_Roth5682@zorer.org,1847-03-27 03:21:26,41,9509
Sage Williams,Sage_Williams6189@nanoff.biz,1996-04-29 19:10:10,60,9510
Wendy Evans,Wendy_Evans3036@supunk.biz,2008-11-14 15:58:36,62,9511
Josh Smith,Josh_Smith4270@sveldo.biz,1883-02-06 11:46:25,67,9512
Russel Russel,Russel_Russel8684@grannar.com,1834-09-04 22:13:56,38,9513
Johnathan Rothwell,Johnathan_Rothwell1374@irrepsy.com,1826-07-28 03:38:10,93,9514
Marvin Dixon,Marvin_Dixon9132@nickia.com,1927-06-17 19:05:29,88,9515
Makenzie Wallace,Makenzie_Wallace5805@guentu.biz,1873-05-20 15:42:44,44,9516
Chelsea Hastings,Chelsea_Hastings3742@eirey.tech,2002-02-22 13:09:57,24,9517
Paula Gosling,Paula_Gosling5168@twace.org,1915-07-14 16:24:11,18,9518
Jackeline Thompson,Jackeline_Thompson995@zorer.org,1866-05-03 21:42:14,34,9519
Havana Umney,Havana_Umney8539@infotech44.tech,1832-10-25 02:21:39,80,9520
Carol Owens,Carol_Owens4265@deavo.com,1926-01-08 10:13:27,52,9521
Peyton Butler,Peyton_Butler7442@deons.tech,1832-04-30 15:54:29,19,9522
Kimberly Tyrrell,Kimberly_Tyrrell7712@deavo.com,1967-03-16 21:45:32,22,9523
Jennifer Riley,Jennifer_Riley4269@dionrab.com,1933-02-24 17:17:23,46,9524
Julian Newton,Julian_Newton8300@iatim.tech,1849-10-28 20:09:45,92,9525
Maxwell Addis,Maxwell_Addis6411@typill.biz,1838-01-03 17:21:42,97,9526
Ron Flynn,Ron_Flynn3996@famism.biz,1864-03-24 10:06:40,60,9527
Domenic Summers,Domenic_Summers1610@liret.org,1865-04-22 13:04:07,63,9528
Mike Nielson,Mike_Nielson6409@nimogy.biz,1853-05-04 10:07:36,97,9529
Molly Saunders,Molly_Saunders4237@bauros.biz,1843-01-24 01:50:45,52,9530
Remy Reading,Remy_Reading2527@vetan.org,2015-03-12 15:41:24,66,9531
Julius Snow,Julius_Snow1675@twace.org,1980-05-09 15:02:41,91,9532
Denny Palmer,Denny_Palmer7112@deavo.com,2001-10-24 18:06:23,27,9533
Mandy Plumb,Mandy_Plumb7140@zorer.org,1832-11-29 07:43:02,76,9534
Abdul Connor,Abdul_Connor264@corti.com,1843-10-31 03:24:17,96,9535
Matt Hepburn,Matt_Hepburn8764@nickia.com,1885-06-06 06:45:31,75,9536
Jazmin Bolton,Jazmin_Bolton2911@joiniaa.com,1969-06-18 08:30:17,23,9537
Tom Walsh,Tom_Walsh9914@supunk.biz,2016-06-18 14:27:13,67,9538
Luke Moore,Luke_Moore4448@nimogy.biz,1851-03-09 13:25:02,63,9539
Angelica Pitt,Angelica_Pitt3361@gompie.com,2011-03-14 10:24:35,78,9540
Phillip Carpenter,Phillip_Carpenter2326@irrepsy.com,1917-07-13 00:09:28,74,9541
Harvey Oswald,Harvey_Oswald9319@ovock.tech,1969-05-11 17:50:35,39,9542
Iris Gaynor,Iris_Gaynor7340@twipet.com,2008-12-18 16:39:25,53,9543
Analise Rowe,Analise_Rowe4833@qater.org,1838-06-21 06:34:57,34,9544
Havana Morgan,Havana_Morgan3505@zorer.org,2011-06-24 00:16:22,84,9545
Teagan Samuel,Teagan_Samuel3473@mafthy.com,1981-08-17 04:22:55,61,9546
Denny Benfield,Denny_Benfield517@nanoff.biz,1912-03-25 22:03:04,89,9547
Marilyn Chapman,Marilyn_Chapman3992@twace.org,1966-10-15 22:07:50,45,9548
Rosalyn Whittle,Rosalyn_Whittle6126@liret.org,2002-01-02 09:30:53,22,9549
Karen Chapman,Karen_Chapman4505@kideod.biz,1977-03-04 15:52:10,51,9550
Louise Clifford,Louise_Clifford5109@gmail.com,1831-05-07 16:24:13,87,9551
Alison Malone,Alison_Malone6095@mafthy.com,1877-02-14 01:07:49,39,9552
Alessia Saunders,Alessia_Saunders241@ovock.tech,1930-05-02 12:25:55,46,9553
Charlotte Miller,Charlotte_Miller4509@acrit.org,2016-11-08 06:45:14,31,9554
Kieth Stevenson,Kieth_Stevenson483@liret.org,1991-11-03 08:01:50,32,9555
Ruth Milner,Ruth_Milner9064@gmail.com,1928-10-13 18:10:32,84,9556
Sloane Gaynor,Sloane_Gaynor8794@typill.biz,1963-11-01 02:04:15,67,9557
Stacy Kerr,Stacy_Kerr6650@deons.tech,1832-05-11 03:06:46,26,9558
Aiden Stark,Aiden_Stark7717@iatim.tech,1913-01-02 00:02:05,83,9559
Barney Ianson,Barney_Ianson4368@iatim.tech,1997-06-11 11:24:13,60,9560
Daron Oakley,Daron_Oakley2509@atink.com,1905-05-30 16:23:48,42,9561
Cadence Villiger,Cadence_Villiger4583@muall.tech,1826-12-06 16:41:15,46,9562
Gil Simpson,Gil_Simpson4707@elnee.tech,2006-02-14 01:25:01,34,9563
Joseph Vollans,Joseph_Vollans2677@acrit.org,1992-01-19 17:18:36,34,9564
Goldie Boden,Goldie_Boden7889@joiniaa.com,1919-08-05 16:44:46,67,9565
Skylar Reynolds,Skylar_Reynolds8837@hourpy.biz,1957-02-20 07:16:48,36,9566
Monica Mcgregor,Monica_Mcgregor6184@bauros.biz,1945-08-26 18:07:06,82,9567
Taylor Niles,Taylor_Niles545@mafthy.com,1830-05-25 19:11:03,94,9568
Nicholas Lakey,Nicholas_Lakey4268@famism.biz,1965-03-30 13:58:25,72,9569
Alice Knight,Alice_Knight3938@qater.org,1917-03-24 06:35:01,83,9570
Christy Wellington,Christy_Wellington49@bretoux.com,1971-04-26 16:05:17,82,9571
Charlize Willson,Charlize_Willson9001@extex.org,1828-05-08 14:55:34,20,9572
Rocco Stevens,Rocco_Stevens4461@eirey.tech,1987-11-06 20:40:12,26,9573
Sebastian Ralph,Sebastian_Ralph2587@eirey.tech,1949-03-15 15:37:06,41,9574
Aiden Ramsey,Aiden_Ramsey6466@hourpy.biz,1899-06-29 05:34:23,84,9575
Carmen Shelton,Carmen_Shelton9937@sheye.org,1990-10-23 20:12:44,56,9576
Bart Clayton,Bart_Clayton1814@fuliss.net,1939-12-23 22:57:38,47,9577
Rosalee Gordon,Rosalee_Gordon2900@famism.biz,1926-07-12 02:02:36,88,9578
Carmen Clarke,Carmen_Clarke3983@eirey.tech,1912-11-29 04:10:29,50,9579
Russel Reyes,Russel_Reyes6420@kideod.biz,2009-03-08 13:30:38,36,9580
Sebastian Stubbs,Sebastian_Stubbs411@elnee.tech,1991-05-09 11:43:55,37,9581
Manuel Price,Manuel_Price8872@qater.org,1924-08-16 17:29:54,62,9582
Erick Weasley,Erick_Weasley2564@vetan.org,2004-04-12 02:10:49,26,9583
Rick Ashwell,Rick_Ashwell3938@elnee.tech,1895-01-31 08:14:57,51,9584
Peter Boden,Peter_Boden2599@nickia.com,1999-08-14 20:00:46,93,9585
Aeris Bradley,Aeris_Bradley1084@qater.org,1944-11-16 17:40:25,59,9586
Nicholas Underhill,Nicholas_Underhill8460@bretoux.com,1842-09-19 10:11:26,57,9587
Rufus Williams,Rufus_Williams5207@gompie.com,2001-03-01 13:13:34,76,9588
David Antcliff,David_Antcliff9205@bulaffy.com,1984-04-17 00:16:32,84,9589
Chanelle Tindall,Chanelle_Tindall4565@muall.tech,1951-05-11 13:22:56,64,9590
Isla Pearce,Isla_Pearce3027@naiker.biz,1958-09-19 13:04:31,95,9591
Michael Steer,Michael_Steer7273@irrepsy.com,1947-08-15 21:57:55,57,9592
Doris Wood,Doris_Wood6358@zorer.org,1909-01-24 15:04:50,93,9593
Rihanna Vinton,Rihanna_Vinton227@jiman.org,1891-12-30 12:05:08,35,9594
Adalie Bingham,Adalie_Bingham6086@sheye.org,1834-09-04 13:05:58,19,9595
Rick Hogg,Rick_Hogg4655@irrepsy.com,1873-06-11 01:53:25,45,9596
Rufus Johnson,Rufus_Johnson6203@iatim.tech,1987-12-24 06:04:26,26,9597
Skylar Waterhouse,Skylar_Waterhouse7169@eirey.tech,1850-01-09 09:01:50,83,9598
Harry Niles,Harry_Niles8417@nanoff.biz,1960-05-19 17:47:32,18,9599
Catherine Appleton,Catherine_Appleton7965@gembat.biz,1966-09-18 16:07:58,94,9600
Caleb Olivier,Caleb_Olivier8802@ovock.tech,2005-04-23 17:42:12,44,9601
Matt Hamilton,Matt_Hamilton6308@corti.com,1902-12-10 09:21:26,93,9602
Juliette Malone,Juliette_Malone4498@naiker.biz,1906-07-08 03:02:29,60,9603
Darlene Brett,Darlene_Brett9292@extex.org,1885-07-11 22:11:52,38,9604
Angelique Walker,Angelique_Walker2355@nanoff.biz,1879-08-01 13:02:17,83,9605
Chadwick Stewart,Chadwick_Stewart601@zorer.org,1886-12-16 22:10:04,60,9606
Madison Durrant,Madison_Durrant7015@bulaffy.com,1930-02-21 22:07:37,31,9607
Analise Rixon,Analise_Rixon1950@fuliss.net,1826-09-02 20:16:16,59,9608
Carissa Thorne,Carissa_Thorne7075@gembat.biz,1829-03-06 14:58:04,72,9609
Enoch Carter,Enoch_Carter3824@irrepsy.com,1854-10-30 18:52:19,68,9610
Peter Wood,Peter_Wood1334@acrit.org,1836-08-06 20:28:03,86,9611
Olivia Warren,Olivia_Warren5810@nickia.com,1951-03-08 00:30:28,88,9612
Priscilla Richardson,Priscilla_Richardson9637@qater.org,1954-08-27 02:05:42,86,9613
Kieth Ward,Kieth_Ward6709@nanoff.biz,1892-05-27 16:35:21,28,9614
Carl Archer,Carl_Archer2384@gembat.biz,1943-07-09 20:31:41,85,9615
Nicholas James,Nicholas_James4648@nickia.com,1889-04-03 09:25:17,73,9616
Sienna Rehman,Sienna_Rehman2181@iatim.tech,1911-01-15 17:13:23,44,9617
Phoebe Burge,Phoebe_Burge3611@deavo.com,1983-11-23 01:48:44,36,9618
Benny Martin,Benny_Martin8924@nickia.com,1998-07-10 13:29:58,86,9619
Katelyn Ellis,Katelyn_Ellis6830@atink.com,1887-10-28 08:42:36,80,9620
Phillip Ross,Phillip_Ross3833@guentu.biz,1971-03-18 03:01:44,88,9621
Teagan Rixon,Teagan_Rixon661@guentu.biz,1901-12-26 09:51:32,78,9622
Brad Tennant,Brad_Tennant5756@supunk.biz,1952-11-24 02:27:12,49,9623
Bryon Clifford,Bryon_Clifford9845@gmail.com,1846-12-08 10:00:00,93,9624
Ryan Alexander,Ryan_Alexander1357@womeona.net,1886-05-27 13:14:46,79,9625
Allison Varndell,Allison_Varndell8819@bulaffy.com,1940-10-19 09:32:00,36,9626
Tess Gordon,Tess_Gordon3677@supunk.biz,2012-09-04 09:41:41,79,9627
Faith Vollans,Faith_Vollans6265@fuliss.net,1875-08-26 11:05:02,22,9628
Juliet Spencer,Juliet_Spencer4604@irrepsy.com,2020-02-02 03:18:04,80,9629
Liam Walsh,Liam_Walsh7835@jiman.org,1825-05-08 17:22:43,65,9630
Liam Khan,Liam_Khan405@sheye.org,1918-10-06 13:32:51,70,9631
Johnny Freeburn,Johnny_Freeburn9497@atink.com,1980-09-17 00:21:53,50,9632
Dasha Collins,Dasha_Collins9403@famism.biz,1838-11-07 09:05:21,98,9633
Tony Jenkin,Tony_Jenkin4661@twace.org,1860-06-25 07:37:40,97,9634
Benjamin Clarkson,Benjamin_Clarkson4321@nickia.com,1896-02-12 08:02:37,55,9635
Nina Connell,Nina_Connell3526@sheye.org,1986-06-28 05:35:58,73,9636
Vera Shaw,Vera_Shaw8898@sveldo.biz,2010-09-03 22:02:48,95,9637
Domenic Sylvester,Domenic_Sylvester9262@extex.org,1855-11-16 14:12:15,72,9638
Jacob Darcy,Jacob_Darcy9023@extex.org,1849-10-12 15:58:40,42,9639
Olivia Collins,Olivia_Collins41@bulaffy.com,1999-02-06 10:32:19,77,9640
Nicholas Kelly,Nicholas_Kelly6934@infotech44.tech,1940-01-01 16:32:21,67,9641
William Denton,William_Denton3246@ovock.tech,1960-07-08 01:16:53,96,9642
Elle Jones,Elle_Jones5200@extex.org,1975-12-01 17:39:01,25,9643
Maddison Chapman,Maddison_Chapman5433@jiman.org,1903-04-11 03:44:54,49,9644
David Collins,David_Collins907@sveldo.biz,2005-01-23 08:18:02,34,9645
Daphne Edley,Daphne_Edley3611@elnee.tech,1904-06-10 21:41:41,33,9646
oe Eaton,oe_Eaton2642@zorer.org,1838-04-07 03:46:03,62,9647
Mark Watt,Mark_Watt5127@cispeto.com,1857-01-10 07:15:23,23,9648
Chad Fleming,Chad_Fleming8188@jiman.org,1935-01-26 10:30:06,87,9649
Tyson Bell,Tyson_Bell7351@grannar.com,1903-04-20 13:21:13,20,9650
Logan Torres,Logan_Torres5110@muall.tech,1927-10-03 18:08:49,38,9651
Georgia Thorpe,Georgia_Thorpe6461@naiker.biz,1898-03-23 09:41:00,41,9652
Martin Sylvester,Martin_Sylvester2080@dionrab.com,1847-01-05 05:36:56,26,9653
Chuck Farmer,Chuck_Farmer3759@twipet.com,1983-09-19 04:06:10,77,9654
Emery Barclay,Emery_Barclay8647@sheye.org,1975-08-16 02:23:55,31,9655
Liam Mcgregor,Liam_Mcgregor9392@supunk.biz,1847-03-10 20:02:25,59,9656
Elijah Lowe,Elijah_Lowe7381@muall.tech,1841-07-08 14:54:20,98,9657
Stacy Summers,Stacy_Summers2790@womeona.net,1889-01-09 22:48:25,42,9658
Ema Spencer,Ema_Spencer7970@deons.tech,1966-09-10 13:06:58,31,9659
Bridget Button,Bridget_Button6677@elnee.tech,1931-01-01 02:55:12,72,9660
Laila Hamilton,Laila_Hamilton9644@infotech44.tech,1964-02-19 07:05:24,21,9661
Dasha Hunter,Dasha_Hunter1294@corti.com,1908-03-03 12:22:37,92,9662
Michael Wilson,Michael_Wilson1931@dionrab.com,1831-04-14 14:51:49,98,9663
Payton Shaw,Payton_Shaw7705@nanoff.biz,1985-02-18 18:41:49,48,9664
Erica Powell,Erica_Powell9580@extex.org,1984-05-08 12:32:10,99,9665
Madison Lewis,Madison_Lewis3059@nanoff.biz,1938-09-20 05:50:53,92,9666
Peter Ebden,Peter_Ebden4286@typill.biz,1852-07-01 11:49:56,73,9667
Rocco Pearce,Rocco_Pearce2682@womeona.net,2018-09-28 19:57:12,38,9668
Tyler Knight,Tyler_Knight8418@ovock.tech,1914-12-11 16:17:35,65,9669
Nicole Clarke,Nicole_Clarke9199@jiman.org,2004-03-21 06:15:08,85,9670
Julius Russell,Julius_Russell4983@acrit.org,1858-09-10 04:01:46,31,9671
John Stanley,John_Stanley6522@supunk.biz,1830-06-05 17:24:27,46,9672
Bristol Farrant,Bristol_Farrant3813@sveldo.biz,1960-10-06 00:37:00,67,9673
Logan Thomson,Logan_Thomson3891@bungar.biz,1987-02-02 10:11:28,80,9674
Kamila Flanders,Kamila_Flanders4376@hourpy.biz,1879-09-26 06:09:31,35,9675
Marigold Rigg,Marigold_Rigg7909@supunk.biz,1843-06-27 10:12:23,71,9676
Carrie Hastings,Carrie_Hastings1834@kideod.biz,1853-01-22 09:15:43,63,9677
Logan Ward,Logan_Ward7009@dionrab.com,1969-09-06 16:46:32,84,9678
Hayden Lewis,Hayden_Lewis7840@irrepsy.com,1995-01-16 18:02:00,84,9679
ara Clark,ara_Clark8288@mafthy.com,1962-10-29 15:18:58,72,9680
William Bright,William_Bright9771@iatim.tech,1931-03-10 21:05:42,70,9681
Carla Wilde,Carla_Wilde5914@eirey.tech,1881-07-03 10:14:42,64,9682
Lara Reynolds,Lara_Reynolds9214@nanoff.biz,1886-01-22 18:05:06,47,9683
Nina Gallacher,Nina_Gallacher8772@ovock.tech,1894-10-22 10:07:08,92,9684
Julius Middleton,Julius_Middleton3711@supunk.biz,1963-06-14 13:12:34,41,9685
Tyson Fenton,Tyson_Fenton4273@twipet.com,1915-09-02 18:29:47,42,9686
Alexander Collins,Alexander_Collins3639@grannar.com,1825-12-01 19:46:38,89,9687
Nate Coleman,Nate_Coleman8115@iatim.tech,1958-04-11 01:51:30,55,9688
Madelyn Nelson,Madelyn_Nelson8121@sveldo.biz,1951-07-27 18:21:34,56,9689
Eduardo Phillips,Eduardo_Phillips8460@atink.com,1840-07-14 16:56:48,48,9690
Harriet Pearson,Harriet_Pearson7062@elnee.tech,1999-10-04 07:46:47,67,9691
Piper Jobson,Piper_Jobson3365@gompie.com,1858-02-21 07:10:14,91,9692
Chris Patel,Chris_Patel1817@twipet.com,2006-07-22 00:14:39,61,9693
Charlotte Milner,Charlotte_Milner1565@vetan.org,2006-03-12 00:47:22,35,9694
Kieth Bryant,Kieth_Bryant9830@famism.biz,1956-04-27 21:58:16,96,9695
Joy Vernon,Joy_Vernon9150@twace.org,1893-01-30 13:22:24,58,9696
Gloria Harrington,Gloria_Harrington2712@vetan.org,1885-01-05 19:48:42,70,9697
Caleb Baxter,Caleb_Baxter343@gompie.com,1869-12-28 21:12:07,67,9698
Angelique Exton,Angelique_Exton7177@bauros.biz,1915-02-23 08:08:01,38,9699
Owen Villiger,Owen_Villiger8916@acrit.org,1867-08-24 20:17:21,77,9700
Rachael Torres,Rachael_Torres6369@naiker.biz,1870-09-19 16:40:19,89,9701
Nathan Little,Nathan_Little8076@womeona.net,1986-02-11 02:23:30,29,9702
Johnathan Ellis,Johnathan_Ellis4809@bretoux.com,1925-07-11 03:53:40,45,9703
Rose Lambert,Rose_Lambert4073@sheye.org,1988-08-25 18:19:55,59,9704
Danny Kidd,Danny_Kidd1542@naiker.biz,2006-11-17 09:34:21,60,9705
Camellia Fox,Camellia_Fox2357@naiker.biz,1849-02-14 07:45:18,39,9706
Alex Windsor,Alex_Windsor9976@cispeto.com,1986-10-07 12:49:02,73,9707
Mike Edmonds,Mike_Edmonds138@supunk.biz,1867-11-03 20:37:40,49,9708
George Norburn,George_Norburn1707@liret.org,1998-11-30 19:35:36,69,9709
Marie Raven,Marie_Raven6754@supunk.biz,2005-04-03 16:47:38,97,9710
Benny Lloyd,Benny_Lloyd6924@irrepsy.com,1886-05-27 00:45:49,62,9711
Danny Dowson,Danny_Dowson9334@twace.org,1933-08-09 06:48:45,68,9712
Eduardo Mullins,Eduardo_Mullins4064@nanoff.biz,1827-09-21 17:46:37,56,9713
Gil Windsor,Gil_Windsor7138@extex.org,1933-05-20 00:49:41,91,9714
Tyler Gunn,Tyler_Gunn750@gmail.com,1979-03-17 20:04:32,85,9715
Cedrick Gates,Cedrick_Gates328@infotech44.tech,1910-05-29 07:08:30,53,9716
Alexa Johnson,Alexa_Johnson3831@yahoo.com,1858-07-26 16:22:55,64,9717
Julianna Alldridge,Julianna_Alldridge8814@brety.org,2009-03-30 04:08:02,49,9718
Johnathan Parr,Johnathan_Parr8106@hourpy.biz,1946-05-06 00:56:44,62,9719
Candace Curtis,Candace_Curtis2609@ubusive.com,1952-07-31 21:22:03,32,9720
Maya Rainford,Maya_Rainford9771@eirey.tech,1854-11-26 17:09:17,19,9721
Bristol Campbell,Bristol_Campbell1267@bretoux.com,1992-02-09 22:19:32,50,9722
Beatrice Olivier,Beatrice_Olivier3863@acrit.org,1958-09-12 03:50:32,23,9723
Kurt Kirby,Kurt_Kirby8611@bretoux.com,1938-11-29 12:15:32,72,9724
Isabella Greenwood,Isabella_Greenwood7273@jiman.org,1822-03-23 17:11:55,57,9725
Logan Ingram,Logan_Ingram6568@fuliss.net,1884-07-16 20:44:37,64,9726
Bethany Irving,Bethany_Irving2274@extex.org,1915-11-10 02:14:48,77,9727
Danny Lucas,Danny_Lucas8867@womeona.net,1877-03-15 02:53:06,45,9728
Eduardo Jefferson,Eduardo_Jefferson637@supunk.biz,1909-04-04 22:25:49,98,9729
Drew Matthews,Drew_Matthews9833@iatim.tech,2009-10-06 06:25:43,83,9730
Caleb Gray,Caleb_Gray2281@nanoff.biz,2017-03-09 18:55:07,78,9731
Kieth Stanley,Kieth_Stanley2877@muall.tech,1841-06-03 22:32:49,62,9732
Julius Wilton,Julius_Wilton8331@yahoo.com,1922-08-03 01:47:15,66,9733
Ron Varndell,Ron_Varndell3155@kideod.biz,1899-10-04 12:40:52,50,9734
Gabriel Plumb,Gabriel_Plumb1091@sheye.org,1960-06-04 03:20:20,60,9735
Fred Roman,Fred_Roman1863@twipet.com,1860-07-15 03:32:11,72,9736
Ronald Barclay,Ronald_Barclay5308@deavo.com,1930-04-19 18:19:49,38,9737
Nicholas Adler,Nicholas_Adler4418@bulaffy.com,1917-05-10 08:16:03,44,9738
Danny Dillon,Danny_Dillon7477@muall.tech,1882-06-07 01:58:01,38,9739
Matt Ogilvy,Matt_Ogilvy2271@irrepsy.com,1947-01-23 07:46:23,35,9740
Elly Addison,Elly_Addison933@infotech44.tech,1947-07-04 01:08:16,83,9741
Denis Griffiths,Denis_Griffiths8754@bretoux.com,1863-05-01 12:54:52,50,9742
Alexander Bolton,Alexander_Bolton5863@extex.org,1927-11-07 19:25:56,40,9743
Andrea Mould,Andrea_Mould8500@kideod.biz,1928-08-06 04:21:45,18,9744
Iris Haines,Iris_Haines2259@elnee.tech,1904-08-30 12:35:54,39,9745
Luke Mould,Luke_Mould9953@bauros.biz,1828-01-21 11:54:06,53,9746
Rick Poulton,Rick_Poulton35@nickia.com,1865-07-07 21:37:25,80,9747
Hank Murphy,Hank_Murphy8845@atink.com,1926-03-08 03:04:09,63,9748
Wade Payne,Wade_Payne6991@tonsy.org,1964-09-01 16:52:05,51,9749
Leroy Edler,Leroy_Edler3484@gembat.biz,1948-01-10 17:41:33,34,9750
Noah Crawford,Noah_Crawford1647@liret.org,1999-08-28 06:00:50,36,9751
Chad Rehman,Chad_Rehman5520@elnee.tech,1936-11-14 02:28:47,95,9752
Moira Eaton,Moira_Eaton154@brety.org,1973-07-26 21:47:40,59,9753
Mona Lomax,Mona_Lomax9572@deons.tech,1840-02-16 00:20:27,42,9754
Tess Vaughn,Tess_Vaughn8778@cispeto.com,1936-03-27 11:41:54,68,9755
John Underhill,John_Underhill6183@nimogy.biz,1901-12-16 08:09:25,56,9756
Nick Phillips,Nick_Phillips3458@kideod.biz,1915-07-13 21:48:27,44,9757
Abdul Wade,Abdul_Wade5162@corti.com,1983-08-30 00:38:30,31,9758
Fiona Chapman,Fiona_Chapman668@extex.org,1920-11-13 12:52:16,74,9759
Liam Camden,Liam_Camden9861@ubusive.com,2018-10-06 08:41:25,20,9760
Ivy Nayler,Ivy_Nayler5928@dionrab.com,1971-07-13 05:22:07,89,9761
Mya Lewin,Mya_Lewin2669@tonsy.org,1965-05-27 13:15:21,95,9762
Sabrina Marshall,Sabrina_Marshall7744@vetan.org,1953-05-12 19:02:10,58,9763
Jaylene Booth,Jaylene_Booth4802@cispeto.com,1941-11-12 22:16:58,36,9764
Daphne Matthews,Daphne_Matthews4066@twipet.com,2019-06-28 05:38:46,67,9765
Carl Henderson,Carl_Henderson4850@deons.tech,1943-10-03 03:27:58,51,9766
Barry Harrison,Barry_Harrison6347@elnee.tech,1834-10-15 11:10:44,66,9767
Mark Wilson,Mark_Wilson1412@nimogy.biz,1974-12-02 06:07:28,68,9768
Elijah Collis,Elijah_Collis5721@deons.tech,1882-02-20 22:43:22,91,9769
Maya Bolton,Maya_Bolton5772@ubusive.com,1829-02-14 22:07:57,36,9770
Bart Underhill,Bart_Underhill2047@guentu.biz,1843-04-19 19:11:46,44,9771
Kieth Saunders,Kieth_Saunders3748@infotech44.tech,1959-12-15 22:36:32,28,9772
Enoch Whinter,Enoch_Whinter8652@sveldo.biz,1860-02-10 22:40:48,71,9773
Tony Redwood,Tony_Redwood2591@twace.org,1900-06-13 07:02:40,97,9774
Kurt Dobson,Kurt_Dobson669@grannar.com,1916-05-12 12:54:35,69,9775
Sarah Price,Sarah_Price8515@twace.org,1964-01-17 05:01:05,73,9776
Ethan Judd,Ethan_Judd1466@cispeto.com,1862-07-11 19:42:14,64,9777
Carter Kelly,Carter_Kelly5756@nickia.com,1877-09-07 19:42:18,69,9778
Ally Allington,Ally_Allington1939@gompie.com,1910-09-17 12:18:07,51,9779
Jayden Morgan,Jayden_Morgan97@qater.org,1874-10-15 09:46:32,45,9780
Rocco Burnley,Rocco_Burnley424@liret.org,1851-03-24 09:00:10,87,9781
Bob Vallory,Bob_Vallory4631@yahoo.com,1831-08-29 02:10:34,23,9782
Kassandra Hancock,Kassandra_Hancock8489@elnee.tech,1840-03-13 22:54:42,51,9783
William Miller,William_Miller9879@extex.org,1986-12-04 08:02:56,52,9784
Jazmin Ross,Jazmin_Ross2701@cispeto.com,1942-03-16 13:28:57,83,9785
Mackenzie Durrant,Mackenzie_Durrant4807@nickia.com,1843-02-05 04:48:36,29,9786
Martha Blackburn,Martha_Blackburn7705@extex.org,1991-01-15 08:42:28,34,9787
Gil Ventura,Gil_Ventura1628@yahoo.com,1841-08-14 09:19:19,84,9788
Shannon Sawyer,Shannon_Sawyer9309@liret.org,1942-11-04 18:40:18,89,9789
Carrie Gordon,Carrie_Gordon8136@liret.org,1926-04-29 06:21:16,72,9790
Hayden Cooper,Hayden_Cooper7838@twace.org,1842-12-30 00:03:26,64,9791
Kirsten Knight,Kirsten_Knight8044@iatim.tech,1956-11-27 12:20:31,49,9792
Caydence Woodley,Caydence_Woodley6002@gompie.com,1840-03-08 14:24:54,59,9793
Estrella Mccall,Estrella_Mccall6713@gompie.com,1951-02-08 11:09:47,27,9794
Abdul Vangness,Abdul_Vangness7375@atink.com,1967-05-12 01:36:11,63,9795
Daniel Locke,Daniel_Locke9005@iatim.tech,1936-01-27 10:24:12,20,9796
Rick Robertson,Rick_Robertson9372@brety.org,1956-11-28 19:48:14,97,9797
Phoebe West,Phoebe_West4240@naiker.biz,1874-09-03 09:39:26,87,9798
William Ianson,William_Ianson3686@womeona.net,2004-08-24 04:09:02,99,9799
Rhea Shea,Rhea_Shea7715@muall.tech,2014-11-06 14:18:00,56,9800
Leroy Gavin,Leroy_Gavin2216@acrit.org,1932-07-16 08:23:06,47,9801
Bryce Morrison,Bryce_Morrison3588@fuliss.net,1907-02-09 09:44:23,84,9802
Ron Gonzales,Ron_Gonzales2489@sheye.org,1844-05-28 10:45:45,85,9803
Rita Aldridge,Rita_Aldridge9671@bungar.biz,1974-06-18 15:58:00,98,9804
Logan Watson,Logan_Watson6883@hourpy.biz,1902-03-01 02:34:45,35,9805
Maria Jefferson,Maria_Jefferson1915@fuliss.net,1867-05-08 10:07:26,37,9806
Harry Scott,Harry_Scott2904@deavo.com,1829-12-18 02:58:24,37,9807
Alma Osman,Alma_Osman4193@jiman.org,1951-02-01 14:05:24,47,9808
Hayden Jacobs,Hayden_Jacobs5588@eirey.tech,1973-05-23 04:27:56,75,9809
Jacqueline West,Jacqueline_West7712@zorer.org,2012-06-21 04:44:57,82,9810
Percy Smith,Percy_Smith5302@kideod.biz,1855-09-21 02:29:54,46,9811
Domenic Knight,Domenic_Knight846@liret.org,1868-10-10 13:03:02,96,9812
Selena Quinnell,Selena_Quinnell7186@ovock.tech,1868-04-18 19:57:32,42,9813
Maria Harrington,Maria_Harrington6345@dionrab.com,1999-08-15 15:28:06,23,9814
Danny Ryan,Danny_Ryan6089@deons.tech,2000-10-16 19:27:31,69,9815
Lucy Knight,Lucy_Knight168@bungar.biz,1948-03-07 01:26:34,34,9816
Marvin Miller,Marvin_Miller6316@guentu.biz,1966-12-03 06:04:00,45,9817
David Morgan,David_Morgan9805@bretoux.com,1849-12-26 02:25:36,21,9818
Lara Murphy,Lara_Murphy9138@bungar.biz,1886-06-04 03:05:41,53,9819
Alan Clayton,Alan_Clayton9142@bauros.biz,1920-11-06 17:53:42,47,9820
Joseph Dillon,Joseph_Dillon2076@deons.tech,1876-03-23 04:42:41,82,9821
Selena Ingram,Selena_Ingram5456@naiker.biz,2008-03-05 16:02:41,64,9822
Ethan Judd,Ethan_Judd5688@cispeto.com,1882-05-23 04:01:14,84,9823
Camden Notman,Camden_Notman2589@joiniaa.com,1952-02-23 21:13:49,70,9824
Chad James,Chad_James9179@bulaffy.com,1855-01-16 09:20:07,83,9825
Samantha Patel,Samantha_Patel1541@naiker.biz,1911-11-30 08:52:40,81,9826
Kenzie Edwards,Kenzie_Edwards8995@supunk.biz,1888-04-29 21:33:07,28,9827
Peter Bennett,Peter_Bennett700@joiniaa.com,1845-07-10 17:26:39,45,9828
Manuel Mann,Manuel_Mann4379@fuliss.net,1954-10-09 22:32:27,96,9829
Angelique Randall,Angelique_Randall599@gompie.com,2019-09-20 21:29:31,64,9830
Judith Mullins,Judith_Mullins9930@naiker.biz,1885-11-10 11:07:43,73,9831
Jolene Ventura,Jolene_Ventura3543@zorer.org,1863-04-15 05:02:52,77,9832
Jacob Huggins,Jacob_Huggins1791@qater.org,2013-07-26 21:08:29,52,9833
Parker Uddin,Parker_Uddin991@sveldo.biz,1832-08-27 14:53:38,73,9834
Violet Mitchell,Violet_Mitchell7888@jiman.org,1889-05-21 18:10:11,47,9835
Karen Varley,Karen_Varley8068@gembat.biz,1992-04-08 16:02:08,85,9836
Mina Townend,Mina_Townend3201@cispeto.com,1899-07-30 00:07:14,84,9837
Aisha York,Aisha_York2107@gompie.com,1916-07-24 12:18:53,59,9838
Joseph Downing,Joseph_Downing1473@nickia.com,1873-11-04 15:07:51,37,9839
Teagan Evans,Teagan_Evans8168@twipet.com,1975-09-19 05:29:17,90,9840
Johnathan Kelly,Johnathan_Kelly3771@naiker.biz,1905-10-06 11:23:14,78,9841
Phoebe Lyon,Phoebe_Lyon6266@nimogy.biz,1948-01-16 09:28:38,37,9842
Hannah Collis,Hannah_Collis87@irrepsy.com,2012-11-18 12:34:54,82,9843
Gil London,Gil_London253@nanoff.biz,1910-10-27 18:34:21,37,9844
Jayden Faulkner,Jayden_Faulkner1404@ovock.tech,2005-04-23 10:08:08,71,9845
Cristal Dempsey,Cristal_Dempsey560@nanoff.biz,1911-06-25 10:54:53,85,9846
Bethany Rixon,Bethany_Rixon4503@corti.com,1868-03-11 08:06:26,36,9847
Paula Harrington,Paula_Harrington4179@irrepsy.com,1905-08-01 00:06:03,63,9848
Domenic Darcy,Domenic_Darcy2706@elnee.tech,1918-04-23 05:57:50,76,9849
Noah Sylvester,Noah_Sylvester5428@gmail.com,1991-01-19 18:25:38,75,9850
Jacob Powell,Jacob_Powell9072@hourpy.biz,1922-06-03 14:25:34,78,9851
Nate Yarwood,Nate_Yarwood3450@ubusive.com,1916-01-01 10:11:00,18,9852
Domenic Collis,Domenic_Collis7414@liret.org,2003-01-28 03:33:03,68,9853
Ryan aoui,Ryan_aoui3609@fuliss.net,1843-03-22 16:32:25,93,9854
Hailey Brown,Hailey_Brown1229@jiman.org,1951-12-19 01:19:12,90,9855
Chloe Drew,Chloe_Drew6412@nimogy.biz,1850-04-08 02:56:40,93,9856
Gil Rycroft,Gil_Rycroft9764@twace.org,1994-09-18 20:29:20,36,9857
Lindsay Matthews,Lindsay_Matthews896@atink.com,1865-12-25 00:07:28,64,9858
Alexander Rycroft,Alexander_Rycroft1745@liret.org,2018-03-09 03:48:39,88,9859
Joseph Wild,Joseph_Wild5120@mafthy.com,1978-01-09 09:24:58,50,9860
Jazmin Roberts,Jazmin_Roberts9853@sveldo.biz,1914-12-16 19:19:28,55,9861
Liv Griffiths,Liv_Griffiths1128@famism.biz,1922-10-14 16:11:44,29,9862
Gil Allwood,Gil_Allwood4844@liret.org,1824-11-04 01:14:29,47,9863
Oliver Robertson,Oliver_Robertson816@naiker.biz,1884-01-24 19:22:03,79,9864
Judith Hill,Judith_Hill2220@deavo.com,2017-01-30 06:44:26,23,9865
Sonya Weston,Sonya_Weston8500@nimogy.biz,1961-01-10 16:30:44,25,9866
Trisha Samuel,Trisha_Samuel1230@muall.tech,1927-02-06 20:23:18,78,9867
Ciara Herbert,Ciara_Herbert54@fuliss.net,1993-12-28 17:35:45,38,9868
Daron Wise,Daron_Wise4392@jiman.org,1934-07-08 21:16:23,25,9869
Johnny Jeffery,Johnny_Jeffery9781@ubusive.com,1927-07-10 00:12:33,33,9870
Liam Poole,Liam_Poole7213@supunk.biz,1975-12-03 02:38:49,85,9871
Tony Dixon,Tony_Dixon5009@ubusive.com,1842-09-23 18:22:50,24,9872
Harry Walsh,Harry_Walsh2226@atink.com,1889-02-14 15:08:39,56,9873
Bob Hastings,Bob_Hastings5794@atink.com,1994-05-12 20:04:02,58,9874
Mark Carter,Mark_Carter5765@twace.org,1910-07-10 13:07:37,36,9875
Selena Cox,Selena_Cox4867@mafthy.com,1923-04-16 20:12:33,22,9876
Carolyn Cassidy,Carolyn_Cassidy3733@infotech44.tech,1906-08-25 02:09:21,56,9877
Sofia Pratt,Sofia_Pratt3542@vetan.org,1878-02-14 03:25:05,75,9878
Diane Allen,Diane_Allen4529@brety.org,1859-08-27 04:31:57,69,9879
Carla Robertson,Carla_Robertson9907@joiniaa.com,1922-11-13 07:03:35,75,9880
Tyson Whitmore,Tyson_Whitmore1704@extex.org,1820-08-07 07:00:51,43,9881
Alessia Harrington,Alessia_Harrington8724@twipet.com,1928-03-22 10:30:37,81,9882
Destiny Logan,Destiny_Logan7323@irrepsy.com,1936-04-19 05:20:56,26,9883
Barney Calderwood,Barney_Calderwood3947@acrit.org,1887-10-08 18:20:27,78,9884
Ethan Lane,Ethan_Lane6685@jiman.org,1928-01-29 12:37:41,88,9885
Kurt Mcleod,Kurt_Mcleod8234@kideod.biz,1974-12-26 05:02:40,50,9886
Eileen Hamilton,Eileen_Hamilton7674@acrit.org,1872-04-27 14:42:30,96,9887
Penelope Verdon,Penelope_Verdon8952@guentu.biz,1836-09-19 20:30:27,94,9888
Andrea Stanley,Andrea_Stanley895@yahoo.com,1854-08-30 15:58:56,65,9889
Matthew Turner,Matthew_Turner715@infotech44.tech,2002-05-13 02:53:19,18,9890
Harvey Rogan,Harvey_Rogan7386@sveldo.biz,2013-04-14 17:31:54,47,9891
Samantha Saunders,Samantha_Saunders7546@gmail.com,1855-07-14 07:56:43,32,9892
Goldie Rehman,Goldie_Rehman9304@qater.org,1821-11-07 10:57:54,98,9893
Angela Hall,Angela_Hall4493@yahoo.com,1864-02-15 11:53:57,23,9894
Tony Duvall,Tony_Duvall5899@deavo.com,1896-06-28 03:52:41,82,9895
Javier Eastwood,Javier_Eastwood1536@joiniaa.com,1875-03-10 01:10:52,26,9896
Abdul Hancock,Abdul_Hancock9401@joiniaa.com,1995-07-22 12:07:42,29,9897
Chelsea Jobson,Chelsea_Jobson6617@bauros.biz,1912-01-21 12:10:12,57,9898
Carrie Adams,Carrie_Adams1408@joiniaa.com,1979-07-06 19:02:01,80,9899
Adalind Shelton,Adalind_Shelton8798@gompie.com,1952-07-24 12:07:11,86,9900
Angelique Eastwood,Angelique_Eastwood5625@deons.tech,1853-06-10 04:29:24,96,9901
Violet Horton,Violet_Horton4049@jiman.org,2008-09-17 11:27:31,67,9902
Aiden Lewis,Aiden_Lewis9649@infotech44.tech,1899-04-09 09:05:05,24,9903
Tyson Mitchell,Tyson_Mitchell3841@iatim.tech,1978-12-16 09:41:02,37,9904
Carmen Jeffery,Carmen_Jeffery685@famism.biz,1881-11-14 07:36:36,69,9905
Gil Shaw,Gil_Shaw5786@naiker.biz,1892-04-04 21:12:34,75,9906
Aurelia Andrews,Aurelia_Andrews3228@yahoo.com,1876-12-28 19:34:45,56,9907
Mike Sanchez,Mike_Sanchez2995@extex.org,1965-09-26 19:01:54,72,9908
Enoch Woodcock,Enoch_Woodcock4761@bulaffy.com,1992-03-22 19:24:35,39,9909
Maxwell Carpenter,Maxwell_Carpenter3418@irrepsy.com,1926-04-18 20:18:02,80,9910
Sydney Hooper,Sydney_Hooper1433@dionrab.com,1897-05-01 14:17:34,23,9911
Lindsay Emmott,Lindsay_Emmott9235@muall.tech,1820-06-01 13:55:23,32,9912
Russel Saunders,Russel_Saunders5133@iatim.tech,1890-11-10 15:04:49,56,9913
Diane Roberts,Diane_Roberts1577@liret.org,1881-12-25 21:20:23,61,9914
Michael Waterhouse,Michael_Waterhouse5348@sheye.org,2006-03-14 20:11:41,56,9915
Elle Rowan,Elle_Rowan8598@bretoux.com,2017-08-18 17:19:30,77,9916
Ryan Thompson,Ryan_Thompson1176@eirey.tech,2008-08-05 21:07:41,45,9917
Leroy Buckley,Leroy_Buckley8730@infotech44.tech,2001-09-16 14:26:43,75,9918
Nick Lindop,Nick_Lindop3687@womeona.net,1987-11-14 15:07:49,37,9919
Cameron Harper,Cameron_Harper6742@typill.biz,1947-07-13 01:42:17,85,9920
Mike Morris,Mike_Morris3665@supunk.biz,1955-02-15 10:01:52,51,9921
Nicholas Olson,Nicholas_Olson8212@twipet.com,1871-07-07 04:05:34,51,9922
Mike Palmer,Mike_Palmer4547@naiker.biz,1913-08-03 09:50:03,45,9923
Noah Morris,Noah_Morris9155@nimogy.biz,1952-08-08 22:00:57,88,9924
Mary Nayler,Mary_Nayler4347@zorer.org,1864-08-31 00:00:23,63,9925
Thea Owens,Thea_Owens8802@grannar.com,1863-10-09 11:02:33,94,9926
Christy Horton,Christy_Horton5642@mafthy.com,1913-05-05 03:39:07,68,9927
Hank Carter,Hank_Carter7213@fuliss.net,1952-03-29 12:50:34,64,9928
Jack Stuart,Jack_Stuart5072@guentu.biz,1987-12-13 17:16:22,56,9929
Daniel Ellwood,Daniel_Ellwood421@iatim.tech,1982-05-13 15:39:50,51,9930
Denny Jones,Denny_Jones7727@jiman.org,1870-08-27 19:24:51,90,9931
Phillip Ellison,Phillip_Ellison1@corti.com,1982-01-11 02:27:39,79,9932
Isabella Smith,Isabella_Smith6566@kideod.biz,1894-06-18 17:04:05,34,9933
Maria Mitchell,Maria_Mitchell1716@cispeto.com,1839-06-07 12:40:14,70,9934
Denny Redden,Denny_Redden4904@typill.biz,1922-08-09 10:25:32,84,9935
Rihanna Owen,Rihanna_Owen1084@deavo.com,1857-09-15 01:12:18,91,9936
Kurt Richardson,Kurt_Richardson6601@guentu.biz,1979-05-22 15:17:28,49,9937
Tyson Donovan,Tyson_Donovan326@sheye.org,1887-11-18 10:47:50,95,9938
Nicholas Donnelly,Nicholas_Donnelly2865@cispeto.com,1979-04-01 20:52:26,44,9939
Nate Franks,Nate_Franks3472@twace.org,1855-10-12 01:44:35,18,9940
Javier Emmett,Javier_Emmett1695@gompie.com,1874-06-07 22:57:19,48,9941
Leroy Becker,Leroy_Becker3669@infotech44.tech,1858-01-20 06:01:08,25,9942
Abdul Booth,Abdul_Booth1688@acrit.org,2000-12-22 00:51:52,67,9943
Danny Clifford,Danny_Clifford8397@deons.tech,1971-04-29 08:20:42,37,9944
Cedrick Nash,Cedrick_Nash809@mafthy.com,1977-07-27 22:00:21,95,9945
Gabriel Baker,Gabriel_Baker5139@deons.tech,1838-02-23 07:45:48,72,9946
Percy Pierce,Percy_Pierce7339@deons.tech,1823-11-08 01:30:16,36,9947
Carter Dyson,Carter_Dyson9056@twipet.com,1825-06-15 04:44:33,64,9948
William Young,William_Young9426@nimogy.biz,1874-08-23 02:40:44,18,9949
Logan Norburn,Logan_Norburn588@fuliss.net,1958-01-17 18:48:58,65,9950
Russel Selby,Russel_Selby1436@twace.org,2016-08-22 16:41:13,22,9951
Ryan Eagle,Ryan_Eagle2547@bauros.biz,1859-10-10 14:07:02,84,9952
Chadwick Potter,Chadwick_Potter2729@naiker.biz,1866-09-29 09:14:52,66,9953
Domenic Holmes,Domenic_Holmes9900@hourpy.biz,1913-05-21 06:21:47,76,9954
Domenic Thomas,Domenic_Thomas6928@twace.org,1992-04-15 08:16:18,85,9955
Julius Fowler,Julius_Fowler1819@nickia.com,1893-03-20 15:27:20,91,9956
Peter Kidd,Peter_Kidd6334@qater.org,1917-03-21 18:12:24,40,9957
Brad Phillips,Brad_Phillips3262@eirey.tech,1924-02-02 20:04:08,94,9958
Percy Callan,Percy_Callan726@womeona.net,1923-04-01 14:34:19,56,9959
Rocco Cooper,Rocco_Cooper9155@twace.org,1837-03-25 13:48:49,70,9960
Javier Egerton,Javier_Egerton424@bulaffy.com,1982-04-27 08:26:54,29,9961
Oliver Anderson,Oliver_Anderson4128@famism.biz,1914-09-21 12:43:06,46,9962
Alan Hilton,Alan_Hilton9544@corti.com,1835-06-26 05:23:11,32,9963
Barney Rees,Barney_Rees5038@guentu.biz,1956-09-01 06:52:09,76,9964
Chester Weston,Chester_Weston1816@fuliss.net,1854-05-21 11:35:51,71,9965
Denis Sherwood,Denis_Sherwood4906@sheye.org,1983-07-11 06:53:32,86,9966
Doug Lee,Doug_Lee7481@gembat.biz,1892-07-26 08:48:31,48,9967
Phillip Bailey,Phillip_Bailey3914@tonsy.org,1963-12-14 13:41:55,44,9968
Phillip Oswald,Phillip_Oswald5482@iatim.tech,1836-06-23 08:44:43,23,9969
Chadwick White,Chadwick_White3194@atink.com,1857-04-24 20:53:57,71,9970
Johnathan Glass,Johnathan_Glass4984@kideod.biz,1996-09-27 06:19:17,22,9971
Benny Bishop,Benny_Bishop2180@jiman.org,2000-09-10 09:41:06,29,9972
Rick Rivers,Rick_Rivers4546@infotech44.tech,1988-11-06 07:15:13,19,9973
Ron Baldwin,Ron_Baldwin2821@womeona.net,1994-02-24 13:02:06,79,9974
Tyler aoui,Tyler_aoui6832@hourpy.biz,1987-03-25 09:07:02,39,9975
Maxwell Ellis,Maxwell_Ellis8324@nickia.com,1858-07-27 14:36:31,67,9976
Ronald Bloom,Ronald_Bloom2807@liret.org,1933-04-24 19:40:41,51,9977
Nathan Varley,Nathan_Varley3614@ubusive.com,2006-09-21 03:23:36,28,9978
Maxwell Mullins,Maxwell_Mullins9755@eirey.tech,1944-03-30 20:53:36,45,9979
Chuck Payne,Chuck_Payne4995@tonsy.org,1980-07-05 22:10:26,40,9980
Julian Bright,Julian_Bright6403@ovock.tech,1896-02-12 13:25:29,78,9981
Wade Mitchell,Wade_Mitchell4042@nanoff.biz,1893-05-20 18:06:01,68,9982
Daniel Michael,Daniel_Michael3628@atink.com,1889-04-11 20:06:10,60,9983
Chuck Miller,Chuck_Miller3506@twace.org,1962-07-25 17:33:01,89,9984
Chad Addley,Chad_Addley8714@twipet.com,1826-10-12 22:06:19,85,9985
Denis Burge,Denis_Burge8311@mafthy.com,1837-07-17 15:03:28,66,9986
Aiden Brennan,Aiden_Brennan9847@sheye.org,1832-05-26 06:38:16,55,9987
Wade Price,Wade_Price1566@mafthy.com,1867-06-06 11:11:03,27,9988
Enoch Whitmore,Enoch_Whitmore3461@cispeto.com,1844-06-09 19:06:45,21,9989
Danny Glynn,Danny_Glynn4362@gmail.com,1927-04-02 04:24:05,37,9990
Bryon Calderwood,Bryon_Calderwood8784@liret.org,1977-06-04 17:58:14,46,9991
Nick Vallins,Nick_Vallins3663@liret.org,1965-11-28 16:53:27,71,9992
Chester Faulkner,Chester_Faulkner2411@joiniaa.com,1997-10-21 03:38:46,22,9993
David Dowson,David_Dowson8310@gmail.com,1827-09-22 21:52:06,78,9994
Alexander Thomas,Alexander_Thomas4150@irrepsy.com,1938-01-26 16:42:12,70,9995
John Miller,John_Miller4500@fuliss.net,1941-08-23 10:34:28,46,9996
Carl Eagle,Carl_Eagle1831@bretoux.com,1912-10-08 08:09:00,33,9997
Alexander Clark,Alexander_Clark7340@twipet.com,1899-11-04 06:27:45,84,9998
Luke Ellwood,Luke_Ellwood1426@eirey.tech,1974-03-13 03:38:48,79,9999
Jacob Gordon,Jacob_Gordon7707@deons.tech,1866-04-07 14:40:06,18,10000